993196699
65855278
1288292605
30016540
2071021996
1605094855
491935422
1063934651
747532035
143676385
1711009472
1193367660
1591705258
1727914079
1938674650
480590617
852541616
1547684395
1844111342
1004830373
342742043
2086637001
601525547
1834800939
291459888
762205855
1730717785
876836002
1623306368
1715000756
1550350068
1653186558
1923374325
1822598885
1827425116
388939005
418952747
1198736826
1801058320
2028700532
2029657570
172028005
1958997872
1671311150
1832684529
617731987
611316799
203671117
319214219
552708268
1923243078
251439010
1056248225
605347713
1249618790
1169136682
803545585
2093912004
1337451572
1080843623
273441552
1524019178
542199820
924012079
765603589
597279747
1392607493
288709726
1638599703
952926717
666584513
1469275998
784603886
423677947
1869785077
686024293
367844566
450465570
171724734
791207230
602157824
1025944194
1676926801
1856645695
1490229397
943213567
1083425041
1121207149
1147069337
1709200901
2009248255
96745707
1361944334
52847743
567739682
955782744
1682503996
1373336302
280166163
1729772041
1501943742
452621160
1479316222
86085190
1331553401
808129796
5003968
207550628
905417670
759765220
653062129
1918215673
629069406
832791738
1461058386
886109869
1044959086
2000481680
743976723
1689993167
929076759
642535343
1096803548
1711483035
725597631
297975483
1309529818
1856235900
53672122
1293433811
64111609
1829408780
102802472
1188055532
1317240036
1278710884
85628301
651533165
1269421138
958351224
946095260
837761103
1818923299
738936273
108760285
1782133864
1572031381
1583411256
20045262
1259385503
1675687134
1853880794
11110522
1819808139
1289189153
1281851808
687604592
1479079661
1786068637
1796092862
301973441
1572528215
2124793036
25401757
1386464043
193887839
1491517124
719726481
582673345
66950606
607976520
1029562906
635365203
1372959211
1935541417
536745270
1480075368
1738889745
1614275945
1148187345
2115495465
2130183783
1404439243
1978782950
394871062
783337876
118547280
1959855937
328509903
1261454390
1260869236
476303410
1527439238
679194827
315495607
299415910
1738607982
694062468
206792179
905819304
303381059
2118665458
569599659
202658389
188546927
2117770750
1774518106
1430685548
642933308
1844913357
947298674
982274841
371118510
1518900316
1625185234
978631614
1177967526
779532002
118719269
2090643272
33839507
1872672801
847900770
1831295084
1902966151
1058629732
2027480429
2040161375
283154843
681298699
689936389
487406492
636501817
828073011
526216270
824905454
270594466
834089440
927948534
1083224905
283034918
1791378135
1863910854
735205379
2087026449
412661009
962498564
1593174608
325168634
2022337582
1273266131
407597978
26260787
886154257
2090923247
2099291565
1748822922
568185219
370641509
1046806796
1499471878
187913975
1872560543
1099458324
287357270
336286664
940860897
440943451
671424452
1696999980
1555021065
551091101
933355881
2079877179
2000834048
807275976
743394894
1085638116
1582838124
709548134
315561115
1623725818
1159781425
1960574612
1806704454
706212275
966482717
400984121
1772880741
1411337074
1280057354
641461063
45358999
564175178
499310950
16411698
1821960315
1962909763
2022574301
297128459
1407476380
79558565
499074026
1900759746
1120511166
1609392567
184386164
1270936038
248095055
123840880
1543796731
1727747038
471941727
904873752
622519532
597708327
1378076174
834029782
1459446364
481135611
178061186
534838649
789936905
1876163549
988793927
954110636
49759587
1436868930
392623488
1328571444
1512664201
1596070234
115102058
1319976054
574929094
1198440486
1588077478
1754751804
750842757
1293990068
321486182
1072902173
47104282
670714878
150023076
1140796368
1683308499
208889347
833372326
1666200060
1622899469
799426927
149177426
930288822
154422831
953780523
522744711
1661438718
713068559
1342989097
1466919757
302085664
1261605559
1924375924
1207284949
1300445334
588041980
1910857779
963169849
1010394696
1060406066
533509061
538845836
513827788
585375820
857319993
948951537
1008200955
1012417254
1084210300
981657069
1664561810
1531163533
1620243720
1473480985
721231575
1215174595
2096526196
87636244
419983185
524897206
649448117
1796757590
29589671
1109673578
337331840
758731962
2055950962
1111802347
1170664365
1472289715
1672459610
418676155
1929483674
243456184
904360577
1719759093
795053248
731623701
1376514348
2142324511
126423704
235973737
1206523101
835341166
1735419954
488546651
1409050689
267583691
1776800514
1848953794
525960715
261211587
2068278772
1780216442
94324243
2075653026
1393335142
1984325174
582469615
1656477123
173364217
212998333
92478269
443566750
1679168173
2120382166
84817106
662342721
1057856510
1840279759
566578771
2063286784
738225751
641378242
228854735
1817170165
1383637068
666766916
1112739028
172488427
1404225416
1783506290
2050899015
689173019
704776408
720907615
348739439
619086258
665697212
1741966032
1350164221
1566739496
672180301
197630319
744995918
1675745085
1244420795
1144242319
748878591
863991953
2013239925
1457047643
382192735
260592212
1647175348
1068262134
2013913089
1999747637
902464216
15012149
275401234
520110503
744835888
2146349369
1036250580
1763742088
2127565004
497741427
892832951
663910550
569311971
266389489
1139308743
1486169254
1421389660
1651882807
2069036769
1105810870
652078468
1705155639
1438317047
1863072579
856264329
1584989304
701328344
260426323
418622317
1749776959
1663478054
869371182
1288584832
533882266
567926435
2028162142
1536169163
765246090
904645074
460905520
265910149
2122943751
1058982625
1621317348
1902446441
1096706659
1710338654
1910793647
2017975965
1140919021
2016124477
30379539
1108995717
1400083127
1329846778
383044634
792763802
595049904
1649567280
527371790
1659051435
177069303
1662569711
1052805721
167791236
974425432
1375404207
1797438461
1091026093
611203021
280341902
473665560
1274127039
183737886
1898279871
651869378
1980434626
82830272
307923724
332551798
502976530
2002528041
1532350064
1820161087
202866999
1883753031
1322862271
464296247
353318562
1148183783
840088563
1992451143
1432921184
1704621753
1256705971
339323441
2022108796
1973209500
280672396
645595468
1610517143
877841844
115477260
1329516020
1475438583
1284601109
1395022452
1481073960
259701595
72369361
929660203
654915069
770957910
1402270613
893317823
221224737
896648285
2012406705
1711387200
430818679
1709863470
1350927985
1271909924
453323397
803607512
1209884678
1721598040
157171553
2080269281
1151338029
1426728758
950472562
91911229
22280802
759171952
1361041479
1166568258
424905665
20800312
1841242530
1428724295
2020721409
2132275664
1620377919
1615741864
824177049
1702985113
939234577
1962610273
637555527
266074661
1372996987
903150685
1884066285
1185099170
1282208373
868876107
1148635847
546089260
391216690
1226977539
1583550121
1403390399
352606849
1517570081
276895569
1721855537
1275418816
305208628
2104201285
153430087
117282887
1500839037
2064953644
2000846956
928034139
1318739503
1998214278
929394759
46567910
91117216
1157310960
487594629
1555320962
838947360
1401058411
1150326591
955364261
1621132660
530050288
169191593
1794153769
519154385
333124284
1331476
1412035990
914588421
658525938
1453851436
206826548
519749499
510509512
752931951
1903217694
1412197135
2107152244
1402484321
29800755
482233436
597681842
903386656
1878425949
1688403052
1415425443
1099434484
1949523681
1637924128
1265883034
430890229
1965199368
93358655
875355819
2019598322
1723637962
1764732526
1554323759
1148749301
364619374
971350085
1150593841
1547548082
1376344935
1642032498
135317886
119911530
528173167
679726175
540612399
566727148
55338108
1918509576
827777284
1375651203
336268407
928114801
732329111
1506426276
1934444387
1482674751
1642195654
1343143178
1373224352
597852183
1374333454
1799084157
1027640851
1455495773
1550867614
1584213870
731675864
510929837
1252184086
1000973418
687032711
1653757550
1016138806
1738574755
1836420071
2081202362
469944103
1359566054
640886098
360736107
1150447752
1396395742
2039735147
1939373531
184963710
122628113
523422367
327319722
1635466552
815067730
150619311
1173991729
2020144804
1727023893
1372387405
683774501
693756332
58590506
1370032062
1700648139
185481819
42771841
35633037
421597746
56779477
264423496
1445745396
2134316296
563195681
1345139583
1526064039
1012043408
482147689
1361791422
71906528
41447777
2034383887
25165765
1047236924
1295526511
444690421
433625453
180540855
1477807307
1102824310
1702617654
1278056725
1117776107
1899799613
330082242
7844645
1317989130
452755633
1193647752
475580435
1604105145
14913332
1965725243
1735256714
1255979187
70896238
1029966586
1746715543
1657879027
1080521542
1445845810
349789232
1095116646
653261798
2112063649
1384101301
2011838160
1331848972
297391353
1306809509
126010720
1275684969
558943333
610752102
2062125547
2121060152
987426519
1801719102
819171777
1000024521
145748070
800343167
771116734
1388365007
207758856
997762601
537319193
1710132047
557776098
784547151
1158050870
1548415606
76814838
712677629
1066004137
348031744
1944532755
1900928295
985747253
840845574
1497706071
1930253465
700667867
349470525
884690322
1446755809
1823319097
1575686886
1729428739
133146411
244501
184889416
433420504
778404275
1584744669
1220125749
1282204879
1006658776
1519802321
2124802421
1548398925
588741971
670635057
19900329
2101721770
1791620145
397529379
2022393697
1566180637
468192446
371400653
387840871
372400113
2043521779
955896855
1597476900
1348658224
1811305652
1224332719
1451449866
295072956
563084685
827610229
1992139834
1871861381
1520885078
1290130959
1628750115
338131057
621285970
372665227
1387772641
668134859
768218038
1187252100
1383761251
932008425
910263751
1426423949
1565506224
142769963
1145356371
112969428
858572227
749209532
1782307925
1269622015
1865390224
491778709
892068861
1477381509
1184814031
1908201391
2047911214
846726914
1368289020
1286811377
1377303821
1776649766
492921488
1553437877
53015624
35547290
2140068953
1340886875
172481570
759329411
956816124
2102336318
1783488089
1714213152
1694354154
615973911
1652553579
1303839615
1725507516
959019035
801860627
2133713787
275047962
1493473752
779890522
2041952287
1322094920
1860120682
310680118
410333677
451774942
1091229293
1515385088
1121684064
456174395
885757934
1179675409
1432621645
1732603786
1151292008
281225834
1670417298
141186187
103318469
1992315601
2037038388
1641940408
556984400
743059870
929842863
907261206
470881450
709795505
420020532
2135827067
1547938942
281319675
1089732722
208375572
1516311097
254172519
16538688
1600443066
2670944
1789049483
910659812
1237968911
12496349
454906448
1577648713
1265115145
1534760271
1018074076
310859730
92579329
1305592482
721600256
775225826
684989708
77630184
410812492
43638069
665413759
1369437140
1780668526
2086466968
596901651
1034011894
1862064703
519379392
1048769748
193003289
1863211782
1319647952
1930440241
211352144
1312543791
500035684
1408488394
1944634182
1443804864
211491608
87948009
38812911
1034280350
20286979
109417693
1036661021
1871428188
1318351001
1009835455
359409582
1759405654
1688744233
1856424270
2064134443
1212237448
1820195544
1071661802
408595740
1751809036
1807721128
1827099718
1657463116
526696284
1410898182
960182787
490278434
775832068
2020848642
1624451916
186273163
127146185
725782441
1266643384
1394340194
1990671480
1968299249
806198282
1977660862
1322714992
425247874
1125985136
2040395467
1109325504
574113717
2003147133
412103157
1520754755
1560775062
2035712358
577235967
62059655
124850331
288547135
1273857938
1185126018
1125010814
744825844
1386187504
1560033259
944138286
770718598
439683324
253242713
357860224
1121874438
1499693084
880324895
807231613
1093364117
1656411851
586306947
998679622
502823895
268592615
402731511
1253036928
304048305
1995069795
2115679919
2036236467
1349805086
1470653039
414260668
1191708634
16223311
2051133471
1969665073
463893384
926144413
1325520494
1591867097
190417456
655253175
1467182334
2007167122
944467234
1031966767
1152806000
305609270
1729623706
890555604
1408449931
1944681372
1799947069
1332247808
1769424381
319338487
799587743
814779164
462792805
168210119
1742478177
957632482
302952631
1520097392
1440297403
1937067876
617792055
384987611
353858684
764171698
80245903
923018620
361584046
1531762424
329230145
246571838
392862520
1910707480
1555325343
1539940457
1718961965
1382082096
1492550772
940743585
1810796297
1635086337
1456628977
228885283
2059774901
594288314
801134650
1168925021
961052645
17532798
804331352
756051174
2068860680
1717457436
479960179
964617652
1701060237
1393524094
1409423581
1628085794
1662337918
116521580
1314430621
355115813
1516124751
485487074
1415892039
1812816473
459497146
1070316140
857870971
226022588
1536488096
68305077
996712550
715356327
354438523
370338950
194482101
1710571051
1934707808
1019320486
803890595
1764127498
1912688272
43127446
172171339
746001718
457045895
1514006510
392779358
1699651074
1534467766
2015790536
1198602205
1226349379
503103174
688309676
1802778357
975854026
2019220867
1927514675
2118152078
1733558899
762699174
1110848463
30426004
2024463313
1808991715
719236108
211210452
2137881866
1994560739
1487071349
1546575840
562994037
278675771
998656323
662421225
1089605934
1868928938
633492996
1106770623
1092333868
1214915092
193390354
613360821
18143818
1732642186
1950870126
825049311
1639482165
530814514
1364285600
1458381352
156989378
1525873820
1696743471
212786577
1053220465
191009060
1299958920
436111586
859943783
1004030753
858149854
1212658702
105647732
816488252
1471391401
624534291
976171985
227514495
872139680
789133904
1589710016
1979924940
1620917794
1168744557
1328869725
73450410
601528493
1775068373
922922731
847940836
174469489
1361185139
2079924329
1160788596
536280700
988548938
152415411
751720269
1808537876
2091778509
1278436149
1772969542
884175354
597481608
1458844179
1413190611
1947940715
784435883
1626243450
496494792
2141790920
882371389
406915881
878361980
5653933
125593483
1941485980
834246624
1931471043
888301393
573201421
1502251476
686587114
52594669
1218488140
1940833978
2068201354
379569962
2078008375
888576649
1060824764
1238216220
805679317
199682335
1349499468
516480168
582206755
1421737280
744041069
1556382843
1658176543
49072082
1543476159
1032857556
747732213
890605803
837772693
2039641546
800487860
627445047
542234123
1127628278
1914124423
681967623
1295201455
1288603767
1873079982
241114617
1109403163
460226176
525103453
811886538
1624925943
29310755
911089886
132551830
130098978
46439480
1680255322
1526773557
134804890
1441221964
2145976173
981672194
1471015593
457871612
365798639
1407995961
1122008186
923523315
566288606
1873406906
77482801
675775036
413772294
256027497
1996341011
1502013332
969112234
1982476266
1265807392
706292866
631871493
1643533127
1688544176
563160433
1751244986
1406517622
730580658
844036652
392238253
567632618
362910486
1671603127
47109968
952488565
712755334
1569364826
2140923462
1642085259
1644574389
1066764386
315175118
1794514625
371683126
2046225341
1092368413
1378015340
651387290
1878041882
93982480
1173725152
218505398
1651357851
2001288504
1407412811
88208916
171337710
2059535233
289804515
713043425
1000905712
1119965255
1435805084
1732789267
1150964838
973331435
511965948
1120264166
562715772
420315834
2135296638
1112350652
1924898353
178935969
1045209863
845436128
1183794045
2017366778
273670603
1890928725
65670701
1200216649
495870491
724986673
186620456
179263057
2092376116
116151507
2040673064
500130248
1868698333
871724446
452674000
763614916
1376157806
1545047523
1800184496
1815489620
1127833663
2082045376
735256056
1605558681
234114729
563740199
853512016
787492743
1324796234
1116513099
645635430
1772005297
523415289
295864863
940990998
298732643
683539935
561298168
241488700
240041143
663817550
735473921
747582379
673822060
1331827008
929842857
593249167
1582792261
1907081896
1548822450
1255758576
324150721
1142328833
1143353489
877077865
602017414
1654921351
1732123427
2145578728
1061576301
963756493
323824996
615462011
971574080
1548322844
380134656
1996684956
930304782
463152928
734144827
532879580
810857394
1488711992
99830421
1624393166
2014252922
1766378675
1139860197
1484894431
1973793978
229902597
583409407
1193572012
1088581123
214517614
1186413779
1385144167
97417543
1382196634
2026003171
2134857595
1792421713
1803088527
559537893
1573972381
1274979378
517380261
1097061713
2020558669
423143958
559292303
130270431
1194494184
2087483137
1312399889
672148801
328588897
1069787658
707319329
1273582145
1147141754
703560084
2131977645
1943512349
1880980457
1205263787
684455651
496723637
1277367416
1258015102
2065132708
1827507395
1326837668
962478497
988382901
989654585
2096539106
358702767
117852871
1680312252
826222946
1661362099
460788840
737437774
958184682
774211240
1367464168
1629385174
1641575418
1838190009
1989889674
349299643
1568422847
1572488986
2126853739
1596564000
820741017
2011205054
2048634813
1512821269
398973472
1543174754
757823045
1686416472
1138975701
1379225460
1493673203
607351214
192867344
1949207864
1965812063
1536308441
1005247877
1864307617
1559125958
1105191219
1781966502
82895270
1900001129
706489438
18445574
1930260444
1042651321
1791211657
1522594829
846658631
1906270467
1768333485
162956156
209095921
1113887515
1840066384
1896281839
1915969637
1964810609
913519641
600166950
1718939113
527012945
983554639
514548534
1744542940
372106282
798080664
800793526
945834177
1369486296
691291312
1102393103
404823418
153767590
1083109885
582288258
732924995
1783386656
1252914997
196849888
1305000131
1620700121
448392391
1410191663
524322999
1617465442
803182857
1359617501
816877333
1186860875
1476302545
1274153577
769631359
1999417581
1981564957
1078003476
983569499
1035437263
2074567916
1550519625
432977291
1674826954
732469899
1987033745
1660239466
1187126612
71150598
363113857
120414766
1903205059
868028889
590295132
1094373849
1335206082
1188579519
173186966
1160429807
1685172961
1247311011
836706889
13706012
1492033199
761907578
1785675067
1137302537
559732715
1319958911
67294702
699582712
1161583870
1547286950
1523259637
860442589
656790284
31968517
1483178215
959009861
1893593835
2043199243
1927348787
1212259092
1443197805
1190126129
1224411548
216585115
400342574
1436823907
1541023229
1325648405
1565641058
1270298684
828436722
1337980574
1123556253
1024533296
306273338
1687318136
707829889
491525957
1913720404
1664692471
375613110
918003678
865058281
1173374502
345925217
2023645064
186666606
1017428152
1837888919
149537699
109725208
369206666
147746361
1847754428
2117912047
1512349959
1980584342
487369159
1062954898
497144211
2130286653
1988954002
1066262150
1331952218
980450910
126119237
1025198933
1850471903
1409079359
570096756
2132212170
1927501007
1134383592
860810751
136971796
1625344880
1242352802
1031514162
1544585538
930516993
1393607098
754323918
1977748239
882465640
892974779
1914022748
750830439
2139142807
1284303464
782155694
659490958
632713177
1269500204
35628335
1046342632
128961820
798779748
2072143953
368738433
558372012
145180783
502244300
1934088278
2043123888
1160154190
25725427
154889224
631334308
245234952
2109927543
551153392
411768714
1770736573
1587245422
1225475764
1287258058
256200136
794860155
43734770
988178724
146043465
1053327563
193171909
1299030631
1787864022
1159142716
130529872
1588797038
1744425956
1678962425
1042157204
2047876437
263047673
2134728110
1845945369
1700202223
1505563088
602286911
1412528750
1459030796
502056374
331461865
1434798831
162016998
729056825
1948305639
479943162
1386489783
1584633463
745511115
169695768
1899548404
785760265
695883372
203402250
1958880713
1106062254
928679191
457686948
1902150833
413279530
1386889496
367131833
1888520443
181319932
121372456
850605523
1803503486
251836125
218050808
1397358429
422401975
939363129
1791462796
2100757377
848765362
1704289061
1211305733
2099112946
347525420
995002994
2117168237
2085438166
860043790
17532194
1411684366
1957967990
1966569734
1447538959
923726518
1659119002
1975771894
1658862473
974232721
326493407
1115658320
1553974726
1534177570
1300494815
1081434128
330668181
455856800
1420815697
7453364
1117589421
1273024102
1056849375
1264490571
1338047095
844882943
1467971168
2078986215
1176602824
1146111115
1929553008
1600564033
1310207300
10074348
401343843
894193484
1087438617
588818812
1962256227
1709111473
34525093
1025083051
1715117274
1112485969
167631508
205798626
2126277123
1693833483
228363361
1279753014
1077835007
1229416658
2406576
1272183199
633677830
601225761
349426868
1943321857
1915445784
193751516
315733355
79311059
635505407
139302788
1400308443
1204765059
547719706
732153945
352210428
1088938036
84280724
1088967506
1521144898
1961993569
49024928
990627986
563907932
976469291
813680064
1389308621
756679949
1885717964
1670145071
754318147
974741109
739014869
454960305
1566507110
1026244754
1274265869
1503556638
1537962120
553470669
557504425
642493241
865337177
1958888213
1795979173
496807982
1706736200
1962079925
1091381358
1846559896
548205573
1283914932
264942997
1979183129
993050201
1794288501
735195843
283649694
163885611
2037229501
64924678
65042080
60649113
341154616
457386493
781178017
792505771
985777561
1001100496
1146071196
1233398583
1391088966
77846793
566327468
309411825
2142061380
762080530
925017170
1078858476
1215443951
1195731242
1989945700
936291592
2070735579
2075624188
1066171489
751356180
1175098651
359548187
1447520017
2146483377
393012467
262409217
1669942546
923627238
1663606003
1659973318
1559451044
471510548
558165100
779787899
1908181497
2070102809
66743689
687670281
1311600098
869600446
844604321
825841485
166790366
258893877
288410794
112371757
596869901
744184697
569831334
1844517516
1140526020
1566010294
333967588
1913531161
466875194
186532941
1819524441
1715917993
209622612
826008415
917415810
1114358615
449388219
283408067
1971892236
1274396760
575118328
223866331
1295578333
1083851061
105488914
1481681303
682739556
2069751235
1183747084
1729232580
1642547893
1357307299
1032964548
2078129390
883664255
1284226263
1089766761
1681862383
53768462
1566558081
1468815310
2037798053
1398837229
2054031793
274678906
368718939
1077883403
594508530
1645921444
1073910796
1672060467
958954389
1094754714
780229343
963338375
477566964
1252775492
1895026791
307608751
1949571237
662168975
1927263371
2000613882
360286899
949038557
1828945327
1823346432
1445882984
2009681891
43839102
1152072198
1973298285
1050417056
776760375
1838517320
476591010
2142470575
1429460630
683604137
1964082598
173330214
490832621
1818623217
1688160239
2058119277
1993002297
1142277751
712373162
198828022
1359817376
940757358
936261705
1889446774
1825500982
1187388030
2026015518
893626492
1913880102
139249305
1658112018
1332252228
1933605442
1737491937
1007282153
32063633
138003921
1291800559
1879528063
1707042948
485803665
1015055772
778727468
1610590178
1335190397
1910283057
117881036
1517042745
906512110
767690681
321373675
1838150622
636754318
1883191218
1104793950
1833885384
1053271258
1553122727
359868761
717262888
1480837752
887029464
1478025105
156904771
1783555690
796896575
1516441329
1222192597
2130390481
1866572839
1580652325
82589038
1293866788
1879518041
1623780198
1011098255
993596905
1961521588
477217562
1128162817
146086674
1515912960
613710455
1051755121
1097529259
1972099867
1735973159
1847416579
51768282
180544111
1001966257
1044996708
296665346
171584043
1684165058
677088022
1956204837
59903392
1519861525
732329154
445480867
2107201284
717208990
346844626
868817357
1769932965
2003742763
2147426767
1715452901
145910269
1846044534
910964811
1372147718
946245842
1192789834
1148716597
1333963862
1510419322
1578799141
887734336
1173641196
181116025
475365598
1869030735
1420655083
1556066428
1926595286
565614553
872203747
1647860675
1314012936
389215107
558092543
1166723804
1165217200
777831692
1343618760
635365574
68455202
725354362
803518463
245930354
230093562
1517171479
329161727
910013082
238420565
81729255
14376821
1063699793
1378019533
2101746198
219075503
1287895977
66195791
509708235
476133676
146311012
1562870743
1204529353
1051171439
1543258944
1667254341
1704664093
235297287
779561463
1435375771
1233619864
2035933743
901537036
1788794727
403328107
941849079
664404252
1662531813
1867033740
894731436
2049157828
2036984853
1602007660
309093629
1182668650
1853923785
1193925013
2122558039
1408386332
1073136471
1901409882
6067757
823595291
387340181
1525204885
729267587
1007985387
101170302
551096697
1381092992
1476519954
396925414
1553790953
1554933664
1295307161
645087310
953721991
1463830462
2072483320
1616936938
1632517734
1662832608
951697439
1737065051
2114183441
1682210132
1541865920
741595137
367136992
678204807
759635171
667974397
1656065910
1561541151
283389836
2097549629
149135445
212624626
563034853
1463781419
516995421
71084843
545545002
597192992
1760186256
1042485658
1078429057
182170276
29542390
116289100
277867647
1315250811
885546917
970960633
872293432
565651815
527935406
1999706893
244667887
60259684
1211464551
827417149
586435988
358139472
1534224341
82231756
2039457637
572076247
1884892209
1732016608
1918694058
813360304
1247644994
1085031616
143297963
1057815338
1766417044
1411502173
1780602286
249194507
1754374121
1572607282
788169982
1598843811
2052557675
1474309754
316949809
223660048
185954642
297390180
1004359623
1583251745
1921939444
1791474936
817566864
1868236270
1911545822
2132097401
1878490309
1904214307
792784415
1958088568
732091479
2006897209
1925131821
324314868
1011656090
793725050
2025665306
1606980966
2084163030
480337794
455903283
1102203953
427755703
704899
847685497
284253457
958942803
727985844
309072896
1953249998
725083027
299941414
884114463
196247842
304882449
1400365374
1553096431
522326940
2062917890
1044549145
939322432
841248708
347948864
2073877065
978409241
1930152752
1963693962
323240364
1086215445
2005565213
72035935
283141077
793520781
245012597
1216545002
2132238136
537366499
1535112739
889112763
1566337891
1932093891
702527907
804994065
1592706309
1570245576
1180663626
80978527
192205504
824934045
874710805
1432769157
2128984129
1517942129
456859948
226335312
273322281
741994347
516388262
1392417466
1738395850
1977290049
1707839970
1512658146
545461857
1708949258
722168402
1951404394
1676354411
1234391757
754273826
1755662057
1782922594
475012764
39586280
712956128
1220978786
1032308444
1787447661
1722429457
1410251778
1625763898
1728247517
349135552
1708762523
1716041570
1647503350
2052787128
1522781101
1821792648
174552850
592944651
1262057852
1592950527
1016285601
1840018793
1729883370
556679637
1642612193
221641027
1927558769
1428287124
271699430
1392462275
162534441
1402746744
1395286170
901488564
1609421045
1476375
2142830266
153127530
1820666058
1797966963
283999068
1576783012
819975043
1939338289
1465635880
1044790122
467773327
1389091744
780994988
1297492715
224581375
725972746
1763537703
975858907
137406829
1598666522
1219112909
604876359
676652590
419208724
1397765116
1979177398
323537077
2143204467
2088371724
278223307
1062606232
1545301698
1238591345
1349993153
1106778557
839759057
1912521485
937556143
804882412
1227652811
259151462
942333004
50041840
1055331915
1488377260
2115774075
1122956203
1813081112
655635691
954099475
1335069408
102424228
412666050
1565617448
135480527
761620738
669662683
588797975
1641996875
221010174
1867294449
1819140795
1538702072
1250783965
150819052
2086536537
2128941516
1569976053
1294391212
504032184
1913869009
2050563950
1035840400
476185310
1050035223
1506564934
696308527
1555737399
1076151864
376543300
1078319164
1227328114
1176349291
1479531853
1251239085
349001721
31490467
394292119
1534200252
1070209501
614970789
1411182600
1451634778
650990154
2033035860
1232541036
849123553
1616902611
59774098
1883300171
732822913
637779585
1285729930
554454128
1921803621
1164837612
191527259
1970833661
306193468
1770251514
669721489
776275503
444791444
1585661588
1761961809
752258488
639017309
773822821
1542586693
738542667
1964416261
1261822828
611924870
649794405
1452031758
1181147812
409305210
571643523
1409331202
1246215506
571807450
812950878
1304254603
699951003
2018359699
1219850877
719517144
977174041
1682093951
519806130
2098490388
826216196
2100008850
1962524479
928555369
1559940199
1891781658
394444620
282592498
289464133
662387645
1884586359
1183842087
643047041
124400859
1370005495
1434319133
1214518929
824291588
1933270226
206143757
1790251957
345675724
711465278
939549020
1433801842
184202173
1410900088
38244420
958137846
475197375
2012295099
111511206
494637419
1557464935
1201307729
340201586
896800285
1070253237
827020174
671647744
1333009570
519361998
1561214599
900297649
318796698
1189575238
616585043
351990400
1601548603
2015210969
1786843949
723605909
461578183
315932989
373816572
93179348
704038391
1431947024
99037887
1368777368
454821918
161291972
107701417
108838056
18681610
1763954920
1598470212
540155404
1219587724
1958792175
535906510
1822363508
346584119
587011821
805376183
186808176
1705356708
1904775673
658583884
73043356
923742170
1798600339
876270775
888165893
506831954
264414303
405856610
31281537
516051899
1265721254
595150776
926458157
1532384158
1403388573
846139472
708889438
989924298
246776663
391867835
1963164665
231472230
1009236580
1938790102
332418244
397251741
414823469
177977512
1927849372
2138920949
304184466
120284141
650725169
1702948024
361213128
299482390
1532174436
980915627
1954720394
738204365
25200031
1913827589
725294957
1530862767
1497093949
385157914
517098414
263512814
877884652
121993227
964674432
539727070
430312592
1270507452
745740108
1044200465
815511061
1315745808
169008716
496798143
934776001
1172095432
96190080
1407525679
80294616
1885060190
2082513011
464108477
1396269250
1897477981
1911498478
512311298
1777561201
131045249
1573162403
1020338986
1765746238
1683089992
152148398
1566709435
1254681096
1526727502
513531121
49326780
1454802367
1608197384
1058314342
1945257601
73224090
128329960
784728183
208058740
601798171
740345999
1131203449
409773563
1312958766
1825999589
1026497276
1347084050
1558938042
1032044967
1250327564
1867891750
1105529489
76879657
1559348875
1933815556
1379972240
90324760
680775490
801673551
2015243661
1326279159
1254878988
672083367
1876582989
1362775808
742342010
1746759795
413204565
1708509456
1489701345
1970456362
602821499
1163667072
393497044
1753622130
1705365779
1229200923
1583949432
304808869
171027753
483085442
1789505079
951881514
403296941
318428874
768119543
523955970
1250450969
1288471135
1955054233
1172754808
504569974
498675143
1957097154
1557585078
1857088235
1702503871
2024925380
455424364
456203664
2127944148
2139748115
1192853957
630019689
1785804497
1939957619
932998944
2109539278
787610821
1335720678
1245060787
1905436701
1663306209
1289717499
1219724588
1001215914
1987964192
613952809
1553470182
1493120402
430759055
1829720100
1001835535
869389019
879708256
898321866
705817520
961114643
561917532
161054354
367183270
1629756198
1736574251
684088606
1328232003
1495928774
1917277273
1054331570
1729262737
747826515
557068212
625442673
1277128220
1231282644
78338073
1434623857
1762126475
434447894
1110356190
1459755347
1463429642
1713162193
368784548
76806602
1654049850
13595058
822012794
1889097177
319695550
2025118877
716308812
971754722
311158859
1746974102
1725748822
384991736
1814421586
455560727
1156584248
815632160
1874338660
781381288
1439171754
1210559168
1427018304
1096928425
1100292274
1145183178
1432956924
729522571
1289973346
1789102793
1702378095
521009003
1680583889
1064695494
1582635126
316110939
291202566
422786226
1947169209
2073020857
432971022
2102418909
1096340181
2101394503
1767061361
1007447905
1505431085
1622204452
1956012497
1334552770
538784180
1414582814
574868026
1715693428
1841083174
1619425390
1876208066
2129548925
1949514962
828123749
1742894830
720662287
2104506306
1668982715
2054329465
1024385708
506769019
1879852216
2083741289
1218230507
2113953176
2031202277
1335447301
1201689742
2070657373
454741512
1179478310
1710821443
1324922087
1565364163
1263935346
1929624569
1852979556
47228687
464111636
148025144
984176650
2013880614
1244576517
2146382196
1224782982
1437755815
471697302
2002004409
158711974
1936047303
72188823
395210196
187959606
1691054789
1819495257
194501503
1095295243
1054758384
319452928
157078742
1643216096
818827218
1859392534
1606321069
1474918545
1762789554
622320244
989577425
51571025
1853308766
635825701
174585824
2129281055
1275332407
1752438332
993372486
441549721
1679096839
1248850472
2102149461
1897711825
2016981060
1175001227
812383630
318200183
1948510427
486151591
1280100317
882197765
1440337555
13599715
234498417
65409192
1779319811
1909534041
1199622695
694499189
1405247606
1334190795
1379978800
1626701430
2076284129
21537421
1816713502
985914374
1092265784
1008098051
132524968
107494007
1811728880
1392243471
730006001
1481055349
791326074
861683951
2018714264
655413024
2061334564
672921331
1834422730
1764969533
1498322631
726554492
285356454
1418102152
1681641554
1512703060
2123385721
1583613788
494152591
1750134927
1478981528
1233563626
1678067875
1114202744
235290531
206468628
2059034198
1472437319
1086033535
26396308
1114402324
784054534
1118222019
2025644959
1036345168
644949713
754498033
1663107049
397123811
1252669642
464524071
449463987
502767287
1907584977
666348997
2035438918
1729011241
573286276
1076034072
1770827223
194427539
1791361509
2035331696
1942617149
1323493679
1603334772
72836205
1662498982
1434785776
1282353355
1894093670
1238150504
905484271
220160427
1896923391
1070212649
716368508
784859990
2061976211
883510101
653929491
1766659967
1003701929
1435776130
788685259
505282781
1343461492
1544408110
23891828
428965105
1002639069
684317557
1589977587
261498370
1036861141
1858339535
908314582
741938981
178285832
370894013
989649265
1756261984
1461609973
1835229791
217284853
421535031
939190833
98845432
1594661909
756355774
1481778335
36320787
38367673
742415045
2128424651
1031967907
543614414
53786985
460933224
716806118
2044226998
1857088079
1968938401
1101149540
938705562
919856271
1294453620
93449647
1608528704
120118706
1593231042
1858324584
1849330649
735082818
65527187
190794684
1152602714
291717431
1183932677
1119079306
967372939
1332513327
1028245419
1078589902
238415984
1693689884
698996416
610241295
1075018535
1112091877
2126794560
1175245111
801007208
284997384
840429439
194489580
483576506
1442320867
833008549
916739563
1657036027
1275378637
811133973
2017665301
1471971211
1858266768
19848521
618659547
2075536438
1211177247
1233812229
2079250612
687032861
1898612554
1859577579
2026798015
420420029
554619169
1658271273
2030652688
455422381
161822872
860240361
1322046470
649894515
1408817947
770689999
334613001
2057070443
913288874
698171950
1907635027
1077226205
934556142
453652023
901462934
1278644157
785884893
1864446779
566216351
455580070
545042021
363179217
549572820
1645157662
450118259
1617346337
441441880
1488732002
1541914991
1551304317
316782244
514686234
2106796159
644778701
718991613
1495135588
1311240679
348007365
1780109960
121168895
387383447
1093328385
1169481256
2006520082
1384039094
1377343190
668756755
1072607364
948513133
2108249138
173903596
2140914367
1978873936
2062750099
327169254
1073235298
198572127
516767906
399013405
29308804
1858380534
1085698127
698602261
469566685
1453477843
595503224
1907768518
971336727
1210692843
878857814
529927047
844944865
683108417
2049454102
572787844
2095225537
1277777263
1568983360
438131749
1789592732
139322270
1915009043
1653098163
610424005
336892125
1454906209
1755679486
1565632382
1808616628
1423069898
312761065
190529619
292357659
1115923773
967729690
1044529887
1643308160
970831713
1708754151
1152262391
445607954
1873510379
1664049584
1525478228
371397126
445605654
443778601
1775168390
337063256
21603407
118229608
1793584647
268192981
1089962880
1731905987
90533554
1167732060
550496431
1326206305
2147173287
571540502
1198320503
1781263867
399031166
1305391565
1650094333
257260420
1618591373
1708280536
2116162793
1287552927
1009938166
1038852379
1208856218
392039429
1854557860
1437967853
1902172154
388145494
1484663221
248940696
2001146977
776927985
82682649
663426766
25212080
1784257665
553215444
1813788497
2066880167
996300711
1463497386
268210535
1292408076
775074575
1457970758
1341780008
1669821491
1405953882
1067863409
1275687376
2036131040
291525065
143322175
365713544
1033278082
1144975511
622198188
1233515971
1504676694
1804420952
743987786
1934448417
1206761488
1165235144
446426369
852831995
693309558
2137725611
904167595
1909694169
991558239
965530343
1116503659
1652312011
865451571
1522835723
416287116
75240825
1992256375
1631779433
1138488949
236595358
169661350
834654264
420174231
1262491162
1471336982
244727330
525380579
2010152633
231853667
509047134
1155882554
253033590
1075910972
299116710
2110845467
1945735459
918712619
1570762845
714075477
779163443
2087328077
731570009
514761619
1455727126
714884609
2087396742
1578571808
2042020674
1098876416
1983711079
1727574912
1554726716
1325076494
2031977232
1104175039
1375882554
1712349907
721484581
542080996
2025125345
1488627899
46421508
1322590128
158107943
1869607396
466211905
1546919198
1675238355
1749326715
108004994
475287821
1183703368
957641456
1937589265
2101292403
419931348
937475611
1714469377
88584267
1875904524
1373062177
1594196084
545246525
616816822
1706990199
1481910976
2002742387
2097224945
1095246461
1661227092
1920838531
1897588091
2131653816
481005804
1996803658
1815699217
1029717127
1322823970
602426642
1721047439
1650480663
1271281401
393715255
909511974
1017328599
1917257130
890416684
1130455444
535818131
1935098678
620023307
444078139
1035228399
1884872731
1718456485
1792228254
346651670
649788415
1602292209
987110587
1739982468
2023849321
1095066201
2032595284
2036518549
310427602
102951586
583390902
252972726
1676098300
787247150
1189929586
1195083608
284627392
1737140191
646911423
418919234
1505712477
564622871
756171976
1266625773
1019749690
524255044
221751959
609058486
990547551
1700734876
1529872540
1603904736
516714898
932131734
288855983
1883606136
204806657
887162756
878904180
821840501
1057428573
33904771
776228315
472092480
2034406024
1333887719
1368410617
1469112270
1038823055
347129076
1006183890
1935420095
858721540
1850746324
1287792188
1684961184
1984737519
1155946110
1737253949
398701797
417526007
1842321042
1382421013
1885190317
877798462
1778188380
1082556317
1669387967
104216485
2012139176
510561713
949425416
2046636896
230689538
1542934685
359889994
1587468445
1358399905
1888927622
18252324
325476412
2136051938
1674955871
127849020
455050085
576544886
1368861558
261001060
901201328
896259613
1676073489
1995758826
1102281761
434635723
1838891571
1511734344
156294217
308511298
551940792
2113138644
1358871693
1500074087
1177210418
396255042
1662842165
1184347361
1475688457
755443766
1649680014
1359428726
1962602485
412379770
35330101
823562554
2094675217
1161024236
1484602902
61368223
1619231086
1031698901
831105711
968991914
1607291385
1128749693
2128316085
518200718
2043287983
251998494
1695016807
1037920470
1353153195
1651237026
227313971
673613831
1737549936
1340987581
942210100
117661089
683402586
1649001033
904497131
1759836870
117346156
735887560
483063101
1069083233
903956068
354782305
1119651646
2088463136
73286160
1930164408
1630436667
1536797770
1563048170
1830657668
1007535513
1600621265
1765576056
1929173861
1069047479
1038877297
970624014
606725067
470535445
1349553950
1505573850
2043039330
1171546411
509357665
1584892551
142543222
812803155
1916270914
2004571538
1550540089
1881415216
127027114
1763936012
1639570902
695725708
920441941
1207429600
366627609
590266402
1026578092
665175615
1894117203
1909672342
307330935
146564023
528889256
1261809900
2132799409
363963749
2006414312
394931858
419523251
1753662377
1982672590
2059893097
970979962
1701173799
830389209
740402918
76726917
2008485026
1336077041
288571989
390811903
2141375179
1694849715
866404248
1279334961
1863215374
1729014011
642999127
926431850
1518817909
2020074415
2119335338
1557682943
1706099617
404566887
1622796344
974304504
1625115442
182797029
740273146
841364181
785763021
647120698
450148015
361532492
1307402744
233963549
1528646184
81087007
335751375
290470659
1098753693
1235190304
553381498
1429246582
255440466
1236426439
43384590
72076351
616300155
1856940662
464922383
993729179
1795248520
671670681
123388650
395072409
765410444
337543208
1116506150
84305600
1020930700
546063192
1137064733
609015703
1107087890
501679519
822814226
1551032705
349730235
2103328239
1888314676
147407470
975600842
518822423
273261219
2125803230
177769581
1344913407
2142362618
474200318
1214835330
785735333
674992842
2146139466
1803844553
1991970735
674506121
267133413
148812525
1060380950
1948963620
17868505
868727622
1240201144
520222983
1977153936
1226180264
865123578
164865800
928193859
1064484987
1520587315
842101122
1795725730
1435836154
2018015434
278143901
42556327
598168504
1279858994
550938152
419874246
2041628200
1141594199
2140824480
645379746
1869748013
584144488
657579038
1092599292
1501674620
32458823
615867700
189253519
1256336402
1757104011
740234112
1946858838
275941850
1579756579
1131745682
765145369
2098975508
1997564812
48553462
1313648822
935549481
358630021
843037866
1568851145
1721065624
508435144
2057009986
111980733
484886820
12057894
427864692
239659655
81775029
771064259
2011202921
1174845790
1874902549
1181731803
1289105810
245840349
544350615
650180049
1746158885
491635590
231376794
166807079
2102246945
1222497699
1181103684
974253213
203814525
606764126
1762821098
1336669838
1138466200
915841961
420515507
728804717
1435728265
1023411607
78198250
1196569479
1851015267
437223461
1939246482
2136918932
1338040091
1788834372
814125889
1409948323
1579231105
1739795122
999166087
661314679
1425126033
1715552400
362239478
677903343
337509797
1349490363
1672335912
1988637509
249880675
1095510061
1027881901
1872144569
1700061265
1945534581
2000468890
746440681
765656990
1828783443
513716953
985769851
966866807
590561136
1654670035
641658459
1161817196
2070776533
1786811209
523049663
116233845
1234947308
989703260
1920564720
1668672431
656078642
1826420422
23611634
697030025
1987754650
856864298
1934914929
1650259738
1466152986
1183843951
1036149635
625588367
1749450357
458322282
1983322989
1769553842
481446627
1439281741
1513622665
277777393
1895291371
328230815
820700667
473036672
586485989
1099251901
1283164526
744690354
363225742
546052627
1092121002
952437019
1831122664
2055649055
1463298921
206965210
1733683971
723390181
1276535376
1969161158
1247499297
990720272
449318569
888283331
201715470
1694812577
526715389
1339798329
908283099
700778763
1067402526
673738751
223608468
731705995
1253615354
287933683
491002866
1543248821
1380275462
246401828
1279486976
773713854
658183331
1755163649
52441943
533829552
582851756
1724827102
276067812
1693054516
990170076
459284958
480150438
816599037
1656811930
1945653269
162477764
1640415085
693823382
633471577
1839302046
1753456475
1532222363
495201342
758987897
27521775
1368104737
935432277
235345653
2111631167
989606057
1406402627
1611003577
280155415
1565657204
1363490179
119952131
1330591081
560828043
780896396
709532583
134803901
437734129
829258780
1078506878
2005481559
772458089
349588232
1362643830
2076553938
147985994
1175992552
632070427
80620626
2095673886
144548766
1089432278
2093267475
173434073
1063699151
833460003
1129513331
1965627019
601413634
2129879455
699604556
1807052611
1746157992
1133610272
236854036
963900044
1900476874
1701960042
362024951
807663464
892242636
216831234
1913914732
624209115
2078803092
262733349
719696091
1977871035
628531710
1787399713
2035127658
2058559734
929683251
1563780685
2059831511
1896504064
1417426463
233066228
1681960578
965689059
1560168286
1593267771
1190245958
1165900918
304096585
1087134238
384458066
414024787
1004693031
761430670
1272759865
724764025
1401717979
1602034216
417494259
1707426205
1327822154
1449621177
1407069213
846000939
821617643
1020466692
428052560
884719496
1594012216
2051628824
555819727
2036092724
1817174710
1047961294
1161540216
175469763
812822244
155688812
341486503
1347653307
449126751
1729096210
1682102562
2141939153
1505765525
2093734211
1759267706
1409092812
971845221
1028696319
1034009319
898458942
786943127
191928256
594149506
641432512
1194208737
1549819988
167387581
100298991
1697815846
860537418
658789172
1190224647
527130541
992538671
1092570217
1307610357
2098110419
1795864626
623977895
1606184771
1869207241
869286807
169110862
1618965380
1393201920
2117889780
1509132789
59166722
138217100
2009433199
1981877714
1528531002
624125658
1342400489
947444115
1189926900
1388302670
769076609
1935750841
194473000
1350406132
846453711
958159875
842948983
1114292317
1867656849
1476087895
441221933
1687157451
1462472117
1099268021
126161133
867103377
1627306037
1624169116
1111975248
921339477
908035898
1571215230
44421540
1656522372
50225164
1350856837
696982797
313832437
2014916801
450103619
1258822156
1819249222
462538315
1255304845
90507910
1523482571
1607604023
1763948671
768317334
6861962
1568863518
236852844
1344062539
1013589552
1551473313
1782857106
1447177458
611220012
162809978
417490486
1340145322
632370204
1218497710
749685556
2120706878
1327977975
1736347583
1617344713
1613039787
297091736
1330886907
1598335265
1992157724
844381480
1707963414
914872391
1814450302
1931566
1476789911
515691067
408676076
471296600
1829319640
1639662418
75759959
755055936
813726220
1262676376
1875067201
1474467841
642171656
800038274
1584924649
747908157
1975941002
1716817662
2006340065
1735478754
1293778383
609170515
1264809310
1340911151
2019261099
303241928
2021788887
155570894
973389721
3842560
566960130
1273950470
1716962780
893234900
987188357
330536414
2141143298
112572390
319521022
913655905
1643093200
1808737709
46362887
20255443
1999452019
515343701
214670795
786623581
1112165324
1187044192
268247359
1300764185
287427250
626161201
1511400602
1490796459
476413755
1564972386
1616885987
1756934572
1891820121
256986188
2035090553
1229461797
1410450014
67147225
1910082109
486296526
234785381
424472758
444273048
569346346
1754692543
631637820
2037621843
1743920905
1602950312
719991651
1844478834
1841285363
1414160267
1625919315
246050201
605789076
187047799
196576071
91335044
1376142996
1224246249
1067736508
296900271
1115814498
12142508
2134110878
1522760926
245504863
298642964
1078389543
1608798946
942286188
1640994744
776016001
1504644511
280008742
1539411006
879889686
1821923420
1364123634
1956619799
1506197260
302796675
396517094
1467312752
1802007621
1084582766
1817683280
1565534898
233457751
1898999572
78375467
597146096
490900615
1456421889
195167771
1124779543
727430863
737134068
1579252020
1595875507
1623606965
42424936
1607684615
438773677
1376638079
2023509974
41208289
1925758034
1964641882
1525688733
1385672743
1170618580
2010975221
2099673643
1996170771
143995118
268584466
1420950896
1094069775
537414714
275117577
1654426274
859073655
1762417888
440191402
1854517606
1769720913
1131366052
33818041
1470217093
2002085423
1723279818
1441906281
411328261
563250109
1424757786
1527571817
686346049
121358966
894388187
246181807
302154211
1956256426
233102405
1412872873
262732662
719267781
1716853546
179639432
1392093331
791477341
1393610906
415734837
192515046
1729554140
1401034623
141606326
710275694
1961949448
1155804921
588063750
1817265911
673127591
719239581
1913099219
1737051293
956677526
776499246
1009740807
182870353
611695653
2015474187
239051863
971087032
1552785691
856709093
1097102197
1634025289
623372421
1533959373
478185880
1051690518
1259036413
1772194169
260651007
1623528647
1985283422
1998325954
1892315270
1822264277
2001659638
1537979613
1238319732
777245386
1920623140
1615314782
1882029656
1179419901
1339007027
2066896628
1602947090
1181269173
1384021905
1196163765
1167886716
466501765
1431482195
797086182
933286296
371443291
198883493
487642604
1984460314
1263291875
620728651
1489113453
757743850
594616309
1662973813
462907140
2040930207
461081786
1284809138
1777171523
1016936733
788037052
741567998
99970169
1778008006
1526135134
613224804
1291168885
332381265
599932785
223811734
881677299
1314460342
710656860
98509911
390234318
1121121482
262115362
1352712167
1913364645
1628079838
1223611375
1018081888
1272542482
227992721
134123232
246071935
268987477
303068685
445623340
357706610
561546980
326048464
665652284
1698504278
250550658
1463328855
679427201
1445548111
922109854
1045380306
529386772
910234186
1974224448
956322717
1408285170
1492872269
339293664
1450039697
1636036222
484290979
982549632
1495343880
223979163
129958897
1234955163
40496179
779946702
1693950946
1237187188
294618764
1811688915
917710213
1127019170
1293705200
325861800
609150871
1273230073
535916864
1689994367
1126468847
66500714
677855039
510972533
791565494
1727921493
1977724380
458433032
1517875923
854671817
325787847
1645224012
560336806
1801713276
1822092802
1315472114
2131886273
1986592075
990338618
1038843342
707439743
2141737439
103966722
1543693620
1135140719
558400350
1362718955
381658843
992706384
1184550282
1989088482
333697388
1888276072
905347668
294004449
1733697213
1779803586
462390863
963367097
731925399
1244759557
1286475562
1688098718
619530663
694753179
1591381286
706792292
1644289297
345932125
1093151961
1331953551
5804663
712566030
1251740875
246804474
863556947
1669139415
990120422
259332444
1370994196
1886604511
1378837684
689492165
1169097494
647147879
1563109684
1174320718
1938743595
1603787991
1114154654
1296339146
1849369958
1821231348
378680797
1967451221
417501947
959956586
1117255330
782087802
2131836544
1422425011
219321825
1787706629
1233955210
579010310
1478785648
2073983723
1038926891
2044230792
815046258
1781925182
2075151179
1356951330
531889206
1909457193
1598630289
1924013491
736481685
245598946
714504840
1879358629
812374883
425134982
514119170
669248963
141142834
495964597
665403726
1464218434
310881724
2039145168
1816322643
81958026
839801004
2001150412
2082794984
1223052413
320189128
1476915236
1856962162
1217265092
2132943217
321828085
731762539
650893118
268826063
495074190
1309635774
1355877539
257080727
1692105235
849684702
495872472
581784298
1626664467
1952815782
1692496127
1646244292
1237863817
1049125521
1493950048
1578754753
1005094028
497239583
1121044122
1542296090
889458869
1416578971
866574675
231657226
463927184
1882903324
50640114
521857728
276255045
1749232168
1329628547
662234883
448995756
1001706631
2134792400
124671298
1406565696
233124411
1645612669
733873304
1802337922
1829131016
1210108992
30791277
486888956
2118735438
1181969475
1134743861
403781008
486504546
159932972
1691863698
1608257832
1476510775
852902187
1503304362
586554033
685250576
169889235
451306029
615022680
143067957
276067807
1994445809
947446196
940380085
1306845301
1673801707
307724357
1355727461
2135759230
1818245749
1049957489
1268409133
1238403677
403308666
1543392733
305548527
512189987
2138035907
814611840
1359254062
472767037
1194519231
1782655069
1807252664
1803984452
1275773758
1882528554
464969339
1119862081
1482812246
691093069
946614231
1783866372
1656832775
185304864
464898792
1501849259
12281919
1303004609
1667536820
1163575505
338395950
1113775667
1360298408
2072031220
1583534280
1333506596
557620023
1856584086
39914887
407100544
188491543
444326104
2048156469
1224902099
115097570
1136941147
1753532720
954988040
112307264
760317892
577219200
171997700
1323508490
1936098895
177301614
72393218
64140475
290804928
1675369412
1905926657
340626132
667442172
1555461202
1480898494
459040638
1672860374
926282578
971799595
513758006
78923561
170457932
1989300686
1053846589
336945162
173246921
1183432245
1311316421
221293892
212047514
363264413
410995956
2059226028
1138122245
1665583569
607875610
1594238369
274475129
3820128
1479764816
1115759503
2096651089
1324691761
628016134
1961655314
1540215482
1701726478
1595402857
162062360
311242703
1593872467
133784829
869690051
961039128
2101751755
1474002239
1914581705
676986609
868458799
1942619095
2084939906
350398366
748237271
2084864043
1156760781
742305367
741060133
1532136194
26932008
216283003
551709629
185228615
1659528708
1491173185
1243692936
1963367447
377006152
158406192
1923101594
592504575
1595958457
1191912754
144264085
1651853724
1227767171
1261459891
1129385964
1209309739
1973756742
1265126697
1011863786
936963614
601738953
1148658735
998118049
1471312967
562229141
499246253
1941178376
55948448
1359053302
1246684133
678728821
1375185928
1376867859
781062335
1848566649
1519453753
590385726
870045838
1456917912
1737582778
94946523
377709154
1803655882
1907754613
1503344780
708105182
1423498084
1624562191
791402020
2066492683
51949622
1390024304
339482531
1495396978
838331294
1219308047
1990076511
1277309529
1246495526
398628009
432935677
32806129
1261148459
1473123565
1697361228
513122376
1595528516
1296991106
1420737945
1789415029
1939125254
1868145259
1362565499
1677390890
2037027584
1645120756
1872703532
1803371517
2047406867
1467409713
1782492791
1981177181
1010252590
1867757343
178406476
1395423797
487096556
214238015
1209618258
1781224024
1674194772
1844439815
526388318
1076037877
1177892346
2112445278
1230862957
1878012196
1372635370
285403176
589306268
461478335
455217731
820665994
1380477653
2065446907
182054078
215808196
1465160727
1111993941
1909465494
1275292859
356009188
1145908974
2003738412
429498862
386497637
1422796912
627669212
2072836263
1300366666
861006550
1969980761
1805652144
1964122379
2112058484
78723146
1503055344
1952348828
627925393
1834720785
1997333492
1669393216
1405540108
1173908305
55788048
343910116
1693174573
1811458241
220683140
1145951920
627534153
267301905
949335313
624893088
815595366
2045499391
461095392
291634860
286154582
1139078365
1463916056
455233219
1719246462
1425535679
1076653094
468218360
612102872
670100760
283722215
1985050997
209153289
153382074
216611395
440115890
1193925368
1816804556
1173014506
1562030461
2041780705
916290111
464553251
684730302
921818689
1731492131
214841404
1150745405
898635820
409113825
413617470
363780343
126525757
2043025370
179661209
370914788
1287732982
1208012643
1886161918
1480463312
445492959
1158058219
528223552
1273029502
1423845811
1460163173
966453576
6250138
1208040182
1949519372
1735855398
1366859244
117012776
406547241
59405133
521836361
762751271
830948305
1139379980
872974576
182092244
1334271483
125071920
1026064442
892299865
1340557795
1720158581
962894840
143368271
2080255592
1524948997
1289949104
844252411
1567209780
234805903
360570487
1957468634
1901183493
208975578
1120330072
497904788
501439260
1373486766
1482211174
120138565
1844884563
376465716
1202492313
355240608
207910797
148888504
1083541214
1866304162
1171305210
314436869
329530102
2099726368
942910369
1362403911
840832798
2123427685
755598187
1814552927
254125799
738041328
1248397441
577323369
467893372
1702441544
447709073
1684541223
996237195
1734279333
1375701473
425716114
2128618013
1376174441
641097432
563262109
1180508077
1811225823
1862387347
15379538
1622181386
826319174
800160457
378739619
180389381
1039162790
610936159
266521129
900215075
1817273078
201108976
435562091
384723448
927366240
2136904876
828051319
1762961107
484462797
42505556
186834273
1480184590
1235794815
637039293
688991362
1193029228
492883844
521005731
965035061
1694438795
617419063
1232459366
995039503
2107813601
1341582463
1255121547
2097842788
115401521
872929616
1915556910
1945293018
238143400
911613557
1452331370
756939532
923034053
5615493
914511340
1476655328
1614234840
5251838
1326131224
569712477
1544623750
47927887
1948222581
465915943
1424242532
2021943868
1789296423
453998313
2026783545
2070574098
989346695
477599646
2006707958
1083907204
1907849826
419492365
579544973
2059328457
719524687
817194762
2092444717
509515177
840989858
864046798
939489329
146160220
1981430770
1828782390
1239335922
380286083
1288270707
1321000296
1765566387
1043006082
1833779526
1014261529
694768340
472563717
1182702631
447659505
1317726026
1460113659
835270981
2113658584
2978180
154987133
1414914757
1919392491
719739006
1932052678
1803194928
2042866063
1706995362
1805221060
252013192
1270949384
784592819
399117022
1568209905
360353784
274435298
1920051599
621886221
549868839
214586746
20952094
1280352577
1885153268
781514712
1114936410
1644383235
272140568
384807903
1040816752
1319265538
437075365
529191213
1039713073
1324933219
1012623320
1921324721
1873853244
848064261
1613019464
1710782229
1808288946
2079986492
953869177
803796210
1859126318
65104732
558558164
1093732551
218492929
2018137533
186047553
1315970298
1962848746
1218534158
255584500
972614928
2091289238
1033974257
1959152101
1735573897
107857995
1983461723
1557222836
1340767841
1355880658
1455854748
968620197
534788602
2145558645
526574510
1778084777
1536941873
1307255513
1245041316
1916134845
1587881251
546496776
1310335941
1368622047
676440171
519215912
940658324
984944088
1663246017
354467301
477909457
1776364904
1190553317
265816474
254951177
843151881
264140910
1247033365
1252297140
1287900809
350977113
1488157218
1635633649
2009482482
525802851
1535967521
1335417864
1362577238
1733642516
1162294242
1251073252
214696101
1915240545
1053637200
300989792
1462565094
1222820900
481863834
282776218
760486714
825185083
412720830
768042587
1116805694
2058424724
129451082
589012237
1989759718
1418878732
1372742896
1947693347
1178432531
898664043
477309991
637557315
1413400731
717401424
757846949
1538746475
1812650467
581549512
1628012854
1081435517
2121582865
645888085
1468076154
571214822
1860890470
557343234
2139107229
1837805512
1446848943
1706349058
1475578713
1004603834
1186572537
1809043430
361620704
229967693
858989195
2129974906
999711600
506112924
594568233
992431137
1808836062
802050553
377259665
1763847896
176850315
767553279
703287037
1513334101
1409386844
490038867
1658890534
470095022
824376138
1897715904
229893743
617522267
980243322
1629423433
1422378801
794934910
250192477
565516575
120785058
1330216131
283148164
259027443
811587489
226910393
474303760
525451033
1183891620
1910702445
1636084395
1278014635
568938733
1050760945
20946007
1251015805
1114160844
2002485567
1733482383
884998843
905387388
1187925998
1164107207
1473659999
931289161
116259332
1383639877
1470685951
1338873714
197055903
529741311
392811688
2073250137
46995139
1681772830
1970939508
1513203094
1897355261
1651059349
104593630
1499925346
1394328495
108107725
1353207750
1664006452
238361563
46844680
427605599
1014319847
553105699
894923410
986090255
851711175
2125908394
237556750
763450136
341533874
1321510058
1747545102
758289944
1352463354
1811957728
2087085772
476810033
1033248693
1010560979
15536317
1131008338
873787643
1993931124
1560393957
33854005
1262931950
1595877577
2000422753
2010716255
1823162286
404179548
208048473
1040412735
158521136
2358308
548430739
1093006188
1517309235
738125760
429759001
101832920
1762789919
1002803826
128564210
799847353
1434480724
225699333
438646589
930699631
341294925
1437832371
5139239
753149561
1076987161
965308358
1242065167
168717481
1087190889
174799424
1743587155
1480327173
241868792
506725843
601363721
1287511019
1116037179
115785045
312955086
1571454353
1011225015
1117397992
1221861813
974054058
1186242036
537970888
1103998700
1626222147
1489340216
1958346023
528948320
560231834
1266364459
981840612
201224363
1911660324
64566733
208051127
1850358
1172773739
2045132667
1903026029
171647702
886094981
377450113
432334576
1854617245
1535425916
659481594
1304341603
762969657
1472883350
1096841116
983636010
1864406816
574010345
594270953
1124325867
1405175225
821462453
456579971
1763781667
370331867
1958212929
1533997825
1074225908
1185144817
2132865900
1405768749
731580411
1396663643
998183177
1046904620
8366451
899893029
1475929810
1021272598
516716007
1777671103
1217667149
2072308838
23869614
189752309
2068581675
269701415
1459315624
1796000210
1547778597
1320813205
982994949
1870914878
971053888
1900306958
1821728701
1454199782
1257917884
41572932
1183509670
301966680
1349762663
179216858
1261327598
2038097097
2005893290
28291597
757439165
490275775
209745578
1337784915
1561454576
1870718493
1872042409
1101574467
1971840931
128112899
940758181
1924075207
455197752
1087996029
1432778077
1550394530
318992518
198371413
1939500670
704224488
1218026633
636775521
70332616
1460530180
1950592419
1519867030
2069748075
639688088
1570578872
532862217
1749828907
1615589882
1692408503
455728922
1423031372
942788359
823082292
1754945769
1128988041
21786227
423805258
1275949110
1666039590
1190646709
1841301141
1151037150
1140417852
236924630
1332886883
1411303701
770610493
1890168667
1132943797
2095924795
805362623
7309306
681713232
1488990515
1876415838
2103553319
799087079
507260020
220267517
1618189255
700771480
616665559
171832963
1154440060
883532704
1718483927
65176986
444982926
359056904
1339780897
1003299482
945313167
1283367781
2002256784
593589237
1718405985
2056452789
1465550471
1912636438
730205414
1927503285
2035827243
1032520949
152517685
1599976788
934292844
481867812
1175280922
178603644
1019308459
1008752778
1249639276
1374082500
1413577932
272704300
1289125551
1728579667
128866516
373281287
807868616
1024768674
808735777
1268130137
447667642
1569821134
1930355116
372173479
1883997328
217664950
2138518982
1964917609
1446777027
605743182
421379079
429243092
496579383
1845659824
664507139
306392551
1227436294
1003695239
1186866946
1735234807
1126759436
624396655
2060232736
450503858
267713994
496114133
1363644560
258187932
1328209282
852771262
1178602522
1018557999
1044664388
1474015364
650320162
1299164013
75763576
120720099
220352403
672176574
811447009
154870588
69327798
1356541715
47381753
1168434237
988961980
1166063422
110686630
933663137
1571530219
1603578638
636320574
968428
1069478790
990089426
1793311114
319594229
2030838483
1340187009
1051373722
1290966761
1354977565
1380474801
2101866627
1507815186
1136720333
51960556
781552903
1635889485
299406218
493029208
826377823
1491878814
172740012
1344134494
40426723
1453973797
619721143
730502653
1322499559
1038134
1214763195
1250598157
824340955
1141496643
1986249607
438177574
1010009633
1365975951
1680321084
259027222
38506284
2055222028
1914651692
1100884721
1477743317
1933541385
970519510
566240754
2108255856
592388023
1147211242
622424091
980854734
358158747
484975161
1387117827
162411798
2055511923
1874533597
57608978
2130247801
1666663182
753905274
1236879872
418449563
1368239104
293808489
349466832
1672780231
892106682
1574095796
1360452059
1782058585
1243745842
1923708474
1080916511
1103211206
875131736
919874539
1867098953
1921396466
1041272306
1770632590
1548259767
1813974118
2136055155
1345951841
636222163
1727655575
1021919639
2107269858
1031645280
1767360519
1442401019
1016983176
215142483
736154749
1548771616
1626941126
397760046
260716873
399442539
1241914423
253758806
73551889
446015209
427100963
1129430271
1688991654
898884268
138727093
591257556
1089023740
621242618
1734662449
7879560
674717502
416726607
154142041
382209191
1037106165
1199600576
1022131909
65182202
1720617691
90203570
972246309
1251969823
739564843
1576191239
624330479
1902493920
1957596757
621274028
599113938
1183068371
982823324
2128536416
1759061592
1630018699
1626579719
1122125315
1504480264
610587584
100129678
489348475
203436787
1205770888
1336709887
2080698838
1379431043
1645941418
1477045632
1376686667
1961618649
773730251
71927924
1990506811
2098018440
2091591310
2054358422
792266527
239020737
1910073470
1414770537
745735414
712549477
1039138153
695739971
751852829
1847587341
1253536196
1933073933
273781756
40790217
1840517312
55007374
13579103
2085265993
844874449
1867877890
304869236
786008303
203342754
718562301
122848781
1750313729
192648132
2063004572
688435862
2134473751
126115451
242660964
518736589
1138243112
544447625
597873110
2088876411
1668159210
582823889
1883926971
1882089565
1670496645
1571778179
2081389852
1844896817
678157739
1308743835
1895203980
308274684
520932464
1279896837
956404763
882568654
1817275881
633013260
850821070
1664546925
455643007
1140565493
924452979
1140422291
959881665
258125718
1929338197
14001386
253076831
293411470
171557266
283502022
639800475
940074975
519772453
2012580840
431867010
785032001
556030399
884820648
1070896733
1301617705
310568625
514796451
204377120
1885778712
2103341750
1370937957
467783728
2135005020
910445852
307489024
1108739447
1167991665
676191627
121583809
574440755
1999649626
393977439
665865694
545873966
513119030
1555518907
815808640
1788610367
112684083
1132297830
1652970222
876160695
880228732
1875452306
2118771321
663697399
2135487362
443083282
575140976
1347117632
329346393
1534180180
939402117
783665496
1310233562
378266971
992551072
119924672
1140737382
927774063
1421726355
974554905
872874610
1871772036
1194047234
1699757808
1371345516
1951646447
1340595129
1579685462
1405221600
1104414520
649078020
1416537396
560354211
612081272
2033747389
1928815765
621917103
1422629524
1834617028
899131912
2116535269
1100312636
540907066
922142520
983953169
1751963283
20216197
1829180567
873429681
1900299195
110835680
553323805
1080139804
2134412582
1905507405
2094958298
1351454472
781881702
1139418792
1218770875
1876233494
787951759
721143407
1787378780
287862712
1400665714
366419261
1301291153
1639122591
1217923661
890735762
758801633
2066901196
1130873102
617320698
1687036810
1863134822
123451198
215912221
1370420364
710043938
696478363
624874122
309038482
1588922904
1819214160
539392760
756981970
914755505
1361064703
1491352929
1932019307
85767089
585592575
1854859782
86559804
715817437
59088480
325527345
1798878138
54968007
2047173335
295254865
117002978
1675035799
330189173
653494392
1812971162
1370524597
967536239
667531176
325879114
1990676952
186312077
1355425429
1042958258
2061708566
2133784863
483374035
96939465
1865429126
156243557
1461489929
1606614521
1910370740
1463866456
25396145
1733114989
1060429097
749621617
1059706840
1636330146
285752356
1534592649
1839330582
1827693577
359236782
1460762280
430655946
657961988
1397554768
327135911
1342760200
75163145
1865063364
1153678632
1444360768
221719905
1119586422
322447563
1505484659
611393634
107632740
1556590871
2034056826
170754732
1784540512
296603054
1130168234
930582133
516560400
1174992186
588883913
2009419602
743413682
43987293
1356100834
1684779447
1605360430
2075509388
2058282361
1431978705
641511635
1872288564
648693572
17771261
952520483
227728463
1440549774
1559876171
665739431
1324343974
456450222
1175897043
243198874
1195385187
606080724
1146247744
1640872454
473008209
1236911886
42260485
1998081701
546328551
746060511
1194434399
715332333
318224320
2046481226
1224830957
1103804573
704639533
1255005478
1379516941
984361406
50227698
144573018
1304372343
1879979324
1250894415
306946337
775756219
339703147
389868774
1697641315
1885545922
1132535342
1435708641
1399605337
1079585895
567875299
862532843
556218376
1816308592
2113675214
1497067950
25062650
495843386
1952777001
1972589480
508813672
1295638278
219061678
2058941972
40308680
321096980
671445565
1530973575
2030607337
197881108
1026170007
1995441508
1265143723
1669901758
1362505241
2079103580
709067553
1717950825
2091923636
1873550761
930780890
2038877533
1628777518
2040648244
2028838022
202787364
1469465943
1049245933
403040151
1163463698
1723398629
71182668
1499663075
1146115065
533639058
130377638
208095058
2042824717
527362001
2003111040
415054981
581985632
561172312
870205702
1727099725
1699334422
1400413385
283333654
1537320071
1889975906
1981146634
563616425
693740485
2116855211
1799357224
678147917
2117804280
1728238118
2131408092
42709245
740173908
833219801
365352225
1075468016
1765622256
983000940
350264638
250893414
1502884145
1819976922
1363318019
1412928626
676199432
1942757000
989018936
1755190652
885650214
1000204867
73534754
999379045
1920298236
664904170
404874817
1826808265
1171023846
2095973783
90067724
1361477645
965849559
709206076
1336014344
1419770203
194970627
341787382
958154245
1278502996
364689718
996432713
1052934205
1379852804
1751138784
326443673
1769982017
57004028
463478548
888996931
652707986
372379499
1787710847
1309926858
1050936074
1111377883
1457465222
61746844
878020666
2005050681
1544120389
863389889
1407030820
1002697908
203673633
1279902202
2014357388
275792
1648307861
2114638679
1941762007
2093409296
393741130
1468239019
114385114
128134669
771186208
631813478
676149991
241642163
367983296
1566331013
1641945058
2123324027
1780516673
246441015
1493383981
393872969
532962339
1690440136
192571676
331036133
1686849891
457525095
51592250
408257571
1853306143
406268053
166884052
1055255994
1821950335
1382220425
367231309
1966779781
554119981
1218926748
800005731
1491022830
1981313233
118834917
794799817
2045364574
48278318
1509889768
2064623737
1272984277
1718777298
1860437582
1964043330
799245987
1310258218
281597872
1159977656
753358204
684411429
757724991
1781284838
1098314696
2095995702
327422256
729763845
1693501265
2106201350
1279888450
1938650291
1691204640
416347847
1823208281
1382057812
621756363
1201850529
1507749623
1809206316
1805160234
612017265
407798820
987108899
2118329444
713376402
432296387
674717100
14116893
871172541
863370511
1963564319
320896503
592414554
1606492174
1695863060
1936706895
2118571910
973622600
151410681
1991156328
867245087
1907752335
1912485021
1179081230
1231922906
1222055204
1438324403
1157317166
49581450
752537232
712254023
1341640362
109673189
403294287
2043547746
327304367
972308457
1577358229
1419430073
2069260093
641001125
952985480
1736882975
469083989
916402201
1466970766
1924311626
1205946728
1093779339
1869411217
2117299912
445769288
1912988236
2136758077
714853470
185724459
1451498800
1694316904
494401569
1674387930
1144247194
1519657693
1915501344
1185521482
1844971956
571224077
1505607375
33537864
320685694
1198165490
1603205423
1067445994
460026019
1017203808
553317950
197495217
1740796025
1042121114
763870827
2051130983
603850858
60810173
127922339
1755523347
372512202
1331226302
1400683429
729254790
1621558329
1606325535
1229817851
190280767
1297578373
751042207
639677593
1929703525
502011006
2063545368
1656812266
1694360660
1714962904
293801554
2048704919
1236764011
533254591
1990354545
218487151
1499846595
448751969
689611293
1518787284
2086542382
2028479192
1848449021
388437465
651048142
821615547
989622834
903638803
34286653
988223027
193420845
163082636
340264482
2058468064
1120109090
1445523381
1056631501
1453206967
1550468080
1411182061
2106818970
431605898
500572055
367361958
1699689690
882979455
195215140
1942749290
610245622
132229809
479884956
1702428918
1699075298
1078602932
1208758801
178273490
1622438482
1130215417
679058837
1895221661
207727401
1057250429
217537293
1929384015
2141957573
179786159
696220095
150666962
86991320
1603825884
1771098633
779990734
696388700
833891691
1929935989
1664471769
607912130
1489192570
2119868351
2146439899
1129043072
1022742145
2069588438
1164761298
1781822114
521144975
1875950209
1693432933
2012071898
1971239705
1042297455
905177179
1389715573
1975404540
742715789
557428078
666910408
1801873536
1667819417
261799715
322843867
1462502355
22990237
256983520
220458219
1488611095
103470360
185109551
623944498
595606206
905154118
1335333102
1690279322
1279125299
905607684
1397527690
1690549814
1312824993
1235468557
6197724
379614975
512323773
54705143
1999682225
658830065
531057103
1924298557
2026639513
502203304
241575808
1309841892
735978905
1618083073
1821137872
1957437963
426823811
1255821024
1034211822
941646091
1554557225
384506436
1173917498
1424467598
1546925037
714263736
796218793
1615506487
1103550350
2094505560
1889474738
1476469676
306331761
434030019
68176031
280322867
90912617
110283523
1458344655
1738378452
1407043756
92351080
505206495
116116306
272913976
1743541956
1305082667
61037519
1358938718
1559435515
259651593
1499872209
1576849893
71872009
471997963
811143181
747187937
364969496
208119602
337838016
877180746
683413920
1069554325
130076873
130959358
1166467844
1943328927
2001417352
874449034
1710561292
1392192990
1901911975
1991003871
1839459025
1146430578
1331763583
1177608610
1212973079
54928438
470156117
830635424
1709071053
1527015157
1792836408
431789043
867192110
1088172977
1535054886
786393845
621639004
780555969
1624667453
1747176366
749916556
851446913
1940980670
1101845373
330806763
1314336887
1236058200
1874427807
339807651
247440447
1907478199
1316390078
1362557114
665192153
2080716300
1944135894
1797353236
1613152729
1970342843
1050321451
291738992
594592191
379552234
1291416254
1571239584
1707483289
406052706
670377325
286238554
2017892684
1553668233
427889382
2141555234
177888694
995814016
1211837343
1612089157
226333247
1134623380
1853567137
1780008297
2018873891
1206116835
1672314855
43881559
1581181236
833667633
1899049306
1597561468
2062650718
1451930952
1579828225
1869702827
1459372228
1293281051
272717367
1098861104
1535238196
148356840
1483791813
343339811
1974614915
319006835
143873036
2138358727
39275248
1187862166
1593103871
1830579289
17944204
1920009280
45188157
2116663793
124943324
146426216
1235940422
2097375538
429491544
2052928966
1355048912
246329913
1173281869
638955196
1384979861
1449343683
799693450
2135964391
1959536245
1138252650
314055211
1978542584
1594324645
328957314
699908549
1607268250
1259794545
1255090133
1737230827
289757063
1617836262
189817254
256232730
129238145
994425348
2138876969
1686172718
1395342990
976436298
534653217
299795991
419160752
1041545413
1442967481
2010231463
806319738
1106164671
1584260373
373087021
514246277
845581528
1129622674
577845258
338755287
1836743645
1585536178
1920964559
827014471
1526497733
1695683917
1520276522
648039643
904030870
725959992
477403350
2056682688
1798338956
1008896
964400005
467899465
1359178977
1951527956
841284098
716506354
2134573463
1387869453
1320006939
1841449539
633380750
2018642604
102390400
1091183736
41015339
892406226
1202353663
368305967
1781520410
518996926
2143208354
777402196
878335462
758024270
1260237348
2045688326
1146254405
12613401
1180814390
1846899979
955383615
3541601
2098413883
517510150
1777105755
942209399
1741435764
1646795913
1061781137
1272762548
1751784865
1691064340
1087832517
1501457231
1812401311
1272664603
1010066869
2119831034
1753242536
436214969
1272367719
855183895
2079948071
1390350265
983935934
687159679
498436348
583004849
1804561029
167115826
2015166408
364851579
1358201852
596274424
98266253
1366160306
186925696
326092821
1231428699
1189222277
1575114311
524266261
1169024218
7262305
2038931167
1532004673
1946384480
654892163
1889898235
1076282101
1421637868
1450636711
1372812983
635844867
1725657801
926552867
898196523
1389132589
1093999999
150565737
311649207
659287689
863730219
2099021892
728657619
1305519566
1518708173
1375217784
2050649137
1742377221
1557797735
2146233681
1993930439
675935958
472127444
1944540691
852856069
1765090452
228244783
2064723569
1740438807
1284376462
1906890338
890809429
25927225
731473220
867136263
1661698056
1287472263
1573501878
1979416380
1166331081
1726931480
691616218
247034613
520767521
1841613726
551348890
320093793
1292191643
1499478358
619720010
1016197988
1823778394
355477155
1175396989
266370281
73281141
2088585672
2128354717
228185664
2034140062
387541136
623233956
729390398
1003615255
1126438030
11031701
1820335181
605849329
1657998616
1682366101
1167362429
777205825
1080376561
648416719
2110324936
1759518841
414856565
1527681533
323366856
162243975
1824461334
308501075
373800077
801378191
1301029051
1377455482
1382153189
754358709
28716589
192690303
1907333758
893669099
1289779722
1391104323
1743082547
677530296
1381698794
679514309
1524548848
713067628
67893764
1429537458
680320277
24726049
989163653
1438526910
1866129249
1325707436
966928778
1474484528
1615483159
154628310
673046794
105388344
299889096
517910461
1198922085
1875474777
1056532597
1804384607
1365971298
1647737315
148032184
1199904468
1383800731
627256826
983586924
360892427
834074374
1277880775
1992571929
1595223855
1675150123
1268014706
354730298
980512778
1710340018
283355743
195760563
894912528
1164200036
1794504930
2022336090
1890220593
1190421710
955495320
1506153417
1388552130
1811508118
1418096173
872539642
1931825334
171702651
1032560240
841558504
1937878502
700011105
1014789137
650626020
457364861
1895724273
1055604292
1684866544
1704354529
175024590
1092324714
1121882801
1367562852
1937454596
1252181971
1327171883
122805095
1781687783
2096926025
776743997
1872074214
315044313
1259315388
2130356196
1848625162
1118526920
1365045374
1613589253
1003390770
1613506481
2039446463
1570966654
100059536
792666290
823497171
769641574
1427797390
1807092084
1117797100
932337642
1550816577
673816661
132153671
465580109
2005709309
325338062
929480807
784005161
823920521
49264119
1524076060
1397500779
1470162366
1952591727
201883962
1717185714
734671041
396704895
1908956709
166130779
134096492
1403535946
601929419
674219639
1189193748
1739763398
167355263
1648601907
779687997
755160100
45858155
1570005010
640840244
150288026
1645767665
1745388602
869157355
681176771
1743462686
1136738290
2076215496
1942791560
1163033834
106359376
1176718764
1712016936
1313119645
120564624
797652269
578935402
1480410665
1319210767
122978749
884300310
1854585036
1199294645
331073422
157676792
59423093
347243937
290762382
1882803028
1684541623
119593903
1031390547
79532192
229845817
1713771921
1799187755
1870899738
1285681481
520076296
514329891
1977541313
1381610956
1522985346
6202415
896754652
234298787
1639587216
2108660805
689928770
1155629977
484763284
1407162771
1254502075
25253494
523527224
7941274
41126102
398046181
1321283499
2081378881
507953344
862499926
1707875537
828139058
812690957
366409104
1123791273
44808220
1974109695
909658606
252970077
77441661
116077799
1439985604
563386269
496465787
934307016
188753747
102427122
1399628074
1757611992
1754088259
1232988115
286645656
1995368748
827772487
960279312
1800836047
314985345
1890170284
1588417977
1695403396
778873067
1052421292
1123753230
2137026583
126129486
280779505
1348175178
1552949677
483502688
1785397807
1100421087
1850687726
219945673
898923596
1783899719
673519547
2104974399
1240597223
1827721553
705873458
1414645608
2071551307
1805193754
1887047318
1462909629
1304950455
546152080
1353909965
1447803247
955413422
1239792049
931036727
1340711132
950810211
1601896261
1537658582
1856811709
1397409590
687602979
1254238781
370699794
1899719570
411743988
278687524
996172242
357658856
714364685
1137798120
1109361996
2060598809
641540336
466495628
1849746327
1398602009
823255530
937867123
1466507140
1546124738
727340196
1088379748
1447748348
230905894
1462495508
790666489
945533860
127715777
2086472589
1295213489
2102224815
1920707270
1124629868
962611017
73798504
130332653
1846034693
1608625000
1668439494
196760516
1561621194
2090160207
537768602
1312946186
195711689
1640597485
2039284712
1656663213
1361235136
2007392036
499362682
1872341821
1428449649
90077745
1204509879
1756755699
692362513
1550190001
2069930833
1816800543
16184883
286066509
876101888
1330572209
1990376545
801621256
111104940
256952600
1266390050
403651440
1577353759
1875107491
1062171178
47974323
1157473502
2073529911
755418656
216992687
980033059
1514791578
1789213877
941319612
1386083284
235152659
162287302
1588637943
247687348
323785236
568516409
1803085558
254651958
2136242
1220909656
2010370203
867597169
816843306
1491965782
408594836
499730014
1603458821
1375943991
1615715621
461239112
1677919212
190348480
1402799284
833711817
1014212554
1853937593
1092220632
2104326618
1428678852
194021337
1940964611
2095257781
350637306
1236412522
860571493
1109529791
1096213534
350909305
2003331305
1045336509
515688509
1346491783
1983160771
1224478079
675428972
563089301
708547354
280938419
830419191
2033248209
1400715302
597169101
365259584
829602900
1595232481
94105130
1853932003
1771488265
753154275
188816957
1799221169
1775080470
2035923689
1527170045
547994658
1230073122
508702512
468209427
1734581770
503010396
1128182118
881123909
1807642596
1055582395
1691981255
1850845888
26393643
1458714113
714329431
1849073807
238264270
1554329517
308426473
866616938
736895368
866610334
585284932
448814344
1177855321
173993539
1679708090
111266507
1727129674
2061172634
1895457285
2105745712
263709152
338763527
1802948586
975499002
263269434
1611439781
566219599
2090514596
1929414487
1331903572
734124616
562201427
1365305008
1781911835
305962843
1050305796
184927258
693191396
621933739
146030167
33239438
1331047745
553108635
1360447278
1835774282
155136477
2111724621
1984781546
1665487017
1532659262
136186903
850292426
767147329
1633744307
813543819
1434522900
938453687
215708687
665685414
1825379199
2146237236
864814926
371560174
1986446352
673953032
1334281165
1263592862
417918806
1765265471
789201885
56072889
621051275
1117476912
2092857200
1985757392
348837274
306783250
234649444
1562694857
33040882
1392959030
327465909
1166549874
2060029627
1572153540
1152896809
715549559
951237326
26717358
1270971059
334676470
2008220285
966620472
498165639
1205070013
253706664
322255947
1942839351
1804334661
381498073
1028180044
1682778850
1751938435
1457386709
1136404205
1309653802
640984978
1838954100
186080277
1438351122
950469236
2133882169
1001565778
1783736672
1001731087
742072549
292965327
1371699032
1215270421
334909915
2059186433
1475087002
1793380419
1172837693
1381198648
1287993576
103073240
220986149
1712925474
489954230
1527952914
2053678448
723197167
698577035
395178288
1002238997
116525792
1994919428
1404754077
1742656469
2102654843
852008951
1517560488
996246252
1060889358
2142389132
464376675
991254311
1671368854
1790438950
2094611154
496205924
1743362689
2059034524
1652090525
325776898
656984623
1230816928
2047023178
792354479
1233691075
1911381541
111838009
199004004
511505601
749941922
189242194
468589868
1244471912
294547008
467562915
1046516203
1378317161
566827486
1393804951
579733779
1427073490
1665680326
1606891424
65370087
79672687
2008232935
55538359
598566547
939318961
388124013
446142574
1665342362
213931385
852893629
764586630
1374692276
156876955
482459674
1031404954
536613619
1403442258
415820415
1356758930
238638010
1178998477
2043685629
513827865
2016482607
288972165
1275977669
360803755
2003690119
1607286436
733086409
1806126492
1045877443
1050981343
86115493
1003380894
68684750
2051032356
1920778514
1532711549
339813399
832627185
98268762
922100257
1126465111
2021517339
1318445194
1789077344
63499278
1070502028
276539027
1818703353
1791999008
401880635
1775185651
1033476116
1373597730
919295761
594899312
1775104193
1388524239
73990935
796608168
772191525
561882746
1005940797
1102896310
898564557
1932237096
704520808
207591785
783591171
1644544389
1185108342
457797231
526645354
911845767
1030389903
1412492651
1102618723
140623097
1610139257
1161089690
469739582
1307213826
1813334139
998420633
1271769198
651959864
1318259109
237032172
487953860
1294560748
693172293
1233198332
727814856
1534083197
1508301571
1002848632
261674194
1276938775
1782930957
2048462455
1018531821
1280383235
2083562136
1912978408
1792883946
972391110
1733048665
1903621050
733780159
2053693426
1293851200
512077533
1044813703
116437413
1536993552
1515495101
259082426
677332899
1545742932
464587782
376138841
252960251
976969643
1323634838
1027111693
190970612
1839896473
2077716774
392252759
557371891
685051721
1907452829
699874164
1670773554
1919776362
871932585
732249363
1759364259
1482655085
1229366933
1012551209
1651307460
1549695305
439946463
992481837
1003489546
1892131925
2021636658
1272284197
1079976467
2107894334
469520792
667479286
968353254
3423053
488162611
488220545
286457992
1114678345
618292968
937686094
1393502634
2139542479
2112413666
787461484
479591853
63874811
1238824232
1957275692
718716718
766753954
920615286
29435846
687937911
1583840535
335764582
1885638247
1806765642
1704192805
308214093
438578170
141309937
349496184
1522521918
1533716191
1409187002
702323006
1239699226
2088428919
353042674
28130608
1825831320
2054128642
1760117830
329443742
1945466149
1987251676
679893521
565387141
799429721
144525501
1060125977
1905820199
7742177
941436231
1846908815
1087856593
144493682
171956665
1829260125
607403630
487172320
2128900998
622548931
887479659
2023468708
1199360708
199505163
2090315878
1610787496
1148414086
1754680484
168728319
1620087292
