612658793
567662870
1943408465
1289914256
1847928602
1864111176
1357315786
1454794713
1754285930
637046658
396115994
283677292
2036604315
2126085996
810176469
577879125
872513266
463094237
1961724904
26664833
864594749
1145527771
449405081
1964736846
2043411798
1205280517
1702632366
541548766
68791550
184598894
865454605
1453066191
1732650267
652722977
577369201
1434190915
1552509117
1923043263
2064709351
715074608
379521247
1899854967
2132654823
1529766994
1385448876
812323835
750241982
417494297
2037242408
872989222
1992712876
981389579
1073320819
2015090343
1945338058
1025702123
2036085726
1462629236
334341919
1485234315
25026461
1869531956
1702780549
1365666539
2105801031
965154466
1084332692
130056971
1302778618
1334795067
897222526
1475718694
1319279304
1588284049
1735591979
611106202
304021863
437805195
1576660448
1141762197
1065811914
13285126
1504655474
798505091
2103912416
350667961
603682472
683569609
869288638
838166441
608094521
1140290251
1630975277
793728410
720734238
115812285
393408589
1929850967
975477995
1055178883
498370310
385035186
1158496473
206118512
1755359353
987840160
397661018
92134262
1611948804
1909116062
613457803
1313528774
382835569
544984413
1221215556
1591977413
1533341560
524911988
912307525
766431715
1827187235
796441175
1109778938
392661482
293178654
1844017946
2013595414
294412268
489014870
556509059
2095913875
584308029
1988836644
2109983918
1952995557
2085238082
788200003
726572139
1670263880
1523100286
204779475
1061660507
1092270352
411341618
1376266096
1610699749
1471028803
801746367
1802591841
1772087375
1807200065
818969175
1683865458
2024859707
1648324272
1384159822
1047574724
1585459420
2054380418
80208836
1678063193
1043514917
1602829050
1633377118
142188886
1710331437
497659921
499024723
146066454
1180716717
1759944101
1135941306
2070859011
116276750
1845247365
2026784908
371287644
1353922847
1694031020
1869153710
585459592
1901975570
151334837
1293502959
1065910599
43058660
442322153
1127195178
1413297519
245865859
79746633
282145189
405795513
117847263
1178933546
1128268896
1164152668
1364766054
1333049818
1644439352
579350660
1370009785
431061009
946767747
847552436
499327552
707518626
1984610749
1530213223
2074857591
2078866036
499883216
70668832
971838381
1897807961
1393862665
2058514517
1981501743
1114718851
1630977206
1065761446
1479410423
238417100
1291245709
1920239282
826077735
1854133791
2132345212
1041321468
1484083491
624576531
1392083262
2093776998
556790854
1476223761
1341648368
332613745
1666915271
67120778
437100852
1293341253
1127825965
1514384036
271723792
273825774
1937716634
213183717
40157999
506633819
726172173
1908991797
1934032961
1093825763
909879597
1090902826
42134376
1527322218
922781843
1451160457
1568696788
46958168
640007893
1515308753
645867735
369414242
2087057255
508574135
1516451707
1954918214
1689354141
1432188097
1210024306
1126064065
870978933
176303278
1699927323
927951077
1168210603
938954350
1796542865
591438311
583389655
1101504868
697573937
230440184
727704222
567800023
1803690933
1427462170
156373010
430207581
718571810
2003807800
2135411282
1403430772
536915043
1524757056
1019696670
2056194136
155860331
703514536
246924837
735707982
1148402481
1202466665
1988800681
1860208014
364887018
556704381
577463175
1830646577
1701820326
288245862
1349245859
1863627127
813685092
225901898
1470200070
832478515
1235810992
1485883004
345488780
35755232
1867015412
1535242277
418275491
1259781726
348670293
1355995213
225384854
58606447
163806977
1640242331
1650545843
1552281026
123808665
694624638
84227349
1434389024
1080025867
1479698913
1490916926
2091668156
218824129
1468745157
854742270
521144286
1697031743
1165241018
176872781
432607525
1596139611
1358170547
49172905
356120410
1248371544
76415340
1571529979
709376099
1818008024
940129127
1053254472
49228605
670883555
369721486
25049651
73880012
946166161
299715595
1840082892
2032875261
1702512373
548954256
1338635052
525691036
232763583
242282875
281379198
1649755904
514902662
200118566
1271672864
630352386
175551826
22870589
807255147
1358296082
746620256
1063539194
1736558100
1932795644
263538918
1620316047
380735970
2023762253
657863987
1071991624
807982231
936289342
488298301
1295696351
1414682003
589206086
2009511192
326029652
1148222783
265993713
594773457
1569208209
1675106746
134158285
1553332130
627197498
1651521890
1344209819
1469251926
329023635
211903301
2064046851
1866862183
1627755101
379513772
1382228148
1427793507
16823599
1102128612
447821880
1680360378
1804715759
453612318
748786698
1507987066
900976765
1897025562
1233198465
2071126668
1086162008
1633889993
705352914
2014015074
604866085
297554474
947806938
1014216211
1976611160
1943367555
82758676
1963146932
1162990324
165935153
93805850
1719612944
1563908853
1727987599
193603015
1551805854
1093496150
576392300
451594515
1099677826
862052790
619081184
1075456288
1955389612
2138304859
601099202
1131565208
549634796
1123673038
1653075350
411015016
264558146
505499197
1690305561
331751553
1120789819
350463514
831647291
1745173415
2098189677
767776621
1463925297
669655640
188027422
1384935485
119911753
207006641
909249601
15826614
17716122
642838201
1958073401
169649375
542385670
575212629
1621986501
1580139366
958848410
285621863
197470026
659079915
2081454833
1495003858
925901
650698717
1154931954
425521434
830942793
973429814
1829212262
1377836140
69218348
1270428009
1111936738
1236301048
161061394
1349486633
1075547291
1280042950
1153217974
547444652
1812977848
646752260
112741002
1274337492
544966973
1457668133
1543889440
624543487
1081398253
1263025272
948542292
1033116716
1295322064
1016113945
1343949095
1355733541
698693802
1511311569
931839074
175593371
1189905739
32250481
1036279112
13567675
61525537
2018979896
1982033773
669289115
759563139
827833312
392533279
1232307419
594964524
1407753885
168895228
231959586
767054287
10887390
1645315611
1213543832
685904180
752831059
780368800
1472708023
1274597439
99428507
1973102990
1362561724
184756493
1384864729
468867681
75443758
1123787496
1048331541
2047758603
291756847
2144369720
1925874660
806448710
448242901
1399314994
2053825771
320630634
57467757
1167729408
37923009
796145357
1840131573
125897926
1837670056
591503450
1290816790
618281823
425300567
875662305
1969081754
1046590658
387921532
1923707940
1217479638
31308744
1992934885
1298094472
849145665
23412456
762952841
1274412212
2028215580
2013532507
549694015
254016236
125325032
1918754451
952938240
722763816
1827451632
487895958
644616934
1633802800
340556916
2146527146
827162057
308779784
887181168
522293207
40677556
1841689449
855111965
1233828830
916029557
1261009762
1621039450
612127010
1901438039
1331787982
964949321
133863119
810685591
292136165
1992653750
480018226
1339379893
1517254592
1787729071
462547667
247935143
834174944
359639724
1994724525
1985443895
160998769
1860181987
552801624
2050473389
308711155
1340583885
1513695165
1054214425
1719979423
852235749
74844329
1805597592
1525342453
1554747271
407180017
1613653831
1983005418
989396843
698009870
770795783
1891902528
214437878
1396633614
1257144321
1691235989
1075717726
703131162
684979882
977168275
626018431
2142032188
1747607934
1968582409
130471868
68530533
941706545
55936584
1154570604
1568986425
190451908
1662526056
1636983707
1413941349
927640611
527651480
1688325186
100490935
1427652721
389024781
553596016
686319013
542400338
2094904388
2054273913
112832836
1216072162
563541572
1722738346
416945695
1479375151
552328449
1176184044
756458974
1322960196
20241107
2076635212
319119577
1980712853
1989731702
525463976
1011079782
1363962272
1993069482
769079205
428984459
2038159184
2083297626
86174353
1763162378
344795165
2063529232
1483891465
1702421792
1051086219
236236304
2136995505
1573431469
556269075
1266192237
1495441896
1295392759
2140611185
1614662353
578944665
444230839
7269979
1443259425
704158577
527347255
646919940
1943755316
902988631
878178524
1683278356
1500976043
1624478859
2048411319
997683239
1334623376
1268612870
276040853
1231577885
248200555
1304975220
1518672126
572956132
1831338385
340780789
1223871814
336620767
1447257474
16303973
537144446
1290453550
1845275115
1264852804
1639160326
2138671211
953468222
392333843
1711716329
1008661093
1023599034
1398598214
2078426151
829043009
1161557351
128459690
687087108
312001084
6929157
553249061
1780307625
1982869167
2030722911
2044528160
434828508
875217960
917219185
831282920
2006028583
233557992
2058322048
290746239
1125983595
1726741740
1327051784
418536055
1690382938
372798871
1713795599
730758416
1753859983
666525906
1944353982
1455582781
2060235236
1366067881
2093446301
1719303023
553689894
584275297
764759867
1917823940
803959707
727181875
896733540
545078552
441043829
1266832972
1237961153
402654011
2127921697
160658424
1837289783
295903609
1054020884
1941866925
1158301544
1114158126
1963885471
615808861
702141274
1574403452
1406668495
1170567269
651994919
1860179706
871572825
1667451952
2062027114
2118957715
798783394
947653831
518738804
60927894
623416654
1450081265
2022672764
192292268
1238503187
1128656504
1553763470
1229549142
150282752
1160858073
808788947
257425186
268702341
981878789
1290313625
394464088
248002403
491966130
5060467
618037300
2075595802
655360915
727801427
315543486
215133467
616005693
259898586
959912052
5837948
1613673493
1025785514
377644715
1863761227
376185185
1515332974
1118265813
308047760
1481215150
111787480
1929550603
37218129
931216370
2042510480
399318679
1776917993
1205028188
542448787
810454112
1394989109
1298950733
1420029704
380553148
1912738
1542244073
1696857962
837799708
1458462872
2044233572
466998552
1746499835
397113430
397014453
1835681405
1263675895
1903331344
318066693
1634930495
95839461
1748279138
292258541
182680498
80564301
1059429141
2141761823
803366822
1807610735
1685717245
312080669
2127378016
1356805894
850106967
1190419039
1482564146
97405371
1162244525
1671821854
617575174
1071867760
1267692133
1433317436
1089742179
1630263408
833055667
327316491
143738504
354127371
958341173
1520972291
1444461614
731348987
903909203
272526016
1755406926
1102012991
350897735
560290370
1420432222
1317508286
453216277
1334557556
1842378371
1853903167
257573451
1148512860
97036540
2060933935
2092176514
1341806935
2089099881
1384186213
1774438909
184265757
2141655821
1331823545
4777483
179052126
1642458288
857267403
1782595849
237124593
30588211
1151001628
1617956853
1399413059
1273298145
489560967
1792517987
2028043122
1904571768
1083925271
119420796
611484362
1063520561
35222686
369014085
741561741
963443816
879311609
1996212636
1578360588
730171451
1637195423
1842443877
1625268717
2031926659
846169534
2040251521
383528063
124621550
117136640
1001529632
695009691
2092796584
1337132524
1022184094
6708573
1090278720
1140024025
319135971
129052583
1540323067
1834472387
451215180
1677017616
1475033293
1143004326
806491215
1487626599
302320991
1445751322
704169865
1676001026
1280916191
591101717
53525393
1959709455
2076269815
133411274
1154868565
20291767
1170846708
1766912882
1183124922
1738099904
1547380280
1131638487
1958918855
1800233166
919982714
1980275278
1844976358
1161710192
1198303423
453846111
1889474195
323976852
414156429
824982953
711947103
2136278936
1237581943
829119769
372729134
424122403
1986544839
1183325819
1386397639
1175226900
57638849
433498700
1208175898
7568108
98756146
49168387
880654551
82744741
152644523
1362585281
1064301986
1073632391
120746302
1675588175
586466870
368827801
506881205
1845798723
1802638898
90896573
1589605346
13566531
1433689537
1847240005
1496469957
384714405
345568403
1155248965
902315037
2057634154
472013482
633379798
1037875729
1741338393
479261286
1511874976
1301289112
1077670252
1009896164
836843445
794613620
1419587648
1026890004
2018987320
1073757166
2053613751
1199957066
32467632
1200946674
1952255733
2107250074
161714768
1925516454
1281931310
840813389
186611665
2142804486
1673697631
1910790429
1983375135
596831184
1968192396
292174214
914149667
815369688
587761103
1467725858
1969438781
1159527544
689816162
1531125404
1559072042
1637243954
1873008597
2054470703
612433075
345788851
1040635670
1783116240
1073619150
1266070243
1477624434
813700143
465897179
486860782
278646496
769226595
1690546855
124973674
1544232227
688446981
1200489114
1218777345
917809364
1349090203
666563305
910837423
1006318645
1751360065
513427995
70275121
83598424
2144252651
914632085
859284651
1270403880
1502373109
813685784
903535054
1335594603
1226167320
288932904
672148691
2122184518
1619008591
2133899724
929901020
834391993
1960998487
1625130826
915482215
1668748523
487821668
345195466
801167285
261218569
1476560770
2038622253
223290158
1998029789
2104152193
1771505943
1728527967
1654222636
1987488676
299035189
1379957074
248333849
595181762
1211685260
355905382
1826678017
644834534
1687100973
1176583622
951449814
1787054326
625253419
584090968
488522467
838004577
61408653
215723645
1004992351
670443639
708769660
418697896
1080186135
2053078876
1879539949
1904200506
677936269
815098278
1394661402
40408350
484690418
1162881890
1385659556
288757284
365820048
1821445801
1793811637
164519379
1519583726
1018259995
2084874338
1419136852
1758119118
604001634
1779037310
275661395
2099719750
1750132476
1384847550
1331483433
449730848
1248146385
1280537717
641422844
705625918
1879630077
902821971
1442002817
1116586245
1038206031
881837123
280612611
1798079621
2014072332
707030884
1104447258
1214935575
33908371
265361395
1733146050
100227188
1575661205
1686909523
1572725292
1355492688
1221111254
1169314255
309668531
660910365
328251809
2138358508
871657909
1281620940
948749079
266205997
739404837
1002882774
666787936
130878809
62128728
2006464029
1840433172
1629863801
1393289258
620008876
555854214
441712336
1894113123
677942598
377761475
2077803061
437900806
1173124746
1574420868
326580604
1601901821
1628324978
614553555
1778985404
1569967027
1091333101
752567466
606034410
1108145328
1916519709
777712818
539236057
2007999591
1372683696
1940417895
1920315398
1921812004
334322445
227487319
668915916
953637487
1882720481
1719515457
865393910
1634709511
509634140
1303511338
1566533944
460768900
148464212
504572948
1513802828
77260772
1999025621
1997275439
423079186
841852481
875343412
799183855
667888727
1709739140
162149695
1003536979
1133770662
438434612
674735686
380139569
1103948762
881566382
737583100
913472458
671755927
1710787467
1022397876
1612368103
180618714
1863119621
1453689239
1778933156
1031119471
308746069
1249609228
215836128
330400935
1690518428
708049682
437139567
688218374
1798914056
565192199
298953789
789725767
341998973
933730967
1432878616
1188583853
1546108671
1932645138
1139501834
1314663478
1227663611
89973289
752323736
338961242
1181617118
539431265
654596450
1177247094
37651048
735767258
902377971
2024898487
48263378
290975084
1923264102
1870384566
454844654
1992875955
183441200
1841723081
825522301
1356147949
1141651058
882767210
1654772660
168273949
1209240524
192000054
797412434
2099707848
1244862123
1509199853
1747273713
1015858387
1664784520
1691607722
1061764367
693426843
972736996
423845417
2050495673
843935260
408565869
1075240228
2039628872
1114497384
1817758153
873150719
578419615
204753383
1950906930
1000347145
1734844489
1452401539
1201921089
1819143279
676156916
599504320
1408436717
1158154132
1900902792
848702785
1877639747
961724814
1239335344
699741298
831168523
1872922556
1628891660
1808727194
1991253218
1796576083
1509322739
1839079949
636366708
2044292983
1126984489
1644995004
1209658461
1047037302
1278494439
1331320963
291800134
1277182398
419592999
2073103492
1311850725
1674970066
199415467
943955471
685425438
1836271282
1820069930
1992181789
796134930
423465462
16993730
1883250953
5379266
1935747632
1631881743
791998162
656805114
860767310
1541655670
803772618
240852276
1423208539
1568205329
147827158
1413927358
110785141
222700931
1981658333
336920314
2015316853
796359550
130047987
824176697
1384216407
1333071271
302386311
1037159327
947462607
752423623
5773548
1151016145
1342167905
666353372
716112941
394238209
1536480311
2118910517
1348931391
1061485134
633989678
127887517
524945838
968428163
1177397568
1756366471
25781205
1014489427
1292959826
944311417
949662349
1413563998
1027363003
1917333366
2072709151
1206344735
840706437
1821346509
598832547
1846337137
1638912637
81265726
111088333
63792441
1238440823
1985720498
1869227234
529338817
1586674986
930009077
1533682804
313018592
1062820350
1948185896
332708469
1017549441
1517293466
289661936
1852760986
2052176552
1410550098
165013038
495663551
1024900502
717917826
1755221881
1322648800
29922105
120575445
863467849
1518097773
377206205
624640647
981364324
1435231803
1549782968
1474684767
870059863
1641060037
1090937255
1761985906
1380186266
1139630115
1712607472
2106751958
818191060
1051564793
1858140523
882469188
2094777134
161189574
270937134
1679973906
762744767
956954493
1519472241
362380618
1410174683
90164915
1524729095
1315276604
883768825
219770911
1074930575
1816717567
836783556
2010750172
774146323
1822097436
130253170
1711553864
1316871509
1611238374
1216568690
632178811
1075528661
451475718
531224343
875315001
1723034000
246081152
2039249206
198483100
558098690
1387392896
994820509
1997269663
1460401518
1883418563
1315098950
766061351
1449867078
302979760
424523147
655074337
271307461
2025554921
919469273
206622829
542289723
179975961
987344636
2128698149
1185146250
87639789
533265105
1254287031
942585559
1373568609
1476124344
1684336156
927606966
778745641
1660722617
342913161
1151947697
969248538
584105468
1890899526
1237797233
1192651139
1749243501
245794528
360109323
930695921
772815586
892392794
355551606
856683655
518468085
1057301564
1391086487
1160563366
999908040
1067894158
1776161514
2025960708
674731107
2029600437
2113801581
578057047
395828205
891092540
1324337556
405520366
929367327
1607336975
1870627797
1187009375
1568873639
1946427635
1506994020
97166749
753968273
684099694
1855151961
728811821
1478456709
1143167897
31773286
1857597824
674626506
1599136253
1269162288
653339957
891926041
207268366
1609285364
435421501
1559471933
758511473
1901708575
1458210400
761092455
1234549064
1994066162
1622757623
1179626914
68707185
1274506436
1082601309
1863933334
1103676536
1034069324
370673802
2059460571
1607410904
1666848902
1428376030
184243918
925992570
1859967894
78404226
851292090
967274547
1546372602
640086675
1126312291
1162098680
480764687
439729527
928821359
738016704
315287627
906459379
1990257817
1039411956
339825953
994712114
1211286424
835766995
944180224
1848535423
761382541
2001924544
1413587156
1236468476
2007480212
1370669348
1667589313
1781440388
1638786760
1859763113
2112746576
1926796082
1770172324
2016694014
608051781
1529227258
1045958851
40636690
2100749919
1718054442
510098786
118799757
916182563
1170675236
231228936
704756777
1248836075
1577215003
1517424196
2049502758
245233602
1330700202
1332069501
1591051105
1860263760
2083796780
505642822
1794566338
1111978559
1029035704
1535300054
1938952804
309110886
2038513544
1801102722
651802239
1416125668
1073753556
282539328
556025873
900945486
373354103
1214368130
168961681
777256925
980932502
529759655
718573808
1465356820
390993872
1317756390
876677002
1891167150
574992467
1415528603
553065363
2017025037
120758337
148179179
8457641
1011945560
245898771
887544488
1619491248
203601992
1536485826
2060590257
1070236839
1132660910
1709749957
1294679417
935731872
182794042
179371736
487733631
1421261833
2028698889
333116741
709726192
1042613435
1423587475
266509583
2141883807
1232236645
1836190208
1569810791
181994324
50127820
1805918988
612281490
154775766
523204348
1287056954
1682163898
1437496087
927504296
1019663937
230139717
442124500
1414334211
1143753653
1998769658
519929660
1541343081
150863606
1357485428
1532469931
1644996821
854598069
132395525
1889039112
1431187243
215332951
1688727798
1255448846
1584263744
1071403508
879961892
2040910123
166118173
1833334442
2033561207
2104681012
1278220367
862492302
1607823483
732016071
2090985687
1995980914
911736475
1503064150
1588938532
1179775048
546553517
884486850
94321080
638234714
716145046
768038896
1516284515
751747807
1581692283
2043610134
1721856256
244570151
820511558
751768731
323068508
289766340
135739385
1316962810
1529411964
1339585541
1715852834
77376601
814784339
1840202630
1472777586
1541791016
479077451
691345181
558343059
624666307
673576362
2003698021
727769710
250529770
705886400
1530864985
1191833658
1967268639
85902115
1939708337
323246633
718581408
1386631382
292404425
2123061744
234014231
951914957
372229979
351186445
1642628050
1089856702
765012163
24805415
1436851056
357484952
1419841129
526843416
389860482
2128379072
86540975
1156199206
1750487990
1494837167
1043958214
552691912
1647453432
1677001983
583774407
1579266882
1492189162
2031737863
1263597912
935285768
43067473
941571149
898308913
183182165
546601321
401160002
546720593
368561035
1258987173
217300646
1020109161
237353830
841257977
61542330
1026391082
1890149012
1353155070
758855393
1310340628
58965793
736247466
1420100397
947835774
1773218046
2038366403
133035331
1296570146
503842100
2081133406
686022634
1025050224
1647426689
1024783890
160417410
127771775
478882339
551223248
861546078
25777225
312706956
1649143205
236523093
842313148
1462576521
756812071
286276281
1973766034
1430744744
1833068989
973420683
1312306890
837839359
679740665
1802282821
226476963
924868972
1602865515
272605040
1974981313
1758731608
39256069
1392525338
1810108248
1391148174
1746679768
701491834
2078170765
507052788
414197453
602439532
973053456
173722638
1963417091
511629880
305470852
1614940182
1436300938
1637115311
2100487705
1176926248
1042213645
1309439926
177889775
171831816
647157384
78149093
1310831253
1302263938
215619478
1215421286
721457487
1264112653
700234825
1778653458
349114077
1398619615
94698586
1567882919
822130844
1627953420
846610301
1203942509
1782863115
643912430
2076665095
1287894172
785465277
486047128
826050120
325234458
1064513694
1301533983
142533949
518679402
1960014942
238608515
1860457372
544096770
1679671897
1825035558
76007551
410480840
1789812578
333044230
1929672395
780879007
589434069
79995138
2018238603
1565306442
1671311180
1447926211
335853856
190585266
299501621
990685977
1810823116
1651308659
693857214
2077680828
1644484398
766710346
849395356
1322889529
1355303625
944724274
1862217346
154294564
872283158
174360546
2113244158
1382526919
1205932924
1593124222
1805017297
1928799200
1015116442
1581698806
725902963
145383222
862139552
311062399
1484982082
1217417821
496749843
1298401381
1833780928
4076283
596669231
862904581
580518423
2081620374
1175458181
302667226
879703334
1054499409
1340957494
1677781499
1772661839
1784516439
565589534
1556185063
2102149918
187587607
822668752
311178010
620749395
1699933399
275757541
739063494
1254198253
1532185292
669650269
1699854591
718218720
1953780520
1719444593
1078503653
956779602
643430603
1397022763
438360041
27876507
373646734
474370149
1682873907
575587162
2110952766
2103854710
1911645161
9543490
1137447502
270070165
184858526
1613627580
1377354572
2873549
692947734
312293995
1688536054
1969284148
1830643831
1327898888
1972529784
526951014
1082768223
1473043376
1107867338
192361951
1469431717
1300924922
1899871831
1290772543
286906209
2110478457
926883721
273102823
40076824
1924845628
238818633
1198500358
979610228
325298771
1959955019
515622001
573153771
998315052
1427059012
1553762808
378907210
1235719917
845939535
80531709
416445819
488119654
1477031607
893820363
1576624073
1526209441
641275043
140670568
730159252
877123977
247229964
854525463
1433404594
1160808766
776457615
1951540335
312365595
725773132
807852119
688042244
78314991
1783522299
1906395503
1259834175
1028742681
444236971
1083019544
370038259
1189605783
985243395
1756762955
1381955338
462656674
582884411
82314466
1756617283
336746786
1497845862
1362119558
411466608
991133005
394939399
2042730128
1693444771
989064258
876071044
236018739
2007640750
1299421887
1592921269
6990928
1809639035
2101679666
2121891362
992400068
1929995901
267619740
132792748
1294892615
467439053
1901455948
895131828
676551758
307656623
1525713692
1603532904
594531434
1577118904
1367619346
299183099
101213623
1799926323
226846959
225652512
1017834233
1668987444
244149815
1770938891
1363726519
1675206143
65360861
1300438055
1571577928
897690491
1903842539
416425149
1628490629
2002562141
749092070
1841138033
639016487
1241119262
1513049049
651613585
966213673
119976147
51173684
1812882127
1502648235
1226913497
1315629160
354314947
787892099
2069087929
1684872088
920269282
551878001
1505273091
19837099
912763843
24323339
703258632
496076872
997912958
1774029404
466631296
945282055
267072345
1741258741
502001024
159090239
1457599978
284932475
1348244301
963063148
1533327649
396619065
113236669
296450646
2045825390
1488833933
72702861
1683875681
243643277
148766629
34755284
974729240
1561705489
749496171
1936010961
1690517040
2003979349
1039855309
1522275498
484197818
1733370239
1550873573
588813214
2134868906
1499875790
162518216
1469236264
673760227
2014147645
1512313076
1891560534
54113889
1836843887
1722626887
2136097001
1288813264
417739773
843114239
1321763388
1396826872
859186999
956144382
1411701407
1308705138
2034750493
1747863179
34830419
571253433
408165077
2043810743
2117698251
1926723394
555484470
1768819606
367958507
145293403
288025481
1203860147
3458922
469598575
1265625305
867745835
2050184633
546937029
1747108274
830003838
386950014
1306539619
1676264627
1060637081
1205425574
91009280
558841631
777315715
978694856
2000008053
1981387044
1130672897
638162414
1586477066
1303473255
394390921
1035328032
260418702
133852637
1730538874
1505353132
2133580412
1031301853
379646931
776369716
14749687
753605120
1615545131
1209567248
312661249
2062787225
2137217100
1715339972
110617091
782181615
499999665
254680712
1990019623
1072842810
893937166
359397027
896208578
1050743070
1474134234
290674121
618194863
568924099
168194900
644656707
1676826483
1041374595
869176701
1086349237
479086605
1700933277
904651588
1507999557
1739490473
232751893
761806965
303020215
710629013
1063126254
462898045
151045653
68980837
335721655
172304022
342011463
358445403
108584018
1284990187
1161247463
1049370863
477779689
596408595
1102728616
1310426727
1919665757
177452419
808372474
1889744865
376798676
481716186
1196329772
415516713
1964771750
1469849206
383492700
120512406
1536867155
1830684409
1812786641
661307825
284569484
1869538421
691442609
712179284
535449799
2108608386
483118989
1391261681
157114213
1023024127
2145868842
1030753432
690128729
1951169184
1529890765
200037451
127352776
514310631
88434396
497601360
900909272
1745477853
463741245
524174729
550467214
816652228
597532980
1325775586
1234149336
1896815803
677911562
1119090447
1066023421
262153143
1775469181
1546168220
405077633
654283657
1809176726
133568
2045504244
693361475
2009222039
338610768
1922392804
558255344
1747950350
1883699114
355086046
2028853813
749064923
1744103820
308162748
1776438500
774296318
1686670955
531996791
1195982711
194972960
909436998
905795783
1246917918
1056493918
1132884901
1459418758
1345180189
686816683
722190942
1689566556
1821095638
1999512616
815742979
1737048042
965288559
1505720973
1829605615
942048613
462571182
1159864663
1397462360
1193342921
127529861
1332490015
352582027
1414389907
1917803528
1141721099
1894595449
422621702
1218398589
1506727918
120419270
882217053
48887041
1180523191
1509934952
428317743
1467899066
1039843549
411746274
765866074
1106518347
145203162
1693092503
464779687
728235866
689016298
1382785844
996259824
1763673627
2083297701
276484202
803799077
680417374
557378621
526117257
1457664697
408721821
339365453
1146487308
743349310
386030115
160315222
760622823
1088203462
954248996
638106683
689063482
138231023
1022015387
1147492928
1621020704
343063076
815757707
1096992354
1827460592
1245609053
1447270952
2073209972
280685852
1625155699
1043174518
1645682630
1817616613
1148604855
715245576
1803823525
65166691
2025094782
1535665024
1826339993
1255418511
1324018452
378674386
1719777753
1677537163
1653784499
520182628
1970263175
1251712376
1261255669
724259278
1252570594
139122397
898088129
19061734
228904629
1216089747
790833065
1559789515
199413247
1509988264
2028786289
2118919326
907637795
2139614800
2006558690
1149276974
66734958
1423451608
2007302204
621239488
1877927117
264668956
1470084330
2099809211
1204304498
1625276063
995371860
2001544629
2081188791
169340935
847299196
1647931737
658328105
1928983042
1819728380
2003163161
1310943782
1440899166
833401102
262706375
1339053204
133647802
1716447026
1295407848
1931040260
1179499108
1890434723
1281688542
602070627
1948137738
1692234441
863764738
808156431
47850318
2119019852
1172950517
1251845097
1456248755
2072899871
2077669824
2002613114
1526538718
672961145
359846973
129771315
358715735
1823436166
1707010986
355222131
1266340157
2076047794
1645275275
1865338456
889307255
2074034441
2073827026
842652783
938848758
1674110607
1588020949
1827383769
211858420
929162008
354869496
444605328
857983341
1059332558
105788825
1313192173
1637121265
367380840
456968861
863670070
778219323
424361283
188748928
1697697891
949502147
439308899
1388512927
1665500254
215853293
323722880
1332787426
1674181437
677823217
1728330524
689533676
461903489
1302889117
1889101858
629408447
842353044
50010976
1344235557
1555209929
1970367932
1716268753
1101961001
1711486112
336880343
1551986679
814734408
1861822976
957127544
1485781767
1250575335
2018703182
346570206
477995938
1494609234
1030115006
952739744
1894127103
1489736920
2110788154
841649345
1911910474
1917391742
1858218993
253276716
2037957328
1597926442
890264557
1356520096
38024500
1283733096
1804902523
1341836911
1782964852
1838932061
968668898
1178081608
712496539
323197094
633273300
1913845086
688891486
1043260307
505838066
1116414709
2060142133
942806574
494721494
2019581838
1765518972
1361244161
1435557816
948851070
2023837221
1778773473
1143444876
777441548
1530181411
1585402509
549995739
456747517
2099702530
639982954
1364911212
1331684659
1878935093
1013247681
1682284238
1681085899
1047641689
966931742
800555438
880057048
1079540318
1813565365
551343447
746694820
415618203
1635404912
1979190181
539321480
14387610
1715357280
1635538620
1571189604
707737891
740307049
89288024
899649250
644549480
1852709973
1833283864
277613780
1235778698
1728120104
1488150431
1752625461
766357063
1490293910
989493629
178495766
403698239
1214324154
1046977160
583168059
50226988
1786008834
1109902039
433780121
1471797680
1627494337
542499643
2023540409
19842449
1359389609
803132852
181719337
1922662120
468998798
1611537433
1343914694
135518907
103679787
883737491
876175595
2110036503
856012371
1709187444
942056382
424658021
1450284259
259162362
1872589513
599444345
1158916408
1453338457
1670104612
861595079
62939812
827085447
1647926206
498654929
1880439815
387843020
913898264
1727402716
2076807858
885290078
575225399
1476332977
229533495
992698142
228943143
721123497
1735729114
1426624941
1550810359
786648434
72878418
379544884
1236268831
193238137
936596018
132159147
382201196
1022774604
643258138
850396304
1384647766
1420187100
1876250639
757632094
1832454941
2080320469
1774493673
1749106422
819793717
1694348711
1546634797
605750723
1807094622
81664071
2027145853
869856972
277986925
905040330
367933410
2126165606
1593514667
396695709
144770597
2056464139
546054592
1525230188
245214335
155906286
237704516
758451780
445973679
833956917
2075458009
1407369805
846269687
147810877
234446431
231666803
1003685048
2041486536
100043210
376054013
841394099
1791571583
753139286
1133752617
1511148128
259226859
949335898
448148552
127784507
1524223407
1008493090
1131634202
403632650
1121173482
1116531273
1246838607
1216252798
422924130
940326040
1795981315
826463668
561346308
483286781
1601897297
342521857
1009167988
1808520265
901596882
1704734751
504999870
1611848517
1441711081
518944541
1118939369
1520304685
116069493
355290631
1544344630
76216064
579153588
1559184490
2047025815
543472222
1781370154
351940312
129795029
1921195372
1740066694
1471106270
883366102
84934909
1633328540
18407207
526900009
1695863155
828681578
1431823166
367591138
163242756
1705881894
709220
6069669
411767038
338923311
1103413665
682997645
1686074030
1301930258
1145534481
973510743
1749948586
1272367427
37946335
1739892373
86505972
387989498
548191399
983560149
1941271366
337258530
1752488361
1615844303
226879815
70662538
277326220
665530663
1471079682
267805587
479760879
2128477630
152235275
1966161980
775501993
10440325
1281000975
842111396
1222016369
380737879
1750771519
1346828779
997392200
1076317370
981402582
1214961699
1002632720
2050419554
1836177855
1073748305
1010916670
1288184366
269629510
226339317
138101466
577254979
213604640
2055631549
108238851
1622724439
1736384339
607673103
780937029
754204078
542754849
1366232868
811094771
487386551
1174607478
2104580201
414960776
1507941655
69119379
7265609
1452900638
1964309428
1736607067
996966804
103207108
916449689
572622963
560474916
1490127544
791293104
1588883950
724924642
1336410598
1786665093
1210850139
1971725394
1990388531
1937684373
1054722936
758855236
959468858
1176089698
1868226782
969660536
266468391
179408082
778606850
1484896028
552978309
1456116541
756833399
1411521521
1288846979
112968327
585059304
1556938368
1225408509
1034594144
774664179
20099755
255841947
1726028677
393373654
1299334111
939915357
417812670
2096337517
175960633
1618908540
1807229649
443523063
1132827904
1507230794
685094972
225978323
1906191852
88771336
453175016
1497595930
680657013
1807969184
770391899
2047580315
2097564347
404851624
1476960869
101788022
916174355
1369410006
1308134523
321264177
1414169431
1043221689
2111354450
376724575
803304533
863194001
257543776
1190017087
2006248843
1916974637
1977581522
1465283225
465074084
303387916
572248560
218405201
415577662
1994372
367660123
52567629
953212157
1314930866
1479006256
1393466050
536119039
1531342337
1960755021
51699043
80013526
1088705532
605717996
1579721515
229224267
2057519498
1987962919
170672123
1002211235
2136608781
470580762
1340913139
717991907
56988120
1163538590
536281507
390655769
55812695
33531752
1899063596
7443523
1522839597
1115319108
259243305
1817680159
871811440
779144743
570919662
1874336336
1547954683
779780396
535669387
1454183219
1373221747
114705531
264059837
903417787
1205622674
1791118698
1878804955
1974427584
1150652519
1388472372
729724045
571320756
457957523
2137394433
2041188604
50249647
879429786
705241522
1893846914
590174793
1173271126
494368132
684536035
1433207242
1124404584
1337318253
1334840925
107736485
1764477724
298141610
856657880
118711035
495769235
2076358473
844894086
558693324
490696512
1375120398
773398002
1695009049
1996754445
536186645
1096781155
931474128
851957931
808880189
588113116
1149460879
2066358020
864556903
1442891577
1299764633
106988469
2138833803
1395575561
1893402451
1337604948
737235105
1130010126
249122386
310933070
856313109
143767071
75389793
882420538
1043143601
1145635445
655512208
1346708286
91569997
1248635353
837677571
1111187524
1144056954
1852282864
1047458555
126408973
242441299
777526929
1931517111
238098130
683262255
1775743638
1244144947
943383191
1581023066
110634245
667144734
516447045
987015616
353567601
1396578199
1219434174
1031853126
82661305
1463990643
1614967957
2101589669
66600434
546195576
962896709
119844014
221905797
1394837262
1939652954
1427291406
680524019
921694276
303320773
1579103331
1959821894
958817064
493296301
756765884
1220197326
1531550436
984872400
1838935766
1642921575
1884976138
450034411
1389864759
1830373012
66202892
1523675826
2121845214
1215896818
245086169
210165536
1673420611
1626215486
878354685
686447459
899870515
1996676202
1997372314
618643509
930888914
294449168
1736319497
158513290
104920724
1024461785
342303320
2091613918
365019732
363248615
1535681132
1324558211
260351772
443172532
1003470124
436310684
1674316240
809377493
1533150557
710219979
1696746284
1623669245
1812415719
2062328405
1805052137
1841978585
263069077
1684479535
923689842
1097255163
1302150016
1227829064
295204293
1885493614
1263211245
1048631894
1920517967
142394418
951999396
28019071
1839378383
2130228930
887381076
1801140335
1959579051
4988554
1617624896
64068983
786783067
1048398033
790104663
424546263
461986478
1590930524
1682837967
1373767647
1730795943
215344721
393597609
1213213054
1187236862
1484647591
1683672308
1161013178
2059409966
1746282799
1771697677
1710916197
242347672
1183097859
2034783198
886229580
1272042871
99881843
1558400430
566778360
1477991056
546115641
2146762637
1449452008
747352916
1356366874
980463790
1142193115
843784187
765083100
435301934
916058532
1814215998
1440393919
934342906
937041713
269832403
1676866791
1197527722
215604093
563374599
1887370560
431325919
989615645
1066576560
1725990262
1638442472
1476209383
207136027
1692419068
1060421177
984366498
558412892
867469049
1587551508
1130627973
2078165848
1878659541
452211781
1021774193
1594388090
1751817128
962700421
719309895
1322009535
1837635794
564319420
103995170
667368107
282866661
95094929
171197727
2095400579
528868414
2036051779
867887663
1242304083
50226449
1322642687
732970244
1685613459
171922071
44532266
951705865
1069426509
952917995
195223226
885901396
691727259
1199121684
1818878398
1485925697
303376186
1606953694
316949343
379936532
1804790243
1817930195
1486707262
1435078845
909066155
227983173
1182593168
1555930984
477029871
571151065
1914741448
1827502759
1660593488
1281868690
1108357420
1720665183
489528762
353535230
663296190
1145648158
478850015
623032601
1096620329
1161448534
2106976712
542315526
89897602
1363235743
617033566
805759463
1124278024
571577384
1460225961
1437684574
1517089910
7698847
2027037241
1077649433
472635941
1825570929
1510888693
1524139496
43656575
1520941050
1543160302
1950786101
1912767336
613922465
1309668543
866509586
1917878566
1434158647
1401420692
1784982628
254679387
1361360551
1852387013
291509764
1440672429
1666919800
1457141758
1290896210
1687644118
235018691
406017204
2049588177
2067350985
2105695225
544867876
1372726220
360685371
804697860
402607814
419260516
1863859762
1836835724
1887125686
319888928
682923921
777918303
1886178544
606022021
2090538678
708605440
1521321332
1297319927
389521286
1860469043
1174475943
811192969
2074398247
1033480073
504914335
691548492
974675473
725675214
1058966834
136562256
1903902888
701768293
1747240678
638263985
973375812
1537389627
1700889499
106494962
2100326253
74049511
91315487
221216410
1230536908
1670957532
1757278053
340636424
348266838
1580566035
1672276437
660109678
347303403
2104028125
1457661373
345761949
720429263
303273534
1981827289
831177098
1858439492
611262139
717988331
1600837984
2044980300
1775096547
1011570456
230912881
347239054
575939595
552960441
1545457019
231473413
2069554595
697767507
1063658217
1927970402
1785945216
1986095620
1302013399
848278429
219234906
1452728378
2070891263
338293758
1350146886
1976861304
735004192
29366455
1550580686
565041779
1825502514
937893379
90169722
1270137136
1592551413
1042417789
406110154
714806023
405586189
1395663273
180238052
1576845200
457444830
423061608
1203080082
1903526722
226035220
1452349782
627410590
1144050803
349913848
134946445
2046123130
1992241998
751359283
851071305
847541031
2075372383
339203355
2134079167
1986451310
1539655448
1154751149
2142287703
1608503750
1572010501
1861179549
1809763125
1975915559
324286494
1919905685
1429446161
769197915
1980871352
1117385556
1370728322
797829093
1076427244
131757476
914592135
2123395019
663753463
1303681436
752106047
1119159737
248045675
1250707795
853801145
1582854685
1069698688
449661624
1726020566
1494692021
1618771058
1019210126
612483966
436942155
431799875
1981405505
1400761833
731754623
124062832
437752834
644333342
1940006379
1690462252
1142760336
1496501940
852039090
122013249
2117698387
680016133
65962292
163386492
985517748
1171366402
548867490
2134457809
529042975
5190325
810242536
107579783
1756375333
825532164
380144508
1815794090
1713611368
1674273382
516422298
1167443077
941703489
879077564
1247133806
688451409
110223873
811387165
285823131
34774907
1189388911
1023539925
1769758814
1837936868
1559771641
1661029163
761555215
276914396
345686444
890769403
1030468852
1821599934
1217978502
790968678
577944978
72640910
1764559048
1215050095
737846963
1192220861
675521899
1667259766
315669603
1869857466
995659878
1233089849
36287558
425588362
444012190
1906895814
1566116532
624661266
1288610802
144595986
135173799
728675059
1150620230
1051059929
1013559111
1407944330
1993254107
1515859279
982059669
1473502570
551507713
837368668
97932002
896348792
1126648938
1077826149
1215422331
1094070745
1567484564
2040479117
1666044677
426610633
1012339533
40008044
2129063077
1466114714
127016599
1251506736
1592589773
70884206
1846925499
635760159
865572187
1496632373
1872875141
1000853874
30553812
1705339921
675429260
1835004191
479237511
170886562
317668200
1966066900
135989214
1576713295
727531083
279712716
596180239
1926189763
331435919
220252598
1835849618
1403293308
491550403
2113517996
114417477
18320691
317956612
82282393
567116825
618902273
1866460726
248424834
292653781
1719174319
37436839
798536779
379296136
422564919
1039315627
2027521097
711804794
1406055800
1351204756
1463977356
1848774759
88767816
1011715227
855770545
1049175091
259642726
1203298618
1390430731
1888098620
1790658871
1010640370
881216766
1281110084
2117687813
1350069437
1965880565
634016057
597342860
1951550471
221765332
35575527
1252567004
1681997326
369023534
1705280235
954921127
1226323774
946305581
2080422899
536710416
125114058
1160665513
1139619461
600825890
662971030
1956732605
141408943
1697796921
1109239563
678049382
1000755300
650346169
168796068
1929218690
374280788
319221078
1027498846
2110291483
357076199
1615597283
40986345
237523753
725696767
440066749
946907591
102624163
901179029
1030397194
1835409843
2695403
1971069595
97567652
823739439
188761978
1503451583
927232493
1278758292
1029066718
1490162706
171482556
375052584
423000291
1874489086
1479894744
808412778
739564402
908096348
1710532788
520697470
1632848419
1371955353
756381999
113538922
165208914
528162242
724660105
63661681
280453965
135121989
1000894193
1150471734
858895343
2076897036
917112804
498340215
1867481305
2137181605
367749758
329737632
1759686185
371137724
605228579
847121430
687796887
2109789410
1681434029
1896648240
458354464
895792263
88673832
1056757013
2086529862
1183420004
185884301
2089163021
1274366379
1841844027
1536879986
1943010837
1918265543
1448985878
1113677294
641850340
1905684776
1802801053
783358935
1160392548
2106702475
2120743954
1215018021
1289891656
1681619579
1765813091
1583584969
1464288292
1543541027
506513125
1743652538
2042390839
1503072686
1061446271
1339405417
201485295
191574707
1063514100
441044242
1783051057
570306911
112469975
238992926
1609076997
93642358
521422235
2063142379
706608873
1729942539
1670324112
1755734077
310308151
2089719371
448559838
1662594657
512075510
667319183
1930220898
434157738
1371977849
1041743710
694190697
320430766
699543661
469286377
440395634
1460730261
1402470698
2105383451
473537107
746346106
678054801
1315727906
1806301658
1570540320
1557039736
2051871496
367786525
205275458
2032255324
1175162529
1944221547
1707287205
1990520924
1238963348
548326423
514925716
120897163
842688291
1558511654
293414528
1219625230
872323610
532941031
1983466387
393040219
874301994
1862749683
1348324905
757307108
2143167540
1929706244
887344881
1921760638
1655369536
1887024379
75630752
382711336
944988133
953107328
33230991
1808330517
1398191016
1917922145
554507005
267559870
904316881
715473883
870451909
969193571
1338395418
1654039635
921365729
1940617406
1301148578
1257754403
1379574002
140455173
195786919
1017318084
1063070694
358002179
1532186612
864030145
1935451701
227530027
1965623895
138245630
1827845149
1309130703
1324723303
1310369079
1141157661
638360634
1213990718
540899234
97673788
615015933
1352852536
1338692711
2072117818
832773002
2030715990
929754072
1074699093
1755538281
1051123047
1738233903
2081572565
1782272760
797060943
1026625659
174926160
512072579
612814062
184078491
1410963770
188586604
646418739
886575665
816863918
145825263
390152461
450675025
1614703305
2005515504
601681774
262184414
1243571334
650857732
748960047
617834111
1873045003
976908168
24932714
363599583
1138357082
51105593
1415117010
1571790691
862423418
1352112370
83470298
1263563647
57009442
1263272264
1063739518
1589361192
1852100495
532651253
1156300577
1742895254
593898677
363928949
1753839483
1656033296
195431075
584274615
1001664003
1506870646
1987897201
2077652196
1766678837
1907076568
73587787
232175237
387686226
1434582576
1052520752
435955764
1097387905
827073349
1694422003
1685275004
1084669368
1016384681
2022376548
925940701
1025263996
2103701717
1403754479
1996829559
1409027882
1319856782
756973642
2081043035
813678073
123891154
932776716
975861763
700435174
2014801248
1538055622
933827333
1649840888
159215493
630080095
54363472
528466894
255232819
710629098
345344413
98118876
1157032041
1338111340
821297325
1403212138
183304513
1833533650
1219105090
902675038
499601931
993537564
1869625544
1689034458
620293238
210597495
1362047733
231114459
950100085
1376362788
662096240
1205954922
524927110
536888366
2136752458
2011513057
571508338
884082586
1774183448
658048101
1801241679
427575060
1177904287
329618114
378218174
745406507
315887573
846813220
1206238142
1620540082
1440908209
1318308177
395726550
1615980021
1030675480
360886515
1945419444
159374896
1682266069
977268077
279657799
490352802
1840169966
973530945
399907244
2082874142
631932059
981663222
1452261569
1172799823
2096913419
562732961
1999605048
521683457
95375423
2116448149
1967576017
1683481044
588554887
1971706128
1931212235
1185954380
27507666
1246809029
485337884
1948452491
214110354
1562061112
56836485
1604611965
387441174
435114470
422807964
1323604241
809014718
188272502
534952876
1810775743
1173790570
1624683446
356965969
112526898
74033349
712105929
1316411859
1026299888
170522134
1047790012
1124497619
487252138
1219138154
669801199
628157100
1981625165
1453823396
1245484870
1295522791
1686928404
1202037630
1767552015
1833802215
111742194
1374460525
1870998800
27978109
304152801
1507341075
2061085135
118680008
1550314275
243428618
508359775
464083756
1481262926
229744896
1856875066
721011084
2043208094
1172494911
1541470297
930247623
2088964236
529694769
1864595974
472622000
978136187
732882195
1012858973
1085794696
851206637
975605922
1325062356
1650144092
1589350521
1798970134
852260801
733449887
910604182
89998748
970421386
575432376
360613723
1500316135
1183377724
803894848
1148076610
760346616
341395261
566919315
1916547214
1423809939
1268425977
1084065137
85648604
87111954
203364092
112681415
1938045922
562662705
1117868928
70683903
1656107671
679908024
1555960939
2129025844
833234057
1246508255
1198879420
1972587835
445672901
1018733536
1639780880
1336229673
1564978999
310343079
1910752143
2096940155
1242103955
247417779
1679940296
789604903
498024782
978224699
558310767
1419116162
587558942
469492393
694500276
1011189522
1787202430
660360657
1783583764
1033107703
831866465
462289773
1581160017
1551321718
2040239699
78306094
1154296156
2028266845
779796203
189445070
1560483044
1329001634
244915410
690528396
2061861991
2028732454
976651769
1089117120
532148972
689844807
932079786
484149802
1218003756
1845561828
1677545485
771697493
1520045667
1186283237
1157244583
1259205610
167530477
1158988605
1078443799
212735765
577234897
1918205435
875954114
1794489399
1139650999
1203037975
1591138119
2006979855
1583829112
526379082
440417121
663773346
1060335273
1825599202
250311487
1617553118
1380679520
254757797
1972014405
181824168
496596941
166088328
1718720133
1715195002
169563534
1617173416
958367480
680389139
956424630
845560871
1535534060
966974533
1308169025
1081987622
1127387109
642203547
188626089
2107614752
1722678353
1532916538
1274954847
1184029897
1273345097
1765917547
160805113
1899104586
1480013749
577647425
512598513
195970246
2044240617
1897339594
972121070
1456867708
1202736132
1569663969
1022832388
51674423
751808058
1100892391
49614507
1723589190
177920707
1778144900
1797215898
500555528
328138407
1118912204
2118166863
519121992
284800414
737581118
1307420552
1549749684
1335539742
1391649744
1105380534
592518120
350539504
536755405
1498617863
1821500002
1605218749
1491125499
1747688376
1531357638
407613439
525818688
417508204
618834840
1581267332
366202389
322287313
1491853898
1328290315
962786192
1699846254
1796586731
487810348
1226429260
1657691659
152074674
945608693
1315715893
1152902000
61772962
869361099
475230002
45158992
1252252935
1694761154
1950127697
68762986
1740634737
1768046865
888995258
435503208
1143621643
1672620162
1100065172
1709067191
982215725
1590631915
537254990
61920040
1936034227
178212795
788748994
1767825839
1146906406
431467106
1796446170
1944849660
487224836
1187721015
1458523287
1355841709
456762868
2088662693
509569412
2119241436
574114858
61148771
972633423
1453674615
2009012092
66758017
1769207518
1570002820
671807132
326800356
284595908
280157178
809303912
1697625218
417825137
338812103
861828619
1386641766
580590832
1002051397
1396183192
994382546
693381220
1993352141
1529858924
2031945095
210152417
1428605281
461271764
1318265341
1308531572
671168114
477397055
2073350925
60611488
1883069142
2050717207
138108169
22427900
1763499051
1516779473
218360671
344032892
342362944
1380336996
659989366
1710464129
1206997283
1131389623
719723252
1743067749
761416415
1677240627
1517137713
1456204513
2041373180
366224500
1251229509
1926371124
144521213
437529372
1570610845
1068184648
609822391
948057990
971033631
279340751
1999574250
985750311
1593162406
1295854823
134368595
746432436
291346501
687148102
2013755336
660666528
159676625
1118778271
103987294
1340386268
2076826204
462470724
604100151
1896846570
2134401093
1970170757
1140398143
56254295
2123510638
1621047833
791490572
371893991
1542650573
1024123790
905486657
333441698
1317768234
1210734782
689738659
1060002702
1772577060
1220610014
70341467
432593129
1380992062
1824709857
599516069
947280991
1263929216
1882582773
1920870167
1393191847
95016055
2013760998
234826686
1427274912
700083785
655369087
2077332610
1622201115
1798123496
1619624226
874060951
681679662
317567069
415239812
964086752
542333813
1552600505
36029791
847672507
1411682789
2080217862
409674625
2005286132
366866630
788366088
1030779450
1471650994
999332364
368225141
288770140
357314315
1398207413
341673026
1696842960
1058211757
1590621273
1326057821
1111918379
905860998
321123844
1407189539
694546101
2001457145
335440126
1497245881
1481017409
1323090658
551123952
251691037
941770891
1041531866
1299098071
823190259
1251772634
28432605
771087948
678202577
1060188502
378763560
1299639124
1722589505
691023547
162234155
777800022
933076001
746088316
368459379
1314732805
629714327
1551421638
1846307721
2042697225
132925662
61360004
1321273559
1677827327
1638622541
1878914737
524215749
1223857544
1644286223
1135563738
152542553
942411678
248113156
1404995695
1430828662
1328537127
489037961
1174013720
1317159840
508103311
1975948745
251109098
786036676
1201408882
196627165
1551707537
1722451916
1588140477
1783029334
508376422
402387172
2026300760
1705106114
1070962686
244698017
1251859237
396228871
702882589
1467442017
533184425
983321423
1075001574
964564173
1263247642
1535956922
2010003550
1980867474
1521381541
56489297
217475964
1781443907
286452872
424784186
1320125227
1817049145
1409192616
1645935553
838808572
2107401664
239132257
2115695532
1200694330
17077817
1190578384
682297939
2014566584
1413745999
452849855
1330487463
2061564386
1590843266
1243317302
75593221
866493831
1522801555
462906791
1132662012
1624352408
1828766359
998126507
831820926
1644113022
1015142849
2031635182
1024496950
592031236
34885647
587668377
1489362967
1473086397
1025056450
645049268
1646404893
207029063
531684139
1553026482
1324751866
84148367
1133612674
1575015831
1326477632
397734189
724071566
508840159
1186255726
1291462706
1947049285
66804938
952761270
401622444
2028391768
1777829552
2023065387
126687856
351161208
363133236
827759154
1615760593
90866195
1665087172
1292564296
1221480640
1506549867
321890498
487523145
470087192
2041692581
469476725
653830881
2010311501
1307459768
1570630873
214677749
1533198163
1634869094
470799891
351023650
1172653693
1296281967
1770944261
1908412909
123465528
514149024
870254798
932614775
25026640
