1310241618
35300070
673549563
183151600
728235623
1450027622
212268796
1484508786
2112037001
1231389444
995203771
1578682436
497352733
242888377
774934008
140020985
1102404957
1662792587
1531579859
1311248625
67796354
1431252100
2140111245
339407157
2038325960
1426277252
639065208
593465568
658732351
570242643
554819269
1360176712
963225970
319642983
2115614521
1437032183
1395603319
1522141768
684555598
1700534563
1602127654
1657559189
1244670654
980816928
795382599
1751662300
105243333
88750643
774271119
34103709
1785693604
1934955987
2023675923
1243849602
1601908401
795166293
665915238
1810608663
387493125
1293176648
233809340
1740348823
1711860806
1501638056
24278355
1715740345
123044424
1141221642
22975430
1159534116
635900049
461713073
408640790
180799283
677808762
1229175702
1953415272
1850983945
1519496528
2119914881
691843937
1710547795
1771455204
1249104483
600061763
563855454
1007084579
884598453
1022974083
335819859
121973047
860711492
627604845
608341941
1202476959
794607072
1176638899
1981724812
862747147
961824687
62763738
1770911981
1560941239
2030827385
754891847
1187282088
1450884004
1681935775
920594490
424192522
1564132499
1336616463
1562636329
454803391
757709010
1423585582
1622321139
941744168
615161971
1107460664
1694505950
516195370
814557279
1223653307
496084038
1234611078
648694571
366129054
1644130851
418064823
1537596525
322430042
1039003135
293835875
2146077671
1846353439
1208322150
2108218809
1839940087
2065301050
350017391
1077349184
1318133939
233924809
1289145152
520725120
1342294585
216033595
918131462
1723808938
444726297
65359135
1637320379
587758850
1493502391
546744865
1928959490
1773429504
179652084
448067075
520275404
1716450948
55593363
328798543
102150027
687274183
311218743
1665891446
843071222
285774611
1589278854
481800486
465016704
524218974
1192888885
1443023502
852427741
1791671212
1764715765
1957312719
396149619
1006036993
1738369263
1812877280
931024546
457107785
1610574917
1616555840
756768655
531948047
1597488558
1312709441
1267472374
1193900704
380412500
95851178
531126853
1693355368
202599422
147604871
897610168
1511475123
639853346
1235673676
1210851608
258711659
1180905268
355313892
300116826
2140017250
2130060473
902187253
373929341
1545589432
414397370
1663001572
789548656
828403940
1514678069
921628776
1370268118
952906573
1398335290
552646493
2059074610
1019278604
1359825763
984163775
848472363
981565661
2082827390
2108063700
798637919
2133998888
243359526
943064691
257316799
779542859
771932966
702875918
947551514
2071461198
975396909
1619627028
845412073
522045357
488319528
1904044650
1238542184
280796561
306178361
1434100316
86587802
1834509622
1716221263
849123313
326452682
924458853
1426130255
906965334
1555642115
601465291
1227544072
818920116
27124584
1436391289
1393090820
2016510347
47287524
1944999650
1805774559
1676387027
799472297
1321074991
1948805473
607328178
1267220965
1307354874
1035038006
1606520190
442511230
1094243567
149267822
352241637
455637397
622690664
39005462
90678292
257455607
859899748
127221342
179732129
1055218203
1804952118
1074673920
487942202
568042612
1404219140
294773815
1182436298
774565372
1617257872
1176142497
434866519
457144906
422100597
796010528
845483906
2094676260
361559879
1428296624
208270329
1955428911
1487719419
133155108
1902571145
429653582
1937536674
73419788
1986322705
910352464
4774889
1674338006
749125619
1204314445
1469889897
1591143511
912087415
2075907150
1480398091
738529302
1761928330
1442350949
239508459
1364778473
1551558479
1832753816
347702743
628115383
98841721
648501485
1910561678
1790296496
2003277372
631928592
630534105
1537382939
496172478
1350334942
9188046
1440009532
698674475
496084358
1031825396
416604623
1291264795
2095019850
1070993395
353234835
1399839289
1253960433
132917708
769666638
1307966967
182348769
2130013717
1407133186
319834618
429743623
838523311
1119597028
1031952393
1819799984
246957346
1070550033
247326499
759121371
1483868264
35375008
1884939407
930306056
1113864897
1408238708
1719758557
749883529
231430097
236417545
1937432063
156760191
2008766040
1841428377
967586209
1200667090
279402956
1818076382
1855514078
298100868
844047795
1254599471
56466223
282220955
1342578
1327252063
1279255576
75230766
1533467645
2047029579
1437760172
1831465286
1022672832
1639524311
342693248
1482806698
273330499
34203223
798620555
1598533221
1441201192
1352507969
1297481675
1484562899
572295162
2005361972
1769923826
1807452073
734768748
822491207
459189388
674808504
2041028405
335659012
358470961
755565783
2063597691
599556555
230858873
337764915
2112605342
1866289151
141862845
2032445286
1602682270
2000090111
1642734421
119769884
386732439
813472284
1807927690
1067175251
213143858
1274040628
27148746
214129072
1385160428
1283801995
887559685
679592990
943266215
2081000635
732155510
225711445
232749733
1432298213
206412467
2091101752
350053481
1225821814
619875241
936233568
679689662
559493665
1824136256
1494790524
491051480
1858193868
1602552453
1531477769
1199812057
1877729218
1276011656
1756084732
1186739680
1501894279
768032207
1236701061
890960412
554627695
2046160143
917832219
2016314461
1880645447
241622874
1824091342
1723534577
314449305
841658821
910621406
101290738
1006353925
873253305
1938983396
54088819
338381724
1267838268
1688889455
913879397
1440896556
963934813
161101914
863851239
737691042
1534555873
488382477
2117486478
1861104397
949330075
525753487
1955072068
1200848767
250731683
759988486
914357213
298010742
613290850
721473236
1558884787
1487375299
903888490
1680490163
639857596
1515135863
1960290504
2067158173
99891263
210591163
1182311180
1992339152
1238275889
230456857
243444552
790135076
745595897
1316189408
2130772604
290085739
2017980015
582164878
1509759611
792795995
1528652944
1404288171
1340312481
163792316
1567374280
1219940872
1955350571
370845443
524239379
1398596135
1765936890
922199890
381174431
443118577
794508006
1507218743
199271668
1189914475
1926650818
1066260127
460878431
487649734
938818092
2053445104
1993089508
1969882913
1558156932
1476186277
980644098
1110247138
997006820
1099239566
1013096244
730982746
1517110572
1382610919
169899604
1080993499
265541504
445107210
978632380
1426148131
1549795299
19690997
1960959333
270619209
1998818269
832457923
1453933860
1695839934
1750748916
212794609
376880967
1433294827
1250355615
581168003
998906118
621033572
250101099
1732640684
2106478019
568890358
1958718541
84863674
232405476
149415062
1162593875
1576739911
3553849
2080549531
192048131
1024256568
219009123
781173323
1511208127
1440638279
134534214
872262566
200929546
324634943
1978012267
4981042
1660109844
2016021952
214989832
980698296
1491962153
589815011
330593358
243199667
1466596592
6202048
1967852739
749954108
1649651520
2004760065
1686239985
2016476363
1400781208
1951402251
1075840743
431077402
1975156250
87673410
1433664122
1100618687
1396901362
1035137126
1269061622
2022909865
1406973084
130595226
1811860641
1912386412
895968986
723087793
170251776
807559186
322619343
1324134787
1423445646
1123237443
908077695
1555281207
854270306
1877947910
940198153
1931542134
775900720
1882989536
2074058534
1493971514
158489843
169205595
1254643083
1926512068
642722380
1362718484
1999718663
624268207
1481653420
2120622712
904604518
1693030801
1211709640
141299846
1043621278
599398293
798036966
1678020776
34489824
2106726723
1397831538
1570494797
823351596
384523828
798278621
2020279
1603005897
786448239
1260318512
464161277
1841103641
608409799
154615350
2049108561
624472099
1051127501
1472952745
212787863
562819935
1792292107
1791419979
813841202
675005119
169198130
1220779121
976505582
1370566260
1437309887
404590860
780807389
623040683
101451728
840100602
2065375952
1801640756
520784678
342449966
2031974999
822006394
448289593
1426947865
1763103655
1599400768
1221124185
411493508
1541364520
1921725794
570952401
2049852333
2063465259
1371370325
1618217746
262753122
1276077242
1414465868
1744972021
689533932
278529333
902038258
390796221
945893674
1295941507
1324299603
1320093967
442211375
30006180
1561593721
509761496
1737002978
621169560
1335251724
2008450517
1774852808
1359604881
2081590500
1042052912
1718125222
1239622055
796243823
34867936
290233150
1443068155
411682721
2062434952
1532249190
203840915
1048273110
994151964
947248792
1567381149
1114554954
1906188039
263096495
988155915
1835788884
1658467007
1177372176
1160519993
1369110716
195553457
1377966892
91242745
862741615
402859200
587095766
1950850207
542625152
1633967926
381216109
1339133800
1536060858
444049424
474351268
1506170082
1600965530
394697469
1634515751
733485881
348910747
1575281513
31608036
1512007148
27177515
78745405
584542395
1895485994
782006548
962634686
1687482051
897288823
789305336
153344392
557370957
416665730
551052888
1685723009
410559449
1842126656
1692437752
1182088017
1600864614
51711437
637685287
1547939099
459479569
1387736482
218127313
632574935
462651960
1705491128
389060059
943391031
978089525
1108929868
1555545848
1450128379
844174166
1739662719
1468970652
49266284
656831931
899970436
105449118
1673320417
1507172047
992005085
294602700
344161828
1189966492
1708647295
1649640800
1762849134
968182901
1036974389
1788126930
1997089821
70305232
1130412711
993790764
1046102305
788269729
1068610788
693077419
686124924
557853144
341495518
1387996421
498166841
1853456110
1444811015
535516193
996993342
1149963235
1064235306
1241260643
739191259
1846247212
12450947
499321896
1102071604
2037453836
1550828883
25448108
1376918315
1668319996
1651134134
968069978
2082082686
847116064
1069769355
545976487
1764724814
1209288802
1978758577
2127920514
1706414552
885892243
1648487799
1061276122
2037797743
1674346151
609665192
455534121
387677124
1697206704
1645776947
1727299992
556012436
1446311000
1129009879
1556361618
785035928
513341770
1050169272
519148237
260984408
1782040373
885629608
2098692610
1043011727
759179143
1456605721
344367781
294539681
980800595
897642516
1401859522
2055607452
224518427
1255688311
1209274306
810740083
1272078300
1876367052
1816047795
183217576
1859587153
79412389
1617848931
1848902607
486586051
1901739454
1259415170
618358493
1656325968
2100378811
1008802182
411353349
766890642
605498973
85466921
1249559341
1666236875
768922036
1742444784
1127327524
1662005293
1451389481
980789196
1275404686
1250053845
385526964
1054715241
1879578583
57122769
585454335
1898756655
705318336
1810512296
1652065865
895895913
2005387728
1946254967
1257911158
1060081853
1719956579
2053549973
1171553118
1706817688
124125817
383354454
1711778537
1864832816
793547715
1079173931
1091695500
1299254411
982743548
1343297853
1871225489
148427540
2127647868
203526566
2100743488
872764758
1657228966
1555151694
883015365
743006792
620946448
30106767
345446391
1699700201
620952608
1223939590
863805262
1887500132
1816363170
1778810369
582514650
822489891
1517673550
1211619483
1246499631
268967444
1693404564
2108966107
1873318629
211574128
39230284
1301997762
26320074
450894566
1012790677
622035097
1821132056
768389408
1858352066
845025243
869046262
1848986983
526037366
983773726
1844840797
550169850
1442359713
1244252433
1594057402
1204598638
851894724
1490656285
292229348
638401519
1905345148
323648376
1769271918
935122505
670514159
344638443
606229302
352219694
1338002002
990043823
2079935737
1229078318
2041773431
787763261
2051729343
1763994831
1069012703
1853489608
867557879
588373284
1668423511
135848808
602427221
1534747809
210127196
1860586345
1293705569
1218939406
1309953236
695262866
2097295228
164581070
2146705918
87484125
462418721
182157589
857181857
2066480660
1923099130
973625910
1297172303
1328901093
874261787
382850387
791747963
640206228
1039525308
1828607265
1728846692
422647488
1592660501
1818433817
110400030
1259240700
889354328
1537991404
865610043
2053211860
1528955053
780699998
145168413
1920852984
312155286
8553758
1152717156
1469248006
98864944
546762256
270087994
1452368390
1276762762
1296332936
1641701160
49495992
532966415
1463930460
1695427475
302552934
1805511451
2023987159
503066586
192528794
1102240550
804204771
1016207476
995533629
999659944
241351298
153817358
518663677
1345032725
1618266220
127506070
244654664
1794691572
2008216918
1310836161
323745495
1886195130
441539706
1021862964
490411338
781966491
363930517
808015426
1112212238
305997065
235898432
856943553
174735753
1367701292
1525381093
1295628544
519888776
1993160912
473197036
1972032644
733985322
382985337
329334473
708457138
2099734547
558371894
727692180
1186466735
1911994457
2128057480
1855482967
1001949968
1886326409
2065872846
1603253687
1374046061
1595450211
1121228871
1610821054
1995777897
238114841
214200268
1111914346
694716929
1569730482
821578448
697784084
1939430621
345189866
1874769295
1442753467
1260659985
2127267969
1460179320
461886972
326160864
1820929717
508655210
442030837
1070370023
215460800
1359681989
564086380
814263367
750552824
1793460304
1405451300
1321621799
1080969509
384709194
80645849
306580602
1869580277
599633293
1912457791
141604588
520152868
289657878
852148358
1329496155
487602532
391132808
2078450834
459492138
56854373
317556920
943074753
686069031
433142766
1681154761
1829955604
990202354
880711262
430860667
1170747813
92095585
209304476
771130770
1593198463
1927108240
397115972
489403241
1962720283
1928457090
1537748077
140817316
1052560797
1286749440
2053814547
1004963044
1025348526
875832647
894106230
1163295800
1539388321
1115526724
145996453
2048373498
450869142
1258385597
768714706
1918752782
1228997151
944846848
1494436595
315383179
94821703
2088478645
1214625322
623659719
1822617736
1780500222
368235728
1289129228
906724089
166170360
254468458
163628036
583442156
334420107
1524167078
842939381
310897606
767111165
1661712768
687817029
2141593735
237448912
376161197
1869268671
1639213591
2067449084
2040632787
2080834292
563886255
321548793
880820264
1451830380
1023332659
616508388
90285428
413534817
1490241856
844288599
859669752
1180358661
1681687564
183732350
2138609104
1618264568
1482360322
2032116820
741020377
1016083964
2099748721
1758250736
516665727
1771563017
1465614275
1941122189
317502831
1251940860
1925111023
1395212428
1593907061
323627244
40266207
171882279
2128501127
1091967381
1384639903
1709131249
23696661
46093728
306801078
1243355354
1420333512
1613604040
1028044955
154811986
117544160
1323167144
817348984
708773382
1787316105
1486716165
1057436736
1668534826
1105070880
1836702949
97299487
2130410217
1909914481
2141840235
429110
115096123
618732489
716876635
1846951387
226215368
1149626867
1971093643
1485072930
1382819439
367843959
870164381
242850337
1892153260
856338092
2002600231
357652090
1463133805
2063414282
832297487
1131944106
527384606
1322347195
366287842
685934370
1389364249
339850230
1642066293
1573145321
1063617048
2058294197
1564984117
2089520793
1445273813
215182132
651396625
1896561852
484550720
1014137627
25370255
1373833193
1983507464
635886361
1614610269
1060661232
1406005736
1939878231
1682013097
1022607108
697078036
516986868
1935858584
1747489182
2785359
2045176391
2144818208
582671142
250411980
1561875266
553283203
302926650
244582385
1856948934
1672098538
1684830061
1643102454
170639519
895219291
2031859058
1755895159
251116434
1049200839
1781702740
904304395
65498740
1906982268
321215231
804472152
1115369767
119478703
1624798660
440908910
398106400
1877132065
467185554
426666102
1320522418
1461233990
311957296
891392630
285360290
1244774159
1387405945
2039576260
997012448
1980847458
1403505382
1228315418
1523482392
1095046642
1155136880
1584381650
867941199
440210805
1613512364
1922021507
31240042
1416761360
1509107913
383979427
834764333
31341463
2002208881
843062119
1234092170
1749659681
2011715398
1114503659
391236588
2001480987
883022865
1386872459
1036227658
1768309835
2035157014
2014730219
1947681043
245986926
917432911
184866531
1557040748
224702720
907730233
993552936
586583008
750633937
1550418148
568781398
684351850
1052363949
598151508
1439702087
565582073
232711929
314184976
1059378834
1653909582
1396185145
800631523
210602543
557659423
1684824292
776760020
1097377402
1754795082
1004034318
1717682579
1434717592
255760972
1390376923
1893524492
952200660
272082378
1835118205
693891802
1624020444
537242947
1072123540
545314570
90401658
1922068468
833249426
6491506
1119596159
487482129
1627460422
343859314
1573134696
629891507
179883672
1461471504
2138057248
1122604372
1268072109
1793538199
1633927511
544254253
1343369435
1496858959
408818289
1829905946
2077945221
1182383006
626728417
307916151
1318223280
1997256798
1943371169
1762016127
1482015088
1454787190
523009359
1922207112
815701735
1570824803
769338827
1238024700
1777881190
1146977647
1677747683
253658576
31213466
309579569
1695214909
821437853
212016446
1096836963
784073915
1807873150
2008069018
1073090866
142805436
955547138
1986130167
113022252
912315528
232521299
1447844172
2083528455
151593673
1095071617
2111943789
1339028719
1429658271
12755015
1326396626
807630681
885697939
1771282433
127683780
909830895
1860338829
385188141
186061552
1807078824
1103917152
554212218
216090423
55607009
1542030885
1498096085
1447152146
1597355500
475154093
270352065
1292461521
644819446
357339313
939324230
989298455
776749967
1896417205
913504607
464450650
876373784
502781419
2137135109
969594218
1543405397
1285797874
1239687782
1522819698
55412600
617460373
1641482084
1161549044
808324257
1300331460
1970541315
817758346
2121846386
111518844
1836285527
775836044
644411770
408867688
1656967918
1177165660
239769294
1367314656
1819197288
1363675183
2128240766
2090059067
27413144
683768013
418533816
2143986779
1552426753
233814134
1561138373
746280776
1289298704
1291909014
1702057459
974484497
396280630
626719502
2076587120
553068450
1624710839
1967644071
423242699
1111551614
1721126364
748500806
1566146373
1080559068
1362758258
1022625312
1868953384
1888041290
408063381
1385251476
1746833081
866941088
152669111
1477548805
678220651
2145241977
1664645945
371854169
437584800
1058644040
951419446
1127183109
1552299620
305818299
831487124
640676440
1491286567
1748041762
1098995401
1206961022
1685951786
2056551889
1921621135
1697423715
74850862
1511312208
1068224497
2002197994
977632146
798755649
523068417
86156863
2025461523
617181410
381257811
1974834905
1595595443
832845138
1565358074
1118836274
1858724868
482164492
392696049
1789884821
1009459863
1516034085
1605962678
1500014778
809190511
298042312
984973890
1232236398
871034134
2130045340
443203749
804650820
1021957120
1178795529
1862437630
1927927613
1889618810
160302178
733475550
766393494
1100854351
1134809341
1231384994
1597468666
1205160620
439527656
2142546341
787654078
158371154
438835502
1075815705
1657855987
1597360698
457959267
2092215136
1496022491
903212244
1950338888
533609696
638608682
549465612
2054658229
147562186
1649330158
46302236
1038274031
954672540
219933019
100707010
1517388812
1011295877
1510198945
694421384
1099970152
2046376232
1914216309
2141141268
264294965
1724040356
1497541663
988657772
2050582400
400211764
353662270
1002449523
1477900422
1325577582
890125690
712010527
1885913119
416647686
1989857715
327345732
189459487
1836399596
754952462
710359083
1047298855
1988731273
892352508
237609340
51702096
1680145496
1342173381
585762631
395001868
108281361
517033923
1957892986
638689815
1713892748
1504546357
1832905041
59313512
256320185
131166191
1466290662
1656130787
981095906
1891569087
1367396063
950372391
1887386121
122028533
544721624
992249214
1227646320
1679625660
1872366322
1277258804
621797721
520790546
1254620573
858425375
1279902996
101920877
686680449
1827978710
22143993
867450571
1251898554
1815614073
1809780044
471617569
1141098959
540074575
978948943
502484272
1423079649
1703476116
341474359
1326388068
532054834
1028672933
901120475
594984188
543968416
424648296
1945566671
2077011322
2034210377
639827792
1623593187
999472822
1668921534
1207176324
1404730502
1023960999
1323987095
41211242
1150639670
652769474
1390195337
1859504243
1875461625
384029908
1917073457
1366307039
336852726
1187854433
273816984
1479783005
634468750
203769185
158922720
1776995856
204395471
1384569527
740835872
1028631948
2102381635
1493136970
1779874932
1748428294
396006015
186856358
29165869
1031578263
1247452725
297383409
444285422
2125460354
1070741085
2029723511
702198320
1480904673
681622548
2116047855
1308011963
100142418
1064934747
1640610538
391881061
1179130928
81121345
1192620096
982963913
1410837458
1001507704
1984734734
546845101
993880820
1219806379
1067371244
567496229
2042117180
1240895704
93197973
783655833
903536718
142781481
745212055
1673313028
499145875
322396786
1776536953
289757604
774860624
590639215
516914060
579711464
904723388
755830416
1981714961
1902907131
1380931366
1854795810
677345581
1867294133
2039269255
41115316
321273527
1475464359
1601622901
1155155011
2006930105
1275993320
971560976
2086498219
1415128905
1477909270
1313558556
1005628564
1448893067
1207350264
587972096
1874596099
552997269
1683128570
113175327
1971071093
2137256627
782668678
1825230552
2073597024
295283479
1153970512
1045493046
1253685587
1772700210
1533037094
1773860586
343934075
711049052
2027819918
405754014
983842066
1041652614
623486568
689158063
1647138190
196650325
1698183721
1329490900
603646227
1629793073
639834266
1251409906
1736768107
1947390168
1499337293
25707719
1466439852
1520816690
2143343153
773139482
1579966454
1258895500
1014033052
2054099033
865370924
140042958
620414117
1205439263
1350036247
1600769009
585590363
1995250236
1275930655
1993060141
874020130
1670283341
1608962128
1424810425
1662670113
1442177366
1908916165
1073096293
2088393837
101706441
192176237
862888518
1532605379
1759582102
2014792556
1959587933
1946245693
202997617
1241026304
1879070085
1363361144
1583954204
205875272
128195660
1786910116
476519058
1132649090
990887696
1137592132
2100319960
1674602111
582019570
1896618150
1672756206
822568042
1949334757
829948157
93318170
1599465513
2112902726
404930443
532315395
257533659
1264756397
2133325885
400391339
1476831394
1048467080
1873579724
1808131987
986993984
1063534677
1523897881
365427769
939230983
1979389448
558443584
2112525771
1812518492
948777327
907378624
494881287
2106282305
54463978
110588151
268197251
352090594
1900873383
104546413
1587764334
1675293053
408176527
696450977
1070177958
1890864780
482382561
777007891
2075529955
1598737699
1103277356
266100326
761042291
314160516
1272551168
1466680296
1984308268
1330214252
607005852
1537353834
148086692
1912011374
140273778
1026240727
109451373
665237150
127269489
327364198
1323238985
1149743411
994123358
1904876036
1424650294
1808628610
1975998165
129994789
1427702637
1529685355
296880603
567627208
1652633663
2140670803
1775707730
145816000
1859431212
776079077
1088792230
257201707
739703203
1460954511
1068004639
1448222341
386045589
1585990865
1460584990
741696239
414319796
1859207921
2075775476
639211189
1177969058
215663422
2013583874
129946709
915989903
327418632
403846299
1887290873
1139158051
1429563488
1875527978
474535954
103492557
1276811820
292319854
383387994
1835602259
1083087173
1605538051
703279234
864818592
1719750552
1344987716
908984368
1996515422
790399759
1915759591
499984753
977015345
163490773
2124037816
897344713
925733881
1249734381
2006991035
84847388
1714963549
937417882
1867565425
556422591
353340379
1670358768
637083174
571688776
1061730909
1999888383
773734382
1828366532
2012705964
1245479859
253660141
77682414
734239744
1071106735
335197817
1673449672
450767522
901354716
1746360785
1298646544
1910358519
952419993
1278195546
1101120617
1326576941
1143341567
1880738036
730074708
1859209853
743909620
1337994705
1709233578
1279217658
1814268087
263860614
1289452106
713242765
2007528915
329566595
1179689257
700332762
1104206662
8734614
1026480805
1432947771
1185167762
700763647
123524234
734242108
1215843706
1075021552
1434112604
1568001497
1713286688
412018356
1222861170
270158705
235682749
1544742033
1952647777
1428665228
1432704770
2026116007
1861055426
191504609
957090249
1925713207
1562380936
603299980
1435171994
774508651
1344411485
2138280894
436974243
586738089
67562349
1286711823
328949021
1164627730
123094172
974945446
590250608
1160638217
1148158336
133061448
98141639
600540290
1841854573
1836086596
1786169260
524685219
1042370373
1571214062
1108807264
1769265530
945563877
511167360
420676517
944864145
1910397417
1249540459
500774259
1186216980
1677511648
73352238
2011802759
984660759
1796576663
941542134
938865993
492057350
582633763
1883276533
975098641
376656182
341825345
2104993212
27892911
1551040427
1173603271
1261575202
1705635244
199779178
488610021
1548975954
1090107751
1994569232
7429229
383874311
1169459478
1457072685
994597016
773231474
269692261
717995852
1268073537
1998736208
521122880
1078500710
1918226662
124367765
116480785
1679611339
309241326
1847684908
1014704631
445006553
841421668
1047365912
1849700030
1914593377
1979448007
129056462
1469366606
54157378
154089160
1821127485
242746432
209697033
1998020529
1017641035
237240496
1007365818
920195657
2024521813
934532167
196923115
982738839
1746651308
156986194
711075065
880366691
86677058
1301123170
1545252936
2046616119
1287941190
234922762
970632875
1971769638
848229456
1044247895
533549458
1822637666
1629031724
1660429511
94709445
724065529
1643936437
2032312679
36179360
917006052
780693382
1997120426
236902239
1386144105
168792018
1258408802
178693599
514130625
1678327194
568096648
919000156
2132666534
669069396
1308658619
833351326
407051893
207861935
726788871
1066413542
239091340
954528859
413920902
595698669
603339364
176729181
1463714316
305778617
2119220355
1866233038
76368428
1061543723
1396254559
1663003095
736317619
922159386
571327293
1041426219
1747008172
825331419
1664761755
466844342
75895856
1769553627
1350752127
264248960
221766746
1114074817
2110624244
1810293349
846370496
422759904
217949351
1041274608
572461564
568936472
550691281
1002265811
963866980
2015845459
1168033165
403776844
1808631917
800142914
1703146410
199674903
728186090
1152584924
738307790
1950990708
777719107
1129418662
1888445716
1354167325
1295300815
329753446
484027149
2129548718
1383260607
592275652
586093259
972226001
752727950
920848143
102812859
1861775847
1828994694
1797100354
1682777718
2039131117
192589803
762085439
1465026424
261689096
1370895855
390597792
1990964855
1346370703
1964357639
23651518
1160475052
644342314
239571732
1454679626
866911058
1048135343
880790135
848117058
1635610213
34824213
1775560560
990262751
531527891
1915254296
23003687
557547704
1353854798
1333157383
789710640
1120447065
1039918924
2082262767
837922885
782548212
705737428
1971522568
1033350659
1472297958
890491602
206290705
1638541542
487679239
833533945
1009196516
118039225
819996318
962238822
2138614515
712189202
2117935669
473549943
99176118
1686815414
1131229201
1030868349
1890767372
1066423255
290429277
405087408
285636173
855706685
1849243163
831306388
1090352600
1235220248
859549900
1121737388
1346436808
832224628
1443960500
564988806
422810459
292476029
1813248368
1853904834
62433746
1764611509
1623783696
2078147497
1988343671
768799605
1682734345
584857235
774506473
1326918935
1660863869
1890397045
982862231
1642055167
1558634098
1650292926
1085425840
1058433858
1499245947
116762169
37684104
2023526826
151399948
954645633
669643349
2093697187
1587340439
1435075370
2052146906
1878663767
965031544
810305953
98579643
1917646464
1923499239
634926748
1346853860
975775685
1756797939
1047322230
967912540
471130702
346430774
16448727
311312976
1441760449
1820392379
940259341
1769394246
356721500
1421407514
2112108543
255256146
246637745
1469600441
443169957
621880327
910135311
1759000158
112997671
1712577122
872808557
1672458653
1663633760
1501368074
191600231
1204271918
296884108
1864474156
613853642
1116576952
1193582524
809812956
1375826005
1015226092
1628160901
98060808
808042000
1252025572
634999415
116681333
1450346903
894344299
164243387
1314143171
2040289385
1343262425
984186128
1464858548
2069657896
1247382280
1810196584
1810705649
88166395
470231873
2118891269
53199119
213877379
312082186
1636887704
1541504968
832155316
1830461984
1372985570
1110308928
2034754236
877693366
1326021047
1641941148
1803490697
2030327340
1641139391
1175862061
957666138
1338372883
1732139204
2025012684
173885047
1509858186
981701083
1618751087
1553172840
1813062344
1409736904
629700205
1154109589
920219719
1340526077
1681695385
493747332
351887430
112680106
2065835720
1147897052
2006370883
1444289865
1335526174
38083875
1734891968
1226137446
603899838
1866804636
1022767123
1234543042
1203286114
1155834853
1167385729
1184425802
734670511
284914425
2109041246
1956861475
440052227
1854567289
1366325981
767590054
247321090
1931371159
923723224
2126993341
300573773
202795315
1072671120
1591289759
1163223898
1216477721
1495202635
1080052810
1026039335
1337041984
60636285
271034386
682812953
2006754005
1965743857
959650525
375015166
1179505099
14754290
2077295644
654853891
444187150
488343789
2098330674
1430347282
861796101
260833015
1524631484
1196771194
1745138625
53124182
1834840854
1720123634
507791004
589530777
9905847
1891733830
1518474945
272757271
735409626
1689940220
814660683
377441799
780817819
1729861926
173437632
1705229683
1478290088
1936815829
1296140461
431790500
1711402756
1977286133
1181203207
758729158
1307486031
962112296
1259099519
693191047
196501371
888806773
528393157
1958012981
279141591
1776707229
627011754
526457027
1083513838
831609626
1614082378
1628619079
1106625790
950783903
187442138
1433240968
298234079
1693619000
920266172
454315579
263437241
2081682973
1450044298
2007974324
1013498082
772168081
20075255
1238767245
365529652
910216613
1944007609
546695172
544899038
861354240
1849391595
1940819202
1644894871
2141441084
327241842
1176579797
934771639
1556074405
848561190
1164311932
1756964182
1424434212
820590194
18557365
473575126
548578958
533620964
1417643668
1296713474
1133182113
83565397
384095435
606771581
970424007
1420901261
737225017
483258192
626057440
172076140
2060067578
568010591
1991241810
1184086022
107797975
1210322703
1064455396
231046223
306906620
689101349
2036350494
457506931
1348286925
2020142078
1476851194
864779533
404140093
452833772
1127872928
1837888286
2104198279
435674709
1825538901
1727103973
475998728
1108041584
277508400
1043495691
1520241085
1704764865
1672425116
384650753
1445468894
847055646
1093053088
214603602
726506307
462417291
233811683
390006656
1757373209
663450460
1127416831
1135392461
647332353
2009627972
406950703
7670544
180790362
1585023532
391006299
1154959249
1229696099
1565577159
1266138579
1034515127
150782750
1023306502
590867750
1024003019
36912785
46701991
1484148960
989814
1929884510
373949106
1290636366
1112168159
1776259347
41948306
1942725485
694529424
1325367408
207123208
2082503819
1267271047
1749931314
1816191251
2140749074
1909966884
1588441246
1997903863
1844856571
657834869
1113704916
2028198083
759538782
721620338
1754705001
552080714
144805006
1998907060
2060434294
1454347594
416657544
1437265584
562277193
1001309812
2036291171
1629124114
1269762742
1223829153
435973289
1862744929
428073813
1659163993
1619732695
1259319360
525908490
1211126912
59714102
350848962
2147097456
78518009
1297184261
1427243251
1611402685
432730200
1160693805
803165879
854028766
1285531527
694241669
1402705170
1863744468
1947067041
603675480
1230844702
1511438601
302833043
1297918741
767806041
1879091346
596000207
371403903
401073426
64992554
970324659
624007412
217019784
774827292
1363865903
317348624
209536567
593043559
1860434943
1488370105
1958013033
299536884
447604628
909300072
1428893143
888025929
1776929058
1085554514
1056404898
1083223770
621501121
600138671
1608543955
1104683714
1633215703
1246059884
1199975484
970761474
592851587
472017022
851397319
1928244933
1844612393
1088389906
884953446
1106724587
640558996
1041118099
1405533027
1344759725
2092764716
792466798
841890480
860719774
713839183
1645114584
316314451
1177952588
1771285909
379615878
178905831
524603741
1349982847
978805879
239323666
1889277747
1611774218
1784453972
2002087029
1427804332
1482833144
1233077448
1472440667
1716663469
1842618654
812402956
566578775
53978076
1268317612
241424088
595960345
373397312
1806997368
2125848708
662768256
648647081
1019381121
542979574
172498486
1969905344
1986078206
579931175
1836221096
72185387
703435509
1892894174
1540257470
809931729
1723185783
1416028363
386833657
1798126250
1127464367
1601092644
1926297673
1298485965
875889551
761282430
819314802
1318447541
191974298
996239285
1250816426
1483191352
141962289
105998242
1209665254
1122843915
1884324809
1666926464
157102135
1435436948
491194763
846164899
1478537364
1098913647
1153783113
678786639
2122370805
2000105555
1281648344
623335499
1282596727
2145186351
1077900046
1983828296
1399102287
198733420
210585244
1445940510
634574708
488906401
1709427768
129039663
1549987361
715682614
1070441512
611170995
1450961191
1609529406
1367937235
1238586966
115516478
123865683
1701901358
2123526505
1623615872
1893512983
646283974
412194507
788354089
1883458077
741422748
1282704496
901962260
897814385
605220024
1444778804
1485138640
2058183200
1472719034
846363401
1775316721
1611647633
846206735
1297983141
1274609268
1075097965
1457355170
1766006499
1347257063
1728413726
1637873367
46912855
316050062
1195606163
1372777389
1324425545
939553429
194700394
89518257
829538027
556765035
107706379
1872347723
362329793
866650464
1570343489
545620375
456080389
1368998965
33674150
619411967
774850388
403982133
1102609987
1189513348
2085511577
1851248981
740095549
1035243895
1241619023
1287645883
2120726266
185543980
679783501
1127417831
683566122
1364215357
1989033123
1800586014
401651310
1531304925
1665512140
1429160351
2085029688
623877968
1860822551
365911194
304061767
1377547946
704465397
174267160
867289600
588499668
1485210476
967591252
694379366
70768514
1487930803
876569732
911290829
16806253
342203393
1823626069
542930473
1002234366
434763891
314889488
127254315
33048352
529449885
216805794
456555943
1685012952
756640696
1504364799
492372161
1273502873
785974496
1390479877
817559880
1224955092
618968514
1263742751
1919383720
2000772141
387839585
1850664454
514254983
866556333
212224804
1930184289
1287192561
235179078
1683925555
212089014
1260702523
645566421
1346059439
13694454
281898287
1049392046
1991209177
987272222
1865738086
2007578466
797677313
554995339
1570132996
1463407667
793933695
1703203319
1255073017
304120495
307214838
239059193
1928850557
1921916987
1985079836
1286320025
584463779
514014060
1766641994
299748649
1465748785
1109206726
903789114
626321185
1828578849
839899532
13828902
1752739663
1544149453
167352103
568090906
1035493987
275018832
1201842506
1110592846
1223204851
1753299956
2056185308
1873049775
471944218
1425085639
1436820843
230384187
965179089
2014707971
2112036215
1466995157
1802292049
1061989032
1472411342
1325725732
1896129043
357893303
986787898
1054631085
334111843
2085856446
30379822
118072457
73306171
582566836
961174820
1627306648
1620714278
794698571
276293629
1791987286
90786428
2079694448
464461177
256990183
360990572
1397100547
674939758
1288784565
773301423
812658283
23644403
1488419004
2013218620
2116447571
1268334197
1048492438
1533469365
1141262890
626515364
1068443518
1188192353
1677202723
162274616
1567380089
824492253
361730950
415531856
1339837485
1618638643
2122490591
1560252800
1225943207
1888904556
1404974529
2000031228
1555204995
1227579902
1384807870
1436046107
48614229
1910916745
485211990
24603466
1361794167
1078661548
331382308
328619633
946903380
1228876343
831000403
2122890215
1340246962
1631923187
492578182
146011218
2145233861
1235399291
1188176489
385256035
1818519542
1582372784
1867235708
103592727
14233271
444560383
1395381330
1043092844
2138005045
194434365
983569330
1851133782
1325331883
619739422
232014241
461302928
552090502
813741798
533912495
1272146064
680351469
1299479673
2091387996
2127167833
1033956257
1855611028
613385606
612079491
859675969
58153591
225767731
1732538374
1154095358
495158564
1360590378
933752915
786486938
1228856692
1764046770
942993714
1536110134
302542064
746739025
958267686
1145260341
1831578181
1156513871
2020241560
755204089
1246095361
2112450765
1142351890
26234492
1951501434
1745344334
1978310735
792906537
1597528355
325447870
2130467661
1844229999
1936720296
1886073858
174629494
115969566
593119306
1128021129
1385913910
1737318106
1330073762
782469891
675910973
1039954561
885754628
1560534415
741991097
1831200901
75758331
942316645
529814851
1961009123
527417928
575402
74338531
1547502564
131392255
1831601147
1234862839
1871265041
399409070
1712527424
708738195
571806245
840181220
2052585614
425481425
1744317769
1970515625
1743965607
1862445487
221278583
1971281484
1265212831
496373557
849309815
878556632
257674907
828453984
1938165531
860160112
271279056
676914142
1704673427
1714752228
2051130619
305667673
1724138747
345030972
1631550863
791305571
1088844243
1991993728
135580624
23218137
1374819179
2045952857
445956213
1474427159
212299243
2072198653
1891823414
1389679395
1261114021
1551070308
756558649
1204658769
2069758060
1493306984
1645357938
1809067188
1033559290
586451762
329511474
1112484307
1269768443
564360356
99197723
1403742073
1075790039
1131359755
1202508769
1241987774
428509526
1307238154
626744293
417203202
48507680
1377119884
1266230028
690564640
1810044966
1831163175
5418659
149560775
1947785326
2066092811
247048663
534964186
1755941488
504068521
217755573
311695857
1779146098
60443922
417320399
1250156150
489147293
2095505388
1573070825
318600596
1575976017
1581925400
1852892576
2026306214
875372745
1739577518
1791363274
395466270
1285151395
1066079809
744446612
1662129016
793753286
309788690
948465793
1063772425
554918545
1492913031
402577037
1817954077
1236458782
817338748
851770677
594451139
802045027
508797535
714256041
1153387885
977027617
513503494
1134836879
97364665
970483592
1195904736
1623447720
1736812716
661332466
726277518
948949205
96488325
877687811
1409753594
509559182
1427068813
1122721204
1098445832
95885513
574950319
1241202762
1653307924
1719546212
1561283080
757597352
1875583243
1775228015
179371924
1260557754
734692465
518581461
1654351853
2147042355
1674330460
1615331800
1854398870
1061557090
78833709
650788342
834717952
939542922
1744720723
142443903
524048413
214248339
1772989429
1752183119
842423505
17304616
324729203
1962730791
160430851
1835367028
1751087497
2077622698
65010373
776055794
989655586
1236472193
1441560519
1641808823
304968410
31527461
1863120625
1591656026
538032786
335569939
967286149
2092212732
606299957
580344113
818501807
1956846742
2106927711
1493990530
1783312228
1946012707
762050497
724359660
502205732
1691303924
856744244
1327977984
1167946819
461457316
1431098461
1126416982
611271026
1335108482
1306277305
1082713621
2099758087
1604410664
1617674044
1637748711
868693784
1063616124
333394724
166712510
1984534812
1889987580
460669969
321243352
1463821814
1402130295
1473152307
662619935
1128998810
981547203
1517913008
899851825
917276056
1599124178
1379994499
1596485999
1420726122
1514886819
291693559
1945454848
1095323090
1802202041
1083301693
130452107
268125189
1940600117
1118765817
630784179
1760475229
1298033336
780339097
414624093
590057778
697470787
1280443316
161940030
1154256604
701093947
777399993
750910585
190358975
638361318
1764272630
274685865
2061138703
826627280
1193075171
1096095290
315798775
1979997280
1342500329
2102176712
1230762445
2071091004
658588841
1524898595
434774640
721084629
1179283397
681983221
1919994406
1433172168
1170324026
1073314797
592880342
1770548709
406265098
1815947472
605427715
1359173922
512557281
1004179635
1684924822
273238618
267800011
152671890
824689374
2056818317
1894619812
1367241624
1658816148
2051441722
1493506278
397820670
399572517
1767760111
1137561733
758897296
287393440
860859141
1022103925
257840943
1954758634
598429492
1539466986
77785000
1765296549
556794633
705082032
935574093
1925741583
1545200841
601202874
1564515228
2041308875
1598292185
185758124
1501810104
1231936337
1222040970
180121210
1246710737
1396498107
1088105341
458384078
276421063
1101457087
1420835578
71147020
1546642999
468156605
944347670
459618971
48280052
486613072
1782287236
1450073343
1749463797
1131450172
1603147149
476163370
1165626845
2127799004
185229792
890773790
1673687723
1988680811
1941419857
693364592
719216590
1810874766
74419871
318738973
199428529
1914302119
1217523799
103508678
876136034
226987001
1367100565
2118358740
1130905177
442502842
2006804366
34953722
1246448293
1265527062
634999389
2029081190
1715763835
498811516
753656603
583982294
1904317186
1060436689
346115383
190660100
433827560
764036849
337929088
1463233781
410703698
1674615681
1128000506
1622986347
1282673091
778121620
2026661447
160115445
1274275387
1225119866
1487658651
269431201
835794819
1941704893
827506732
151761697
417247849
1438790825
1564673621
633393080
77220720
1830895248
935572485
1781311692
651511015
1898849839
1479950975
2092195224
368613936
1614161349
1053181872
1123043481
306766732
1426197624
1679060355
1438796924
1835511620
1348423964
1899795376
1629144024
1097268765
1486808065
1088928269
1359396560
429340267
1937691445
1952015632
350463656
544204061
1973851131
1104115991
449429970
2127641128
373162223
85742096
1316450706
879198284
1941155998
1564042411
1348738225
2023138978
2117034226
1926569005
1119861704
1993619738
668566869
1943098303
1894810012
319263725
859377374
1913991867
684868800
1254252434
276565415
1781914382
890384364
1980918638
152843073
503017589
1572908839
655954338
699871365
1646915036
1245194517
542284038
62950189
602618352
530733758
825273565
319642553
1143349999
941209784
169483101
93758760
727554122
1175359925
680856060
422445606
998005318
281727073
636964461
1213273041
2137482607
1067930711
1733526827
99621427
1178989811
528716789
1434158856
655757488
1690441219
165608671
1735564706
786203189
315377458
689374818
602715102
1561204165
1512080134
270596652
254166838
1030921292
1307741569
824309661
49622213
452488878
1790047762
549366488
1202110479
883096862
1725072217
1798467030
1908090167
1584411831
2124684042
1318746553
1605290922
2066569925
799592088
1952683399
2034667551
510835613
1186469169
2053697738
1972257856
2085760085
1996786589
1475279952
2102700149
404940534
1626546226
904478102
1182980088
1221133056
1837433912
978832289
450550954
1152937839
754907461
1013808153
1060245642
1660277455
617252761
637980720
1384878654
513551995
1431878805
683949260
1449290329
94661158
2042638839
194042763
1316490310
1319353501
1662741172
840113679
434704437
2105366297
582422377
232966434
164270011
1234804729
1019391753
573544562
2136043883
1698013993
1936526960
957751742
824595541
1784405478
1001165392
2125339598
2074364129
2101686481
858601639
39014134
618408457
87605222
16897269
369851052
675654378
1557479902
1121422443
195314130
1685593951
2076241588
132811300
413117064
1602326320
1806470992
1101680475
1016019731
766774124
1407250991
1907522927
1291782752
1777338905
1432197037
36008403
1197660477
1620795269
2130025540
2096527587
2042077056
211236321
1135377227
1571984089
1843762113
1886226834
2110964949
692596499
2091503368
2097695046
1526546802
2030434076
548035631
964819285
614637133
1384040297
449749549
679645105
293830275
897688381
754996179
1580867332
1185832407
394524225
1616876931
1430112795
613335098
1207491902
1456494212
1255713518
1193547874
1945886843
1738970090
425170909
913294592
1402003253
977892573
937777134
419286684
38983472
1723154288
2096716577
768413433
2073621999
26170409
1029244020
565912849
608879953
286759335
115446469
172191063
1632381965
1767240916
295085848
1583586959
1165067012
1323804922
1909691073
1251799117
2134344018
376585618
1051415100
2011570642
1538321763
1325987464
969993613
1854237845
333891932
1696009758
435718132
1885152656
773467502
2026601147
1159197454
119180998
1747336933
383563656
1480004335
459400439
829862321
1404679401
1347632519
441468528
1276479173
999685434
20373951
1470797832
418996576
1463792933
144793924
1319274123
2060740118
975282200
928925703
288961236
1734194579
951573546
941291680
873160149
1750191624
1742298791
1298255812
1293849199
712594824
1943284475
780389582
2141999900
756588570
1501957443
1958707517
1857732810
216353209
1420070782
2094716697
1585762936
1161901563
499187259
895855895
1378469377
1622003284
400077166
1868326324
1170183548
1275732974
702289482
592168174
425151940
1882750330
1096582861
1671537917
683174471
362947823
1214864751
1482517472
1303647199
1968702449
822932310
1799938879
915439031
182685581
1701014630
439005466
1496869751
1863563238
710003506
750236907
274587147
245293560
811211587
179453682
413476175
1006107277
819532203
612970301
1555397366
1945542413
1845089932
323592184
755096320
1553933746
453522345
328619969
984324594
1132339022
239552534
1099518287
1997003607
636466218
439906484
1240810777
92586819
1499645271
181029991
2143027176
1642990381
1250207137
1383369260
233924835
1828779399
525117806
1489408214
2071110154
1303397594
533733477
635299669
1672144108
1929191059
728416813
1370569697
2018618126
47236443
518887176
711931757
756014222
2126120711
326008181
412673127
298375172
797818371
934935250
1015044688
1764178127
119466765
474318470
350990529
2015456920
1827101065
388621560
1192303730
1464727160
423318711
2006383538
1249184457
963955664
1185869336
884988696
310074224
2038086777
679936373
1161909100
533072619
331809704
66985537
329160465
1163488533
1772868739
804722197
426660379
12715890
1271335350
1141846456
848369530
256478871
2130597005
728898576
718975700
2125860585
1041224170
2079526612
1536358514
1470192565
1893487531
680583541
708857827
824939209
539743501
1565529425
760049747
1990431164
781198268
395652273
1051429206
1695283087
890292544
2014841453
1276950298
1088424170
1548211977
1719563021
361240349
2014434324
874788718
1052238987
1369683187
1364089519
2095568937
613666624
1562196268
305746929
1922148958
27506835
630799058
1193286069
2108081198
2011146032
641867492
2004315603
953500599
1164586388
1381870786
278350837
1064774467
1342660653
770699840
639772528
941721315
1001358597
1320516300
136353876
185205168
503092349
1337368994
1674954181
897757077
609531159
1479009973
1913958944
1477532932
345106297
1045723197
1967628408
1675517393
1221166074
2092041864
1676075633
1162103409
274432427
849922338
558215873
1263666625
1070827301
2084383207
1625054860
1248773873
1443471744
1733963555
1249259422
293341704
1940259617
557853511
347975175
635565731
1682681881
969695993
387275431
217987673
1500632994
2037778772
241384122
1254133126
752678306
566257849
662388818
768506160
1500929569
1602568023
1492892516
1544896704
1635152230
1792250601
679351477
1888657607
2090196559
981095288
1790866029
242421468
263167067
2032395665
2103344398
1423616163
1763969539
401669572
229213680
22099689
900517054
1818734897
1020868085
445710621
154424025
2136662942
1707198982
814663717
507617318
1746134333
990332129
921845547
1736343316
56123870
1496149923
765953962
178697165
120346936
1807233740
19737351
1304333545
420066993
1948540641
1373843414
2063634129
971714017
1955892411
1640633244
1981141925
1175846440
1264276387
1758936919
826729237
2079388062
381341151
576734029
855633758
344538327
198436460
1891720364
1493328762
1785153034
1091686251
2084550016
1586245420
26463245
1955366787
1605781857
1443805629
1516771757
1074936560
2096266973
1575056219
2066502179
577171148
839371374
306053538
1238901921
1270538227
1790351880
59460269
399276591
1861130378
96995477
1265365039
587228242
1510054466
263607564
418877193
574497581
1412170192
1112103620
1537427277
52539910
2022640422
169530504
26387891
1097362263
1494385659
132399573
1479966172
199369160
1175531105
1277725458
1719200850
770627680
290371292
482276235
1825570490
1578353638
1006351966
1715462030
1354066578
74705390
1550490820
493813928
1752354812
465009562
746610983
603791239
134414735
986501266
302374156
328171201
1156156246
980532653
1016969366
1129139527
1068624710
832393296
2067949582
1072849253
936782978
723245263
462723279
621252028
1560894350
1540068107
1024759543
1231039137
1584186942
753354493
614375626
513259250
1248483239
840220679
1376759313
1750225807
251798354
1926934345
1957292991
57668419
1673461941
201496991
14656764
503242084
1789139777
1749470102
2065402207
1189844920
1062588080
175727614
1571358236
1803790925
416531208
577568271
2052036824
1950678480
1978069362
1358853966
1350773021
2120959671
1421789003
1744335552
1339134021
1979683597
463692970
467299706
252659639
2126868510
384003417
654407659
1193258435
524078986
1067537888
148678677
2062666322
929426547
271478573
1260621635
1257716517
1723474271
1125434678
74165004
1895926037
294416656
938308425
1864607433
1886113238
1728507277
1348172559
221383187
2145623081
894787463
1852621674
1053081889
1108470733
1545469253
1634103463
533678584
1951157649
691211332
1788780058
1472170614
852406488
878471907
770926929
1802771789
1739609510
2119293555
2081188706
148258601
2113671619
1663949086
507347195
593138431
1439098929
1375985601
1506526065
1514732368
1738259277
2091009245
772050265
309118347
76194369
1252167201
586942718
1204854625
563861102
1397795386
1264770200
330648881
1599972229
1745994857
930764324
1221748483
583839790
1611639289
602867211
561200679
1728965953
741958700
566312201
1916705856
423625468
1533457491
1298533629
2091296223
1492449066
1549413561
1305614574
927550347
1292171801
1744185161
383093628
711853966
41243980
1182557480
616153394
1636769394
594423861
1563362780
1795213876
981141811
1348401073
1516256421
330707484
1109273934
1247993118
517522941
1670993893
348116785
1411403439
2017487016
1738208442
1598992249
921785873
1359126214
1301535416
351787552
853997520
1229858604
766268188
595038853
1143233925
101716654
209260233
693742231
958967309
1727853594
1162129271
1136731747
1739995384
1658740296
1357903767
1062872612
1843326330
1172681763
826034297
1314527278
253249088
1321195844
796806233
971468881
1651353072
705094009
1883468274
1192743426
1077608532
441979778
1919322833
2092377421
812855510
6289261
1350839972
14199374
1856870632
1244931565
2052484695
863468722
90195723
1595287784
404267737
545355918
1477514549
300808621
622799812
879638862
1202782227
108099584
835086380
1299621159
1843247582
308837269
1599190415
1694711334
851319401
961009163
1693668374
1597915365
1330157887
1546721717
475824517
949901747
348716478
2145494636
966321735
1005690827
1967618857
856953265
373687400
1552288047
1512119092
13558235
772033706
1037320472
258599798
1445900249
277137335
1336343271
777161418
1539464095
1237525522
2049964822
151682340
1854222310
1772774942
2091350477
150559248
751554873
370667791
218256579
1583143780
699452621
1505558986
1467679008
489732153
1165436471
88696472
1491814944
790858159
1524537631
1493552094
262278148
1368225553
575837312
951043152
1669814857
909567149
15443948
110167422
1648313045
1893959193
793394492
1184715422
130399168
1910688756
1082991463
1446252153
275829876
1211596217
710470867
1070045061
1936925384
589238611
808852519
603734858
1083260629
205527855
657263816
1050281363
739757838
751008888
758892805
2045111887
949702276
565976
1500004110
434192249
1355700601
806280093
558882942
1141674274
480923316
1272741234
1838848150
1189958395
64769951
1106349819
1415537181
491689046
579794658
859346001
1711378724
1712546796
126683120
686846538
1187548627
1706189822
1405852219
1811086011
1518118627
969193424
9566311
175282575
1888591564
1740779258
1780223409
454688417
881957097
782551898
1497540121
355465569
1444120814
790089456
742870149
957958403
1367664390
2104739130
1283677377
1227962090
938486745
1553679801
485740560
721731388
1260158341
552265466
1069436651
483533883
12916731
946274539
1793971912
286162799
399693536
457490644
1272150055
2092422713
1237711643
831079713
1489619410
526574091
1188317369
380398773
1329121414
792523536
1364573109
1342997679
1991188286
397719275
359875220
1628829699
314081058
1101693013
1587218634
279993918
1860119522
956759933
1552603563
227181798
613365805
1704657078
518409018
1406579584
218074359
1827907114
1228635974
2135026381
1205437242
1624842250
1862436782
950945208
398353669
888383279
1930740432
552568559
57653310
231989537
1400322255
1776162187
755075867
2011738223
110072775
949248810
1244302086
1510071705
1026574904
916765585
30113146
1358548185
124573399
811704174
537620559
1888978431
2025265598
360282227
341028263
1470752498
797894342
1019589262
204463817
1304075107
193942869
631783227
667052361
559227449
462780305
403340184
1847294090
344547314
1048064888
348535489
1132000021
877786917
1439674615
1288843483
1193267227
1468367000
804049761
1591968524
563921826
2082231495
528811404
1816503438
603184610
321495589
322817046
1229132558
784521843
874548904
15574284
1400080559
620430090
1880938633
1194800973
1185957605
845678032
1124815538
1638339674
993726772
1273093040
347627253
712072695
1707252075
1951350879
165635889
319144301
1331804690
486245804
646291872
295512201
1592410995
1939342521
733339199
321702042
2126208624
1777327124
940027205
986961914
1947131851
1900027671
2045279058
1131565372
256469325
1664117260
723302814
544787247
1785941826
1418815990
1572031487
1830385527
858778535
120393435
240835783
257493271
1858771781
1850955837
1858854210
1339770837
1042323356
2145329155
1681049939
1955935241
1266495165
1043946723
618773756
715584133
1929840389
1463176501
1138189982
793446659
463297231
1615568591
398346879
1803683327
740495433
403953982
479117212
970711725
687757460
367466282
1457595728
1422094585
2024162803
1532959005
141720679
1383447577
444365137
2057155913
1709807574
1783618048
739299875
2063662580
2040127668
1106265851
594004396
1387162460
833595026
984427362
748278346
598967480
150087119
612857597
1689462797
540662946
145846008
14149505
566131127
1677951295
1688420986
1075616402
1512922706
1787543385
438501934
1096057698
1058662653
1689087679
2045307920
2118672870
1440766277
539913205
421031150
936704763
257085211
1325952477
203293268
1782382780
2043782981
1843966482
224101952
107258196
1865048909
1735314664
505997950
156093268
2132323752
441352928
496352444
1655888740
1052752817
2022762861
53006542
1517488163
1313657905
555118044
2476264
102815865
1720429989
1691117058
1715910970
1519870740
880345908
286918822
1668970380
632526952
1960710682
130880839
1630469931
845237916
917926856
1247839140
1633244520
2090894750
1805604867
1752757718
967301412
183004709
443711339
2058417171
69493395
1475014751
395199220
1930105879
420933329
1969304006
403104701
506065200
828006189
1195603953
736538603
1293919336
413710417
397093231
1524145320
1693546118
1571891826
726557680
2138993856
1726651166
166947878
1360533419
2075163612
684514295
1119254501
1600981973
406456128
684676806
240879825
1721785476
920344990
106750340
1026067156
1446192876
520116332
667410279
615043431
914575414
1112267867
48566933
1774892585
81792413
1691464078
1253557613
1923427932
172005336
90426084
617004382
819184324
2121587923
643282196
1661580054
25562977
140062648
63237333
908531726
2057531588
363913450
1475769607
1909670056
36391294
907503935
335595480
409149133
1898764709
1037468187
1257643023
426658777
815278071
1572523709
1910124887
2082708305
181628481
1253566679
920228477
1240795237
386782028
1886660
697336455
2114084917
571931031
850028012
469008373
1688512137
1677833354
1312496552
995892778
1216892811
930557178
95682329
1612753339
1905315318
2104141450
1879758627
439619459
1429290697
1695367433
1995088716
1538983585
565750195
794641869
25508620
1812680202
1157692440
1551529112
1439720154
2088332130
1565418142
824462934
1730661307
1768269977
1119396191
1358627259
2031165014
1840604193
1034635403
598101360
234493058
28750261
1120868797
816100229
75028376
804793273
254849448
1931018525
183534844
1310906782
2011946940
1852511929
250164843
798436163
947272579
1247771605
935479149
2106994438
1927147241
391720088
1705653689
595661456
1376642713
737578193
1003980921
2115563959
1690075967
1685456526
307241619
1452667299
1579290924
931005586
1673973366
987043279
1929483806
1873813876
665239606
536928415
1716383513
1964375971
1620673808
1546569805
1116083333
1813082022
672593592
369491337
1263682503
614272342
1858643855
587657041
172504695
1508401943
140978798
568697299
967155065
416641217
580005201
1646626515
188323664
1498999901
1654580321
1464577280
2136902589
400454124
421259394
916158781
943378366
1299863551
292715230
782923759
568816385
681588570
206326502
857512745
645172495
1113623954
349233989
396775618
1967378030
302225661
1385505784
1518317126
971344424
1690150600
1013922892
1723516848
1504000673
738315355
1189615165
251921220
1076137063
973020915
534040153
154119987
357841766
1765054681
1014601970
1443898311
1568189811
373899872
936013244
1106940821
896677694
1415065455
1035961998
2096295614
1787165651
54598693
1127632212
1213716403
870805235
631417614
1159723801
437845988
366757408
83904339
1500456310
2040613319
1460392747
1454955155
390158123
2022591586
777186217
1138241053
1986728272
1872943789
1561755107
77496378
1273976696
1294339146
2074138732
985050384
1242418886
956949232
1406451147
111750793
2142183786
202029520
740539588
984419700
846158594
401853413
124508659
1141123202
1041995956
1494917382
2001275308
1712597974
1997773288
1918735770
1678415204
1909367106
829032306
299497321
1946450990
10781812
1799563917
2057533646
2122150424
605337535
569185873
755791813
218902874
536703099
608068690
1899135647
409992771
324758687
1852133262
100820721
296917224
1914821061
1299940574
229257315
1984860603
944511743
1832115840
1293932149
56275165
146258076
1701704800
2115041875
1935352429
405171910
1708680579
571163430
231255462
2053887256
1358796166
1752307020
1853077934
1520367232
1171393735
1278846079
1947944769
2002579423
1334801786
1419970080
1705516966
443156153
1191634978
651905611
1073105675
68181369
403357356
639100208
1519657324
1842705954
1882736003
1423629195
1982616506
1698811503
579539002
963120751
545442589
2098019997
406125464
1905747464
1941849239
1053581691
263177659
1167645782
103364578
21762449
1276125161
682416881
277204975
1221197160
1657304531
1989653611
640366647
2020435500
1049284895
1452133033
670869446
517573153
1406380881
1824736966
1140710795
825762509
1437088323
534303742
753534662
260707546
921594520
1532571310
1834834906
1683027494
1759718289
1654554724
175092513
1214841752
1921221107
1371119607
1815219889
1375489133
2020746463
1771031351
1554330345
981011483
743590085
1888741726
466553920
614389132
411077865
1702255357
1175240898
1143011198
1378828746
525077521
1189786599
797205226
272713137
1728458268
239569914
1844512993
1242135668
1225180711
716320141
1596307775
247457279
243889526
677455591
1528003889
246778781
1963156376
2143128958
2105554705
1889809874
893708618
268749687
1492089105
389648927
603794813
1438408192
79927231
2073928152
2098537200
473608818
609976817
958842692
1076629755
1310092611
806239852
842855996
2079678823
194234922
1596999959
1590690002
281658529
526854391
118681374
1316845911
270772957
1635987607
496922130
1950517038
1349699123
709867261
717935717
1761694452
122477432
1661468615
1815921405
654751727
1047067829
541968041
1945094758
1170951141
850333544
1678561826
211642404
1302682108
1380463406
1580934403
899510423
518464581
1724826815
1101576140
2037155287
1884916827
1257389540
1856822955
1084223782
1209121056
1133372559
1340301233
861536374
826678473
1294241994
701097086
2046712689
1410991875
641529100
899210215
1797173017
1105735204
22661874
130300257
1100027888
1410188792
104338454
1635980640
1081276011
749415705
2073222337
1019224619
1341286546
799395316
320165411
2052887385
1445519600
189684088
1734173822
67901526
1715270564
1302274986
907935906
2011325145
958195483
227009521
2073851560
269541269
1795468768
102666538
1659928530
201018441
1188257634
622294737
1734322246
163509383
128267056
996375696
1744015540
427012461
1454803407
899297853
13616585
2068963314
1203561085
1120744747
1253584240
1449262006
1500951975
1972342551
84695472
725586315
725369596
1342522850
1535237493
1437566184
934733943
837212733
1654572878
1933958984
1647584029
468738205
523977361
1476111657
1020564002
1189363109
531403341
2051956038
376801126
1721145322
222067412
194909462
1624352094
1399042934
770585111
1901785414
461688648
1318058344
1785380424
1991729474
1792411960
139733566
1193319923
558013170
2035053985
915568613
915076173
589085523
1506664088
1099800166
1121520145
387360928
1577431259
451172773
1516025414
278675254
773767729
433306579
344871207
1115219701
1118741620
1846763664
691975309
1761312093
909426835
382530714
269285713
757463059
1894140129
84178667
1683775571
723486955
1814844932
1065178996
1781205931
1050100295
1387796430
659546684
1392799793
1671952083
137388097
1510920911
214114794
1478919469
2065586319
1090666664
630069362
2025939094
906861948
728263657
628494181
179503160
640366183
644673908
1314596693
40736189
68244335
951472251
1973647955
2075820808
1674050706
1824139198
1230300854
624206589
1272862761
1389252792
1035151431
1216484095
474413416
1633203855
2132478428
1311062546
1911791806
1173606595
160468625
1372050762
1733206316
466931287
7522128
227511375
1077372930
46019261
1126917199
1594140982
788605459
1917845533
303781556
1834259925
1069938203
1574925097
738475403
1957322436
236773660
1730862374
1207183353
1499338172
797837139
351725696
1142508530
829233091
1037355521
1761569432
1987167867
562103029
317920576
1358910872
1723428530
727981514
2044632610
1417406865
2125777521
488380797
1951693747
175022829
1931030528
1335521070
767421925
1099380912
1922634475
1976504470
658266875
1575090843
122698559
207060918
1473147665
1660726197
1523125820
67617255
102953015
1890799581
432915263
204800123
188900580
1203209085
350320658
1309555413
69373087
1542670665
2034357336
107857463
187943549
954762057
1974155050
1999710332
964919256
1638898125
1596742246
1961357632
1719998842
144778269
523748963
1128337865
609779150
328451420
56392199
1756731455
2042486379
1624049292
1434244724
1315609091
1737567395
761677570
1468290150
1766489412
699975313
30010364
573787903
435995345
1316212874
33484089
529014381
242080618
838631869
2005219214
1360244601
711640668
2011499555
1237334916
783857467
1757157778
1225777898
213736414
1855026032
1396542612
434932286
1629607426
780193157
1091662382
1588852653
2105980023
1534382588
1906466984
564337847
716656404
2070524358
1111650755
275174765
704750552
1338049427
1815062509
1976240285
1312889426
1008673483
844225807
1148337874
1575573570
770029423
1979828883
1281310075
1722539501
832817970
95212906
700503818
1276505563
2052849391
996878120
954005791
254220529
2014192288
1696024653
1786420247
93438353
1393072669
458941459
1870013241
30438953
1711658511
987217519
978678917
1840412756
629703154
181834034
1198379296
1926372191
587536156
1480440344
2143998345
873245384
2101635714
433754618
866343695
1118512266
1074198200
808534720
1617457539
1665860955
967021644
540558100
702398336
721696334
571229649
1873510557
1803562155
1752240487
748987531
1462612359
132322071
1587826863
1361720794
316791726
2042148059
733670072
1965602401
1057996966
1250334262
1390727196
68383397
931743061
1412652206
2098124725
1176847589
1283119297
323311954
1141052186
277820485
396434174
1333668715
1934899951
1773329519
2078106104
1578148285
1150811514
1667370503
134685952
366590710
1478163164
1436602360
892270161
1414634243
1096082695
1444494215
583815473
1525526016
1432025628
1502374565
2061281392
485532009
1290624850
1996756991
791838397
1194501116
416777301
831088658
2033511391
1996838549
634769198
606250388
2032137490
1815860229
315119991
458243321
555316900
1496722945
1206268713
1082456566
481081359
1578797917
1186113639
1902845174
992377192
776024350
2061670593
561851183
1261895980
571187387
700928968
1742995747
775881552
301728720
352272276
684652242
1322892875
247141680
1277505461
635236447
833612659
1748844214
1530920785
1619318952
1523697774
475379927
172534687
1180773763
1402686630
756762461
587283742
2055734596
263303461
966204567
1384143404
1488490309
1881807790
621506562
1797657418
1156725750
224478371
1240756039
44961947
607035067
208830314
1028617731
1758566014
1881303402
2136496307
2091483225
462664405
141172595
1049110059
333843283
998695562
146599078
1286792243
56787780
607794165
1062304323
7099809
553003568
1796987104
1291560218
1143971072
2081723904
1375618035
1037607079
323634518
1094611288
1894204598
1303231412
1531658720
1011717977
667696494
1110767936
547353766
176285053
1321836539
1107688843
1006169987
1478172514
1616533671
92866639
1583355297
1816224183
2102149776
1579005087
1744749806
1927770055
1964578437
300496379
99546294
1227599283
1468267784
615643879
1494862022
106236269
1842873278
277946633
1683186364
335837795
740442346
1334981406
1126620777
453699777
368105285
1998005706
795322502
2047692905
1668094659
366193036
1673347077
1614679065
187411878
1291063548
1056689992
1054867797
2119224090
1885161730
1894177132
591162940
1549286605
1277058047
1325075489
2066332285
199823663
1788013900
1115268507
1408063718
1070212447
278456302
1839869121
1746460539
876682614
2082090718
738649936
686154212
1764150327
384949670
1208970508
2122525916
1345993183
517351896
2039834843
210144346
657537983
262871980
366507171
437145655
1883937650
1789826807
57158886
1840896070
222334983
1144626649
1187912500
727306087
1449199312
1099605584
241587378
304572607
1818118188
1252291301
44829685
1264258209
1318555206
1729820793
254710279
374274414
1455527578
342331025
732051018
55864545
509700687
1908844147
1354433390
1523192750
1920044276
390459685
1934567032
87597071
41085949
994386589
1103858716
1518310369
1562652321
1360540619
2044388508
1215821752
1756704729
1865228403
1440250084
461412449
1857106018
1293069794
1389329226
1566426302
375768826
210787143
1863754328
1439033768
515250317
1459495405
920617037
1966578089
749689363
1621558728
1757201414
59709936
1677225574
1508612184
1175116884
1292720997
1609261574
1710722671
481737913
1364391193
2061543574
63616359
43774429
1575838962
464074594
1605012526
1868465052
197863776
2053165898
853403827
54627040
1948174279
1498423598
445625294
545750977
885077840
1101129040
133725755
262099973
666416394
2115857935
1543282253
54811341
353968167
1707548359
1437578869
274930719
1735874800
1388483496
471722197
2115097800
382577839
1596115379
526259289
1058420749
878145616
2047186013
1893791604
1820061297
807951298
1002198682
1778014632
1030812865
534692497
179871177
1291470286
2041563143
1175865766
1473374618
1039558106
2147311312
571698013
990037261
1426719015
1753591320
1865665006
354563041
1869667242
1891866298
339971775
332175619
1867247609
1443059799
2007436055
181131061
428706141
1424078957
1712304894
678613179
369061325
430700299
1750000485
1590067038
1860502941
660036283
1351046051
185290560
722383945
1064964468
391148088
1560622515
1006277872
217243459
1727114994
1083311579
1344768544
758274177
409263573
204019913
1678448236
458368054
1981364582
1996039882
474080504
1520963536
2095744317
393375955
1224520420
23543218
1223767065
1042473246
362235102
671019819
1235298698
1692689534
511426774
1682889136
953446606
1061884125
327382041
933983363
930348980
2052537130
1718949608
893450712
1777025043
949279747
1274291211
1970888696
1178298471
57774246
309368672
1113348674
1877975586
1816818343
536729976
1906314037
98201707
760893499
405618759
868332513
110600412
1709350089
199511252
1319994936
1928203578
485882909
2014271089
1897477828
1879662674
220261788
1941675567
1676830743
563225649
302376316
644982750
482883006
230392863
1998324228
990145817
704729869
1919814402
1453196287
2114650308
1366235375
1315803405
1230956992
1236256049
1443504714
1901197848
237725951
874251030
1968855611
746863821
1099635723
1453100025
147076383
819472683
37017401
1835700679
357451650
918694310
1607265725
56365750
799220118
1662040323
1887707779
1447954875
94720325
1185565867
1671806976
2042250047
1076056373
120905416
141711768
44219645
1162335409
301086222
763985612
901221418
2011152908
629006989
1402301850
569324831
2082461187
1747139539
425486032
1569626180
1139755920
187732283
1198548650
467532504
1107099529
2060780356
130783671
1547865609
2069404922
2014943209
1122248504
877654200
1321458387
1336627931
2016372552
1975938238
701826400
1184133436
1526801894
1442546564
1386793862
889853158
33916033
2072982666
444242694
1572824447
270228869
636409952
165806398
1890308890
2101104094
1656609414
1149811347
1634526090
246095182
1191919441
768915003
1253596555
523965912
135957230
57476626
1516879546
1766782281
1577196584
309211799
2126128202
1847166863
1938366121
1341760956
1129818726
1031306393
1038034887
1654929323
773084794
312139071
1297329272
1686671504
1258078944
1751243283
867956209
636432328
1431321900
104381447
1766391202
1669036382
461269328
1816451335
147796383
2122348037
1237611230
365741611
1954601219
61282203
47052136
192857189
1258841287
1435693441
1736605707
1317995126
125338080
285048066
1288505845
1426156277
1881033978
722596969
2131404279
1288239182
810431184
477689867
1737643672
47969356
126533730
918104935
1241258301
689101592
83630307
32171204
1263624687
453234301
1733466076
922059641
271971493
1953982004
359909110
1877519429
67502056
1389188197
593282176
1135150770
844938713
2144871241
413888721
1470642468
16589662
2111539828
817303266
2009850444
719731732
642929565
333666519
422076710
1186071908
1585550336
363073428
137807543
1818439078
2017656289
1364427248
1199322243
378735127
1121133986
1050446997
500352257
1488651261
1007452147
290634549
433486370
948284810
962416920
246008302
1408008360
1391631780
1639800759
2141864093
1155217470
1238555439
376190648
1420855180
200782375
657865396
908476441
1480510805
1704184199
1922535867
1007477877
13297821
1345622971
1683944172
551346155
62016994
1276204168
1180785906
401740227
1505644755
1391911321
58001140
1360284836
701223295
1509273811
2030927146
1880131456
237806723
1715040423
1340762220
1131614993
1860784210
97620833
169270699
801648962
155404916
1198042924
267518217
2095482655
370771315
775819552
2125986715
741058615
1549126526
336638978
821637531
878408220
1420402203
1373543463
494352544
1805462145
1568670851
501053796
422683669
834079802
1219338544
1252545529
381819864
2031739381
1370080097
1608139411
1273170226
664847819
884862997
1775977822
1124719754
1581379767
835363931
295509537
242741185
2118659711
1818727885
844766780
697892180
274415548
1354692987
216513400
671896777
1491769322
235151931
1861938478
273034828
612036781
443000958
931584142
985217975
1693343124
324776653
1567465295
709215250
635073062
538107052
1890082732
2020933495
1842919690
1227541129
385326033
57699577
463511890
805753410
782118202
729642844
273928079
498610139
292269539
198873806
832127447
730455909
429078136
1374675929
716280610
1193333752
202018667
651651032
972829190
1642235213
1222360630
1762136791
283803565
1886758552
1392978954
345289870
1757912306
2059967526
2004306975
97811832
2024982166
1180277211
1108635555
1517388627
2144632342
1225743943
515630066
443640828
1019002804
823914233
526390434
2119952929
715655588
1475455210
546891603
134092176
1714257461
166899893
873310697
1592155308
1332640509
2099419952
199328352
822913776
244311939
2097800875
435503597
1266093568
1779725830
582794719
1596134287
1261891751
640824492
214120629
452605193
644953613
1058340233
1162413375
1682875620
702222902
470422438
1272207756
1694350959
1812891395
1689205039
2113822081
626744287
2049146206
1199030949
1412244791
1747281220
1025243400
1941845139
1956143079
2102770684
779608387
1715655670
774103942
1560705136
908214056
1388128221
1748074040
1291621197
46267852
441807282
653837604
1285486755
1545016492
1051643920
844534094
1201517820
845702031
941896202
1068394681
645069983
1396878150
1786955430
798735209
1538102717
870729557
574354817
766495278
1142685381
1622081059
1855809572
1199297164
1225329291
1269335752
1444621374
2036974641
557442601
1964548349
2088253552
2010529445
986739623
389267751
942602610
1558716988
595280345
157489241
792562714
978341431
1719845632
1948099217
105166762
121450871
481457259
88341841
1774401230
1007195060
1131367803
726791081
702727634
595590765
385286252
133824146
407997792
1314677646
248057400
2070636309
940062236
449619744
161040464
1540854372
1193742822
1255512394
2005687964
1096075151
918287326
721623812
147127299
1908326977
837132386
953226653
2094924685
1053931249
1177550206
751423306
301190821
1001951576
1367280163
1414106436
1912410651
1369571817
1048016230
1811795629
731760015
1283165148
1998182758
173430958
577167731
601904836
511549937
1720061528
1353893043
801954355
887738507
910737432
1850117725
1670335924
908549604
1741128273
160027237
1209080942
969272301
742366527
1522625852
310011524
2122217280
312450321
1208783307
553662389
804347950
752356077
1008366818
776753273
1078724030
198414779
1496463602
562515022
93677552
350492110
226726859
307712526
418058544
2131744686
609620998
1964982961
1794508769
1425388749
1452242370
2135784777
1927589815
842909146
1789134979
1827238840
1402512330
1073338940
1582660359
1082821199
1702805572
1385091880
394339894
112940038
171203855
1080787924
708644155
1803151981
1807080728
997261368
300513517
1313620365
1964254158
1151990406
97778314
918600117
1115101145
644894003
1628189961
1547029565
96147536
1816988566
65890958
1170358784
1520461377
234965046
230454781
1606200134
103674960
2046378575
1546152736
1951109140
59482371
608612892
1604157941
2066049295
531349622
1522459914
1564164474
1885252390
1954637154
2087457100
587577804
927029071
174807008
276554657
1283197182
1590099757
990882795
1739524942
39156677
2143992081
2097609345
1111319306
1801887062
450577274
2139464844
211530895
737490786
623538349
1610233723
573442345
179879042
1494811625
2086837609
1970865757
115540040
516046635
1570494405
600500166
1733740581
2037505995
2103054583
2088546017
30991636
2077385141
227493025
816804460
1264186544
1504126607
944830930
519394398
1084277816
93197911
2100669633
134719192
1385429208
1076803429
498578571
1464597417
2069701007
1765569116
926673357
1834665235
550674869
2138073513
2037871270
1304835295
1074822523
1724709678
1699686784
1436080931
1873383712
800417994
18065159
945750983
1979087709
422059245
3417327
1399673154
491820215
1783450271
1693169509
387658987
809990421
36268620
550420784
910154270
1276016074
1925359530
264242059
1274156124
662227419
1126277227
238337825
1279239556
650145694
974556243
852118849
54930250
141211403
2076505535
1381419677
884657247
153604232
1803280468
464996887
1380388171
653958913
226503596
781690717
1449013298
1003982500
679574439
939208068
223174628
769050967
241955679
585514936
1438825412
1429518321
796287477
2147004918
685147323
393226045
558742460
316508928
1966553124
355297757
493905669
1310046308
431467333
472633432
1303592605
1390308990
1144081664
865415083
1053804330
1518605552
612013200
1809193336
1148747890
772817039
1759162568
2059229243
903224309
1349505396
844664240
1777330543
595894926
109580978
375342123
969421866
340510091
694697124
304802014
1310265209
44300183
2082973440
1731460968
41427238
1683168167
1776752793
1422341437
1510914217
1569547285
1226613797
95722403
437184000
2081597618
1630134480
356459818
1229767332
39099419
1974979838
1223273349
1822609208
1177143063
667756086
1807966722
1384365268
1524795859
60859114
13116088
1743693461
170844
177673769
2011364729
21886926
1146242961
236222726
1213996207
737280621
1383908415
474469030
579901867
1947192131
1117126375
1497103015
917151434
231518414
1896083272
304001906
1655815654
1821129943
960776734
408424172
1578282533
2078612925
351944747
905753590
815101589
1472553678
739947067
1461784999
1055680881
1737534833
2134141053
2024617024
931642187
391355261
521160631
1122038958
613652724
2058853108
535057878
1822301283
1006077896
451523596
1869497461
515984982
446307768
1507213616
996174331
746908953
297212954
1565534613
1399245886
910766178
557054014
265982715
11763862
1400494006
312532059
365903663
34294906
1539784554
1532600667
1181972516
915387899
1482528608
1551924901
951618143
208555225
1754438160
171725386
1007048943
246926836
196232382
2125853166
1148618019
1302572158
1944449752
1961306244
1131577455
1640343450
2126140353
1387440476
1413363413
1431083907
1936664273
1509006835
515409303
1389275965
943360868
1546865535
1063294357
64622123
1038710922
737987376
1581785407
1863520034
1578036697
444826046
1708757517
485044227
994318192
1404786980
1495403915
1201009142
1083104036
1696871323
2027890962
888867847
140473405
360367829
355036860
931696279
1956793497
2011341052
1415739788
1404598385
1726825213
1394375608
703147495
722206742
1490175283
291840013
1942958692
199203282
1838785594
730094946
343614414
704058591
1296099261
1882374217
75631524
1540490780
486973680
1529087905
2022478696
701520055
218888868
536817468
2070710585
884150246
73483206
846033404
1256965777
863291008
742111842
13802949
1076895394
665179364
67913357
551850757
1027026187
537761389
1907939969
1816117775
1977387977
1696337512
211758362
974584387
1486979468
1078765950
1921644239
1209210228
942181864
1647742008
2031939418
102290192
2029662493
2082019366
1929212987
273922216
669566086
2020641909
1172706977
1055082889
1032571046
1621900796
1426626031
1182403906
654902669
568326011
273966714
624832492
1517839223
143454369
1306618680
1709880658
268085734
1549682880
1944176637
1231847233
1701649121
756704817
1737547748
1857128196
1602519178
2100115945
892950852
590729746
968893377
1025885423
1810698621
21423592
1265637630
2042271147
438518734
1228824192
273963781
1939636988
321757895
1280486944
1683867302
1240429296
1847752523
786313038
1621178934
516634764
828182771
50873327
532049359
1682988914
611462117
652921396
2075001175
1206759078
965167055
1262470484
1682551716
1450399655
761571268
1135668121
2134006900
423980134
1005661268
10384890
1664376931
1375487849
1679041558
460313176
193726228
1798299826
1927596255
865409635
697415776
1415390048
1265510375
220120712
1597908228
2039733864
681403102
469838152
2075656028
464306884
639833667
1339888968
923552529
1209473874
142547055
61535037
1685980936
1915209304
1978378960
924744538
1382618886
595786721
1284710103
1493285345
1416717891
764414233
1253188995
2056220844
1913280790
1486519475
1383452494
92603366
596493396
736112093
199497767
1748671014
1965821154
1324789900
1424839232
1490976123
1435729589
598029602
2013510772
985752007
2040641506
1847938645
1827036246
924525407
1724109036
846173421
1559563153
2098057138
1585209416
978664573
1805764444
66529472
228076802
1708276917
1204218426
1223218921
1813648897
651792971
1105020237
431203004
2010891769
1142308964
1001012107
384525104
268951994
112002264
1261256504
1019552875
543007613
207311879
809149062
1539698920
1793006640
1997514598
169514128
658676213
1508314509
2129800316
1305497762
791760470
578407172
1791662492
116504703
645513538
626058731
225694380
1140566967
1408792064
882715639
994806752
1105756599
953845369
461871751
247136978
2045248746
939709033
187216535
1733583373
1961915643
230231387
1859252794
1845048291
1255572718
1378307976
2133569135
172015217
637061872
825830830
1700102546
525521869
1471113843
1211356925
1630874043
555748586
861415426
1403829643
1094060622
1334716573
1984225591
261297764
886754067
6228539
1900709093
2006735755
115354836
697204705
1015567819
785211487
1364038775
475412656
1739069449
1629706698
45661562
558314835
577075092
1704878223
1228440116
479599022
277724066
1593099074
1764974930
137785162
1872646824
810293216
1013089792
942601747
922300798
267957940
2103118605
1662351567
993698830
1229416317
1552716423
659636143
458640010
14111812
1166815317
1975770219
793206092
1823600398
384780133
1897037506
507965463
1617189051
1350723190
1986718363
310760430
648088682
982914507
1830679900
1590046589
467935176
1894589511
1610516190
1513309650
1310971836
388993935
936893053
847094867
2006339317
1160040915
1564341362
1115970842
90612225
228087743
1393731890
1705617018
1645467741
266988021
231799157
1482623355
148007184
256167933
106458945
1372811083
887458314
1129565741
1146865788
2137201991
633159379
341705865
427431974
1152297962
1153881163
385633257
1022452367
1757309487
843813780
1628309558
1138986581
1447601489
1532030180
1922145570
1450669525
1261900854
740332193
123650599
975758415
2030227955
928697002
1620993645
1383733854
2131407157
1287844898
1996349819
1302626729
449764893
1993369859
1947966723
803721493
2083954811
1306217627
598696555
1893779143
712370781
325167163
1390359040
905249900
1427429713
1737976897
664859594
545361517
877629499
15439658
2123301276
651161510
779173905
989566431
2120171129
2134460818
185532341
1412703153
309539940
731227127
478247621
138983973
527767458
376962394
274607432
805549526
2036928737
817264607
1530596064
761196007
1825109262
1492907819
49555366
419458654
958000681
291895783
90090306
1327284494
1100685846
1480368616
1575638365
193650583
1652633515
460734248
614067859
2075931055
209586007
324242246
777199251
354056227
1965680134
177199435
914631280
1772645330
1661840489
2137761442
279259946
1281118944
2025974852
2053027012
53761903
207981527
758125496
1772534844
1848956889
1044518412
22383798
876710398
1821072177
1828242562
1414151889
452676565
1492009242
1392918218
866076651
1387247272
270378913
978095442
526055698
2122904047
693856203
17895332
1682970037
1118306520
238686997
1615632062
895668428
903418098
294782105
490414750
12008425
674331855
1018517402
2009196409
40430091
799054075
1104829876
631333327
1990265211
1871021486
307158700
1616775066
1341588992
1534787857
362744197
1289041389
1968752163
1427913755
265364554
1489508157
1780358513
1168679575
1934393821
145355952
1018333915
717184124
819761417
1318972083
1279740682
585109925
866586503
772455575
1327490045
1576021930
1227118248
725654785
2072526367
1168581769
1618340231
1463435567
905188757
199826390
1768336537
758179038
1779843144
201977327
1432690291
741908616
1747967426
141166079
881986475
87539713
772153349
368962909
537017612
56445149
780590204
1596144786
221353157
719133609
1743095954
328795200
1729944870
1558336578
1339747413
1911803242
1156512429
847901678
1584587165
377245678
505565775
2026187429
651668941
771266927
1912769445
247704174
1580376167
169989718
846635893
364820052
686853994
2124070845
1383061070
734897219
1916725354
329270950
1503735361
152918318
1371407680
633618666
1892534950
1908486707
903855621
93130157
407221711
246894846
893328459
1635217201
1017774870
492181706
1075153082
2045872987
1813920832
792929646
15059698
1343813307
1033875108
729085129
543562583
71862950
879802407
263424151
531169595
1577217994
161419761
612237925
200194239
917159310
1687907977
1643409233
1398637527
923563246
99409445
424743917
1967583965
1687546591
1177975770
1061238667
1337776676
411491163
1074735790
860455658
754365668
634133202
1553676819
1332028592
479745077
872473189
2050244557
1290440821
51504306
203032327
883466451
1139625787
1704219778
1366695597
129713369
1439420671
1234945664
670611966
1970393874
512137110
249903805
1720238148
766130579
1801361166
493101062
485924763
479061113
184521010
1067946838
2116163426
1090550451
847180251
1535236684
93713271
241516847
153552059
492801097
1968047979
1991105738
1602634240
1108620981
218300438
1341347647
517663977
1035435352
779452436
347519485
749105646
1217132162
1897577413
1174425730
1564161604
443240920
1639094359
668310688
2106837705
1615284856
1041139333
1138802533
757750961
921470758
1650139258
1594056804
192965317
1632551278
1551860235
372375546
1819038908
675330567
57321325
1186618252
882540646
1327284894
1546871820
1769522118
1122513922
891104223
1917240014
998829578
2060274921
1396170776
1895086665
857215167
1746265908
1999803803
657252380
1758339740
38234597
1516871000
416770120
1323665390
1133618670
1792758854
41297324
792691015
1723593096
1650382943
1133716037
506212296
2073288850
1385720339
807207062
1108853683
1077285962
731428844
1186569525
1239657317
1233929394
1224580827
1100210532
1794673771
635639796
1160811115
1048861503
1779434843
1881419790
297039557
100905995
769238595
1559738482
150276509
1072080804
1816810558
2075402691
1883671082
1014181489
422720990
44878649
2144732234
1606056077
2058039621
2019552594
1860294265
776825992
706840785
975301451
1330318273
1669404754
1984242513
56227754
1835775104
1722664761
106396020
305666077
983575047
541391437
1117283939
1626229348
1379582801
467188080
170208121
1355163284
1551435167
986237131
1026888445
413854514
716721575
1207215601
203426547
191281605
780286410
513609378
1128869625
2033568714
2116506115
2048810974
1000739038
1476008483
