1962780381
1457814002
876825655
401327067
577456771
1072728704
753422486
1937127195
210596516
607383724
1032982230
448955029
514305744
1576723965
642734962
230130310
1177198161
1281729008
1583050895
1630652711
668924912
88007532
1578489616
868388630
1792391808
1204278359
1035038486
958943556
670492754
209902864
1368330880
1752726155
388395221
808449563
2013134321
883819236
1290914778
1122929777
1769346916
1563477553
688720090
1117033939
2018665201
139919245
1383375568
387436365
1599842914
1162872639
2118024677
1763122585
1270791265
602604989
1907835584
1938335624
1955403950
1153589175
466374065
2104595201
1298356428
186290833
1486184496
337712504
966021239
932761723
385573421
414459758
89309002
1109735299
870683259
1090226367
255066570
1697109167
362345845
1904022283
40296456
1436527559
402739186
1050848878
1102904307
1332748079
635498010
106894858
262970947
461049897
1552264695
1159515340
1161302213
1004672835
1151138672
974386553
1098974852
184797382
1452453353
884051457
528199747
1886831894
657162621
879382182
357175824
1139270081
1828866882
862151691
108123573
929443226
21502737
1744125541
1750812627
186348901
2001882566
1004002244
728310543
1215736175
1490479239
1177724031
1627723194
1667559203
587159519
28918461
1787453068
676085623
81817993
550088563
256834607
1678586523
1113394364
1400293418
314196711
455991533
662922730
1270605919
1997668357
254482079
1973040164
778968743
595772755
1636393997
188515526
2041099659
937042560
1547187019
446140765
992835781
1972318701
236687869
603400194
1318584938
1367205994
289033450
206165846
1194174017
1629145053
128606598
31042414
1729745108
1271271979
1285854246
1031102247
1399667661
2111867644
1853791283
1179436402
886866239
367806681
1280413890
154261585
1763924556
1233627060
239791811
387948154
1705800728
1962605011
2059861378
1851806598
2091381368
1038390771
1846131036
1945497401
831942800
1797356429
426092461
1450566487
1732861163
929354362
758542917
1149911517
1028806808
974919778
1982412832
1303938772
984975132
1804582174
2037158163
773666853
916222451
1092694918
16907051
1678229302
2083349039
1422438832
1575971486
1863654085
1063683130
1872863444
1800650154
646891266
453315487
2018322808
705859487
346694383
692774059
1586516547
743458023
567676130
1439231510
1132278491
1593082680
559304161
697980994
1003653519
618671766
2036078531
355597478
1512207359
355311739
635215084
1069283838
2098076065
1934239522
1674110697
1197179370
1548758082
468260382
1544668051
434136563
359004059
305886317
1590195677
1150761069
278925060
1456039667
1068019358
1324572897
1189596080
1496212490
1269635384
728518608
619783389
1079469967
890488164
797243838
122702380
1918011112
144318099
1024547989
699295737
1958610345
258249715
596702018
1553194046
118564323
117984200
1559899237
1054318881
1781760808
1688649380
10094869
1147216862
1925203761
833814106
1487824104
1710930347
186090393
603568717
959686414
584545990
1734053804
846755641
1674936636
2133776962
602963029
373016967
2074031217
1711569987
198018531
1770595123
154491728
18774055
1862717908
1701467559
717852124
496652819
2034079613
1173497336
1756378019
1434233975
1684974113
1941803752
1820198710
1599826299
270023863
608891020
1788321777
990377330
1024135567
1635607161
1791591297
1846883522
1964657058
1375246111
735045325
1865207229
491874117
746775232
1997018394
1978836401
1508551851
171597660
2033628498
1599867625
133754380
2483790
971561102
530184526
1870187937
928499024
387109082
340027557
311339974
1429876835
1921847921
1735497242
107382783
1390307259
129858044
59155035
300764465
172881556
276025526
1716011062
476221078
113899902
1709896241
1346357999
28993899
452372597
1686460222
1524560391
164776602
73202809
8190546
1138766915
1152316698
1831851137
966961566
302561151
999637390
26500436
2058481814
1103334486
1603955722
27176449
886855217
37373794
2013393178
1191522218
823499418
1809751046
540226353
162000674
177839463
204461740
1311838926
1158125617
1915905266
1749542345
558889570
130859134
233060422
1488141592
476547352
28967160
1642291596
1429097478
1531373350
1773284549
377555125
1390284238
305101813
705184467
930854433
91653181
1650181154
1957889830
690681706
875903459
846787800
131545324
872610122
766442485
635926282
1848876740
406887439
1082432034
675381523
688176168
963949094
2026747273
580765124
250942335
93581435
459865645
1484405625
1892932160
292318002
116043552
604487562
212405722
2006478703
442131800
1838925439
2076249026
1907521734
1876613817
1728958972
11394607
1097859255
2077461825
1017174704
660874634
457084135
1997449849
301974298
537463903
912406930
841414943
903240987
837537173
956890233
1769384842
107097724
368591941
1796581757
911733092
2042027605
2002151212
2076604190
461135397
1432456760
1582580020
1240792268
1369412419
133368836
1893726103
36049782
1382130775
157460170
923309674
974868662
866856313
1225359439
1875438352
2106845736
20910598
1973279123
971717963
1013245871
1228172701
1745644846
1497818839
1411882911
1679938377
1334494127
1985008499
1404207773
1885870182
33235422
1988050197
510605515
2041287036
1988194838
1101864610
296437952
889147726
436607765
1010195156
498689868
1661146424
1542152250
837349171
2063626229
1204601256
688188943
1518826722
682635818
1700750820
813532938
1245305129
925256204
608969619
901477553
1638458108
226362695
2067026226
1280469633
217594766
898312748
1981436594
1013300083
480616205
1062107798
2122639400
349417136
2070350540
1949239491
304291265
351705880
221196721
1020585908
1704863406
1542326850
1785281819
850277783
1533019667
6510672
889044028
1616512596
1223125855
848230706
208933702
1251261385
478931247
1967042386
1163657002
1755285417
1298731158
377179478
1776269253
1435611228
665449515
1968980617
1818946390
1292624943
955977286
49210058
479532762
700253747
45932867
676079392
264535366
889974919
1765011797
732458398
1166406227
726321614
1535633840
531385717
1761629580
1714187803
584542045
641065450
1028364220
2005834985
1456496269
1603100867
1216733940
1072766222
1388617450
1360616006
1561876088
1234801893
1525361579
2030179274
1035726323
518463718
152647167
227512346
1045149079
1925058343
488457738
1565544693
1632628528
1338871909
169318268
497439825
688427711
1159687996
468177206
1841399907
1166059053
864764757
734875722
2119770590
1916344478
2084422706
1087543909
1686342030
1103559251
1518991000
883829402
1885497720
1632556612
1352036745
925442273
36080817
49207673
100984973
910593922
1408798316
1081743823
1049741930
67592328
428142202
836322613
241810854
1188764248
1088663749
1535063795
1772540062
6814912
599329140
2026252377
478023754
291986640
951756994
1960795576
1824274790
488663279
1442588507
1101776619
745182959
346935759
1878609680
670993392
1367610242
693214533
1867825643
2145003336
1827444824
1964552336
1659977669
757892886
598999963
1978784130
1383785389
850630612
1705295533
711868113
4442488
2026625647
1107756535
361390170
660872682
623667864
1852683167
958980088
875292499
117007038
237426324
1163430320
935157057
1611055310
402457137
1541681257
692885044
152622274
1157277403
1629062602
264167702
1846515195
2088565648
1306703921
1691076734
1238447345
1294777974
90545274
1648308668
1869469947
968243695
372219856
356076527
1622028574
780675719
31418414
1215355994
739523465
1257801860
1488791048
365486745
1170120390
1310050403
1258765748
1671413395
1106576619
2051082791
777925353
1555438434
801637102
148993749
1615320488
425146991
385315759
1109677851
1873898065
2001026254
179273813
2059210729
1254972062
1165270235
2078110972
1376649299
1125795307
1070902247
836419530
1692228921
544858585
1050653352
1857466734
1138345895
2122646922
897456039
1285502175
31713258
274491838
2049473964
188006181
834681888
1526666501
1904185612
1297064071
821091681
250184602
1300397533
1969108581
2036265417
332034465
735793451
942241746
821937035
2129551714
1750706579
953742547
1660795201
566596838
1126751372
1359398308
1354656280
1369881372
904643722
1475548383
1281218588
2012202148
808215337
1244936051
1896915206
854489056
1751278790
727932334
1714739005
631086989
1784853920
339480501
1834117415
811488925
2110736189
1280872361
1689108493
1709243391
48488011
143795467
1283136440
1970266968
1996289634
1671665525
1191848195
467467126
958749174
1188269176
671202640
635023173
1161182790
565565562
1177648795
1981038285
248308939
1573467334
917826580
76445323
1948876426
1799826425
430004607
1485636587
1277950661
2143899101
139799260
1120052201
599194492
1105501878
1716789733
1054373363
616749259
1971927047
879336001
1622056236
351870074
447107929
559510670
777872018
1718588131
329802782
325277847
1815775975
1746181153
86607753
2077697156
1894042286
1417767352
264267373
1875417256
1589075632
249251933
1597079783
271805628
1922636442
1426620384
293738859
1622735905
475776461
607426602
1778947461
918543221
1996506517
222630805
1489325189
1193478632
607842849
1111011316
368686370
1148842421
1453092154
682141463
1173583062
1749956100
987753881
1226237991
460884572
1088115380
1353003439
2139346341
1727721955
1895694151
1287683712
176991169
806359767
898956233
1792055522
2027853341
1940652603
56335827
1543783262
791949845
806460771
315127441
1616673769
1926861366
1207385456
1536509015
1640371816
461552532
1677085002
1194823975
1346442442
233468946
399269368
381958695
792427324
1815080300
1588360657
1862473269
1094170781
1473732119
104430809
737166023
75569934
942157835
770266378
1677091697
2045557287
2109557922
743931398
620758579
1159233697
764855006
1963533062
1469519559
2116338042
298849585
1987463095
1655401118
2134743870
1041913524
1672764244
1119997207
41433529
1363462577
1060178309
703326404
793864281
1914088824
619483888
1104956478
58742120
340117255
1837376232
1071188267
458834816
835631512
183467898
1576567867
1881832771
218999442
974841057
608391132
1318465522
1068770874
674255567
461332731
644510210
647846406
1461719555
952793324
1208146921
74439189
2127207631
1108952500
1621369319
2014587102
1306255214
2056707882
764790367
1065733264
442794488
802976271
514694009
2055879974
829384404
194698681
1625679646
973281278
1370682709
628059656
1218298999
1711717567
203225658
89235241
177913570
1970892680
1415244962
1352690645
1501148226
541766471
393433107
863927646
1608825411
1870904446
367646511
435635568
196121995
1287167119
851745952
1878799252
109361588
1332272268
1650848588
431943427
1321623197
795129147
1918030400
1930840192
1598996224
1979772930
160941754
1942106392
685939124
1866302218
1489925504
775974440
1035059577
1225451401
367325217
1154207236
1286916253
602202115
22797396
625038144
2061511406
633464519
509914496
675858297
212278700
1840262387
593408873
1283628447
527931170
1560690278
582237959
354641689
2059003326
1526730055
1918835694
1439511783
1830079778
1625889734
377456409
1663313393
366851213
1620560940
1814639245
1523069869
949160776
1892209873
705966189
507805859
438879938
363481889
1305665739
1643732350
1367507162
1136162047
1596697288
42139386
1410959543
1472430693
313392312
1141523000
636427344
2035251993
343565445
2084863797
644933149
1223410981
2099592764
327203764
1731698105
246319755
1107954445
1060855312
652792330
1899390052
598856425
504423458
1439642397
1456103668
535709252
1591685137
912887275
846403573
1216437375
1204645225
1034730808
1209919488
329116442
246748329
1641505369
1316808506
146347353
1100042309
1508754810
330664159
1036011508
1479056733
16658413
1206619720
1402473852
1658854408
1261006931
1649224990
1087652978
2013665558
1115141554
462585827
1468246768
48342727
465061250
151205573
978418487
1193682038
699919823
306702986
1500425347
67666864
786998476
185535497
147464555
804850179
1365361514
1710724985
848834960
287699465
970445293
1131581622
883599668
422524338
1417220742
1355426248
461703105
975766530
807307147
788888090
1098674389
710649924
919818865
1132255183
1754116081
1428971482
1228710181
1627151597
195001267
247894255
1044387777
770533388
48691869
370077232
1416302192
272013260
1863806205
1237574938
67846330
176921575
2077475444
548401202
1705874462
2041564176
749353458
300143829
1047834918
934942831
228128747
1819005046
165182902
1891959365
428561599
1642498575
1142588657
1920280664
1689094352
401024145
1274414344
1514360338
460840880
1084557389
952527182
1228199011
1726536588
2107341596
958403207
810214119
994968682
1647024129
2140689036
929096924
458581471
333060412
1051828248
732911185
502540036
141667230
789667657
265855624
1175589622
1580612397
2085244011
1840837210
1505623318
1254749437
1604176775
2099807082
1838932287
541013431
290337410
2144602538
1088065923
1945491401
364962257
1844084381
883313237
891520136
1146948082
1709019314
1117630043
1588623835
651565323
536050614
231879640
1655444740
1110846281
2120960165
1983109676
665644742
1562043720
795854792
1584121106
1789850945
1245072731
1100266944
1681139715
591287456
772418360
1688322025
1395267807
1320498082
2092812963
2134455707
1581224840
90355413
766675207
947554250
258528662
610898914
1604347713
1327772250
73082267
345640680
1253979404
1870545453
1674782701
1943543334
501449343
1956739831
1713037759
653548683
720820851
1332932186
1315429163
2097646673
12522465
2123679257
250939827
1332482159
1135413165
1623321092
14673076
348296770
1413615088
811410596
1862650768
1922923883
856341879
537473133
1076401244
1052945007
1637068185
829568227
1165571780
680877261
1480886355
653944667
1979537428
1511763547
50295989
911099743
671578830
1345657289
428803185
496557111
1967464138
361258168
1068291369
954271349
944489092
1008407543
1112373031
1774391061
1269215112
1648291715
359006509
1224953196
1809988988
1380443782
981099056
1636107002
725400355
1880523299
774961302
2061984997
2120499780
584551854
197514369
554220765
1450275082
1158977423
1979819545
1285695463
261395267
719938779
298948676
1095367668
1742090488
938385148
1360298894
695659127
1450266857
113260740
354467797
148939777
1106120638
1060233771
1139569915
4227010
747863782
1765909323
151455093
95230300
988577367
881236989
941544866
131175911
1996641101
1507666718
966819553
32234281
1927712082
1216014100
589006463
2109349329
715553696
519921305
1819899839
1185401416
2095763044
1269711265
926297328
252785953
1349835385
762006180
1730761788
1134495667
443192559
1615657329
210989783
1700940075
1181376103
1247763628
1759341977
444846600
1076440729
199038482
342478686
597982365
884277266
1503512820
1274594166
1118527708
173175188
812936977
838704132
753946277
1687625811
371907602
321150268
851398175
1234170768
2133637244
528149469
1616427401
1120384418
1851203326
756484406
930080016
893900408
1043807012
554376955
565740004
804829015
1797819860
965677940
1009881274
1606205866
756270934
1619937218
1922627979
856957927
322005494
1060586016
257602194
1785320780
258358258
1187370546
319909365
1947700856
598908031
670624857
370846856
855939504
1285341935
289872901
1365707809
1464664055
756094621
1247674044
2034824009
643816180
1083474876
1138746134
834243292
505279472
1247688642
1651939834
871510163
1570345710
316087140
1705704813
1988637390
360884203
348431664
653081821
29911005
165992970
474919653
1172036112
1578615470
1889403280
955648187
1273723228
398832167
1534049467
1504435363
1087324290
1664732318
276994338
937748205
1954114311
1328010297
858752743
1961801137
1222972750
1665890118
815971711
2029913144
682272787
1588292999
97749872
903137140
481721192
1414559881
1520436264
535040234
985445101
179419716
1207560951
1014329139
1267425767
1979380996
1619242425
897604265
815020348
1504472840
246268589
450441487
951506994
386595290
1749926838
1779231175
816609229
2035747854
1303210160
815554678
616959636
384174075
993814264
807328800
1694029007
1432266600
1705088792
1958239463
1666448554
1004194701
1042017071
539525880
937165145
880409416
248613822
1143916834
1836212053
407304621
604043912
123726466
1022341783
940821197
1840190326
189206959
260792461
1552318593
1657355165
1352209069
354368670
916156405
712555780
739272777
1769637484
917890549
1262903143
1903035075
2116570615
1184042091
365082398
96178387
1702618625
5171299
163342635
111041591
315876686
1681812155
1558841688
1321131848
24215262
161540572
911767753
2058774189
721041075
489758815
988595680
1744671059
1100456286
343001385
1521756445
1859121807
605963609
672845367
107181843
607246995
550623379
1004606620
1919995167
1760599132
368436640
1199528601
1905388245
1306927718
259652572
514921284
1019396110
1458181759
1332252101
308301122
795893079
639437153
629240344
332532158
538723871
1203279035
1602262223
1350943789
907794767
698208982
197830196
1929279675
909939320
2062717414
78420579
176277100
1108775804
926431237
272236162
229253195
632093397
873469502
573270331
317240932
1602116111
1737614237
1905471575
1929754154
285681645
1672337155
1596239746
1732680884
1326048939
1797293410
982813116
442705218
1011386116
12627425
128902972
1200544278
2049036208
1964918379
1035544753
1506865257
1693382638
1486043508
1692806578
46273391
1990170169
1556002706
1390026614
1624700978
1575898468
66267891
332431403
1280900309
1112098666
630252794
65512362
547130061
1659238495
1454557999
247062565
63943368
411461607
350048532
1673501450
1918063946
1306155110
1153465807
1101416737
1319372017
1464215626
1435856457
445375639
2115291544
336799929
703970603
1859339335
1101722517
1102843533
1272935143
614499044
2026473088
1587993564
664070440
920575106
1460307661
2020904834
1620480053
1746625299
1386814021
1674450878
505320925
1610300018
1832216417
750835162
171464154
969629640
850598159
937518903
914771559
921009495
239978811
2107392485
1898283794
1436587254
1290804697
548327883
1701396951
1651689954
480572098
896745813
1940820003
331604773
1805653737
437480600
1998829499
164167849
583283996
141076787
1118012943
1433678784
821045567
1544012655
714988958
763183286
2043087639
1932994569
378318934
974317259
1429237882
1322997995
365144589
1815962753
799575964
1756448008
1114826860
324665462
1895830776
314751115
1044419613
2085505949
795137319
334734700
1898356303
1028151184
14253999
1131894627
1034206085
1913751323
636930823
1055912388
857622042
1700329803
2007356414
1242743846
1719903625
1684839079
81581234
1831324772
1066023162
773412850
722239736
189895782
1827669092
609578432
1265004729
844827162
2059502211
1535909195
1412690009
1996900997
216926029
79188364
1288128673
398653563
2141978591
1879005597
233151208
1500893868
79872586
813743745
1103156566
728979876
891369715
2067326856
1479138309
1632304166
1140813826
190942496
153814887
355748341
1549743576
1535514904
2120857970
1154421467
275083987
1861560310
1463748002
860772174
1108687805
534094786
1681160170
1616900494
356530871
2084577255
222500868
443155914
834243306
1214274384
300132123
901647558
792734442
2082025442
1992851091
634161697
2078214990
1447349741
2121637030
1057614694
160102111
632642819
501923449
747403478
124076760
714428350
1558597056
969957412
1627534531
605558623
1056226334
1618299761
1428372192
1631746530
521861139
23243340
1741618052
2006837189
1317750228
1325408511
263807868
944124036
1553817638
1594342639
281699992
249101960
1416794431
251799210
737130002
1654964941
1082477705
1557493295
198648434
68480510
526853565
570259275
1056268890
899093999
620980791
520511953
1858197145
272612806
1637400046
1456387590
3389517
1871983762
1799105161
153622585
546534304
409132160
1682587413
920817407
1185608263
1459626816
1373066299
370419306
1846153537
1129539742
809924590
1961627877
1577968275
314017244
382851179
1793829239
355197504
674331622
1553338125
206382579
1857302752
199543596
1094437327
1551941633
316169382
20038652
1835874637
955083580
1610856952
642859105
1405842379
411640013
687428378
2015582316
1754906231
722049244
180821761
563216020
1527478908
280281638
446082314
397064607
420374603
1607678641
496768945
93661744
885033736
619660885
1855744433
877792357
1523604312
1072388281
1313479246
1215780520
1751241278
1639505404
1533162488
575212518
698571944
101932265
383750631
634544483
1341093940
48493587
140027565
1567095850
569377613
1079592977
1196619823
2089151884
1247657629
1453507878
1036315949
1799913243
836190564
531029331
1108594622
587815309
613478630
651373867
1778627559
250131531
837390020
1561967097
1130059045
1067298615
688715713
1406655691
250842528
1905283807
1552991243
792818462
2100531183
480061567
1134577474
221599060
1551230085
48504362
2011450765
454202920
2049225099
164470414
96288812
1270820793
359239584
1659289847
1190509121
1769699281
103047987
1788659948
1890733193
1873132330
1516936617
1211726785
588712801
1496649459
604223676
1832566566
275260370
1178631365
1314377819
527525784
1373796920
724068604
925750792
795031377
1143404583
1440484784
275645847
761884130
1053534915
1338568577
488461405
1903624950
606330471
122302288
1400451624
1126016610
2119032777
417105132
293487236
1233030863
1699489081
2010789426
485094439
389763179
1912887051
1805023373
1636268292
1735742093
1101157710
1649211685
1224533557
578256385
842413292
787664708
977943935
1906819226
91443870
2065854041
980421323
1847939541
737073890
1843922747
633626491
25698234
158929173
657905061
274357732
1260639831
953329920
968633034
769538006
1661826921
248432264
1619989999
1312802346
505725463
1683757671
431863874
1197469829
389565096
882700354
2096533811
1908359967
951793548
288293209
1251063306
858914721
680513910
897503490
1713894584
914168383
65559849
1679028315
1050186144
1480672663
909646244
2122181502
591496907
1120145075
1033809505
238878297
713171662
187398142
2082146585
675041911
1574693303
893010267
147932277
1499327640
2092650533
156288443
1698541174
244456043
1680640130
1054291400
877001393
1564900129
1490510004
2132061771
1019979532
94720345
25028702
1975459851
1269584158
1907690595
56780707
365671161
913940840
541574121
1129337082
987942863
1281375293
1467218691
1332884671
1820794359
1499232548
1000660246
1684770208
1395905141
406908563
1635094050
2128485976
393576936
1218540398
644815252
2095294870
1528270956
1276931568
522786281
168181713
29621634
1584543012
1773225483
1544799025
147943364
1904633768
1594089163
269842326
832238528
1575377301
946375212
799805439
1228870359
1610211121
1132289139
1381949440
71717035
1570509123
1715866306
1863479952
1510228515
127764498
476005204
707829878
1369190052
796405015
1484919580
360049746
1823085831
1957165140
935134053
760464980
140810070
442870820
1684900930
1334871241
1416903545
949623394
130921437
603052595
15321869
168014539
793184274
1523774465
1316679521
1350341301
928560562
322036111
882944306
1318661447
1093456294
967893235
1064887325
24262355
627101834
497130953
273707388
1626437806
1864576780
1709929925
1029988979
381338635
1735129335
1795660007
830849297
612128940
18570538
371356999
557480267
1592573807
5362076
1926028092
1757602278
1201670246
1679631748
1676385240
1700291433
684481593
698629846
995981915
163810403
1577036893
1256961641
1595510754
1834713910
482726760
468697021
915200447
1755657077
2134608216
1009897363
1458499351
2082635086
832249485
1514030694
1333943873
2141000450
761906510
315793341
287773868
414386670
1008235589
1653896035
1018439282
27275208
1618662350
1075455965
45346808
1716664044
1790126021
1630072556
159653387
690660488
1005323815
1303414824
1884774727
238469305
961012317
694373888
953042219
737251391
1886477926
1972716278
2022308954
563138444
185029260
1672806679
1192881172
194806790
1636672787
91784436
588778619
1929580246
1533616106
420576
1466430683
314579712
1544413303
1275802956
1783813298
666188602
395992887
792451998
1954585024
818349861
1666064397
1885498295
29540217
1477852078
832136786
1422229814
1967564490
295313084
1057750129
1534071582
1724186372
82557683
1582749525
1696137908
86205651
1862245872
1647316175
1176763861
660157754
1554354009
1030980828
963146536
1655555966
1196406194
993992539
954315190
1380005164
1399144023
1643846551
1770440403
1553417269
1659158113
1410176443
2849374
1288422281
287244641
159936417
764433012
437124766
1243292449
675179165
185261335
1211402212
555819311
1110819333
129527368
1885052135
1312054503
577063294
1116697540
2106155361
603788295
308338878
764819089
1759900243
664489038
1888038461
2100790549
1221320318
1787711014
1333063157
185064718
1539597391
1547357764
641648706
1840081144
1086949570
711693270
840627688
199673987
469214208
1078214456
1111980586
2055842883
1101256
1412649927
1936577254
1672878899
547876115
181318606
414940360
248401492
1211228294
497465957
1103668386
85104055
866518947
1373791218
1350984497
1042210778
600556590
1642377558
178866183
279291823
230799636
39711272
1907916826
1868289336
847759385
388274954
2091923236
1428920566
1457023539
607980603
1552359498
1763657574
928073537
1133665570
234093053
1034579262
272954294
1945269579
2052688211
1191507380
772120638
178138464
209532512
334524935
989190129
1742716809
690915644
395354322
239418286
1783114995
2016923258
225946122
783572783
1756934992
200259281
2054961914
184931012
349809446
802732375
241574179
131925582
1812393659
486417989
1522382994
515349976
2145318129
1239342208
1876638321
140288420
77999279
59086379
472115988
1382002013
157040828
711581472
1030262093
2104188376
307720057
46016627
826186384
1132202056
1562710530
1878832394
289240679
895161969
335603573
664249033
785078070
1381383605
1663890934
2103298186
1827892276
767979603
989588547
1118378521
767434563
239881814
837495486
371852865
1935661558
1923271250
1870434734
1462362330
1314100295
32458912
2112942591
1690612957
714011992
1383705276
1441439952
1091211836
551092801
1430742740
1036639694
285681711
1862319526
411604110
1166717010
88557273
1450357336
27437557
175800275
1551843684
1065215442
100219943
1489359127
718857486
402854415
470418964
470459719
1858761844
1478458442
253505595
630904477
1835756624
1646908245
140267249
924874757
987560107
1354474249
760741332
1763952441
904878785
263339842
471604935
1990721277
121653114
522040443
1247341601
1197588594
925979967
1332739142
1653699830
1336052446
933298976
1170769308
643919749
1541123366
912833306
1794513457
523221136
120272504
205156183
1373808646
1698188335
838144069
1394235163
220237173
1731587719
304736312
1810559155
917150262
1561227857
1797898720
638429265
1930644069
896564145
1694487891
1943297108
1833568429
1258110057
1399874859
1364434846
128219982
1611133167
1859727388
148194445
2106425431
1731309074
1250277402
545629002
451157857
658324987
907396553
245299542
963635156
1312320678
16990978
1498883279
1487683913
1440933785
1757392276
212829758
1142768709
1082774672
938057026
1799201036
1101807176
862234981
1853727770
1122040612
53311601
230197699
1973506955
1758804057
915264780
1509349646
2049592506
775592801
945176738
1127196958
346435409
655066909
318473760
40870456
104885135
1662982350
1432161126
375730799
1884029677
1505047414
724159327
448260995
993130806
183775397
110977046
1130542061
1851415310
218192338
56400774
572212358
1073078608
836779890
1117897395
126998650
2071146329
363191614
971760598
422918942
271370610
1231426057
996102845
146492396
1076742205
1272599983
517890617
1183880681
1975332391
703612455
1360218838
1435948894
379524323
1037008149
60910954
220743936
434400543
63917396
85353089
1121044909
1442805780
1079727913
1723013262
1710294721
1897252244
1261402745
554067777
1740010157
2045604360
926003240
988477115
1485147577
1803563926
544006790
776223085
1615225736
1900507617
551006556
540955347
1524882649
1142281037
1289608071
1420595799
71462811
1864582643
61431644
11376218
1902322868
1873737015
372731604
509181900
1672747088
2023717429
321662159
1838579512
1924566980
2031964497
2111207262
1644579914
1819924295
608888190
659055259
540927364
1779007036
1862859076
1417820104
2119484017
894523852
491066340
276206324
1697204
1247178801
1036730702
588360150
418941805
1596004156
947585184
318979484
993946835
1859496402
1584389184
1328177925
286876495
1137996027
1998513596
316775857
952536848
242226606
1284748587
524874024
1296828449
1840720423
136365996
287099503
832937625
1198592828
1867590865
944906523
1688245650
1890216036
1940074626
2041456246
397568344
2099922893
1079563561
1645532865
269902080
1694627611
875331362
1812677491
198640813
183829896
1642781712
606758870
1551269566
1856223058
1772698026
163584848
1546412458
1446140835
1801417753
424929862
755145120
149217710
1227683066
395510368
1788215410
706787124
642469083
964688741
1380466457
90639310
1300733430
1260998136
6278301
1589750431
171069786
1520715690
1454059936
1773476404
980562744
496659495
839501754
1142669346
2068149001
1055769689
1529590035
1219611200
440219233
1957980882
817109224
852045484
287450657
195608382
895643933
911967107
175074630
1706088132
1515074747
1587156525
2084473665
932506499
376565883
1388708588
329600775
246960641
954384364
144172150
584323069
1531869657
1386475063
988265004
89776277
654077305
1191093401
585048960
438969870
547985197
2145912550
910755752
1609521518
1288919752
163946660
1830782633
1673700713
1672549130
613702201
1362860296
1530140271
1995221453
727699852
830889360
658950939
1088577924
44265208
1776405431
784712091
369453623
293527696
1211427050
1291161267
931668458
1046029808
2090836405
719673092
23151839
1502015512
1234383679
748918708
1356265293
843640328
312398825
735591431
1922186707
107788849
170919045
1193535852
1759285524
1838933105
2008937342
2044901707
899715393
1403144145
265951889
21215341
332847385
275310702
1828910582
1950131000
934313767
1757540423
423587238
610274656
1717580301
1164778864
242391481
130746520
1830499165
614331786
1990537849
50426958
1107439905
326447801
1197799441
597109385
602946967
1744010519
1642779826
1130656883
608297090
386467023
769758751
365858507
1322070903
1582943460
2040704990
1397944053
992502664
1898643257
597615813
1067339286
1732082842
1775407719
1514047495
45275029
1039170807
184133358
1457183419
28703411
1441583013
455885417
102769161
920237606
1796788799
1926364496
812213731
889365280
862875560
83690522
681299268
986287344
236082596
671076607
472762793
864181495
2100929488
165343761
948694981
78967516
701562987
40764420
1772237202
125976118
1153775606
635544147
1328074832
1516008434
1829763165
1854604150
115920396
2045771554
326244504
1407670761
1230221535
1729337730
372587890
685523805
1987544847
336648790
1903633297
243739797
349890669
1527330063
807316607
1553863960
455074063
396526423
666034896
823092219
1193935958
187351942
93856143
470103279
381944384
428184964
245101147
121686848
1272125817
514688002
812429910
1974855778
682998366
1062219724
1044890558
1905439906
640260884
1500432395
105698759
374211180
2089544539
1621226013
1163535199
1477106284
348727937
1808212529
1437206044
1856783128
1237766570
1032452931
913202348
970048002
1241863276
100206317
1351341707
1851208216
2141075678
1305606529
671742629
881723670
1300072426
1829515621
942907297
1979370762
1038505998
2039553473
1410153504
830598241
912135185
1004169508
238274957
378682302
1803780168
477310439
726967960
1890750630
1006683375
594646653
1349629878
130375666
1748538429
2125571979
1319956957
441596384
1664560022
1300383780
1052582330
81237915
2090330282
1942410559
106469951
1491652617
2041995632
1246832265
1010246974
1336615083
122137474
2126825509
612521164
1459322199
1484396636
1206225311
1940406546
1988245813
1685174018
333078528
1260043562
542276000
451421384
1037732778
1129541039
55288971
827114357
1122033916
1094135083
953415789
1288615090
1538111170
625982737
1228061979
1849519742
1829653760
74359152
460209999
2035341070
175512016
66477789
2109248972
1249689514
1882480784
744110882
28224575
139238534
1944507370
1261656904
1121285846
1672691725
322922890
997799194
1019021595
57424301
735113272
883850246
1869945417
905528217
143002211
2131946073
1229488774
2116929961
944232037
650022781
1961946942
1080413558
1977358449
570946558
1930447577
1159615921
1647373273
2135600149
1572176723
378242564
988150458
131437500
1955750165
220301432
786365954
935020743
719229046
2136825571
1081733762
812302572
120063012
1056728085
1176268109
1529186514
1253841850
1944199466
2001465420
371099943
1610389557
1485523483
1773950557
2033779713
1846544167
1789661407
1975500722
263645509
721585636
1940691524
1999277740
407324081
2059082228
1879019614
1862859181
69086225
2053786045
1466181957
951382318
1197781533
1986288720
44382862
65241597
1497100109
36640765
1497098604
1758266535
1994085713
1103895115
1898925876
1656458511
1191549934
457812999
712947850
759487201
506027578
739695430
1292105965
1462951946
356037894
117439489
1775385228
855552909
1906393245
796062073
11679548
2042369868
466079659
1780616467
1446388975
87442121
392118964
1511784770
1008891526
651145352
128547558
1470092856
114092472
554106181
1386877317
1189338675
913790152
1559382606
141210623
71999455
1999387433
1168533429
194968085
486493710
383824833
2038542404
716329206
1779496679
1849255037
1023544361
1238859770
1219743982
246744127
538431757
81228169
1925122191
1987183313
1890695163
1902026159
1420623998
38184284
741833352
791033562
1868331444
812449832
1325042219
902793018
738847649
1635910049
428658780
1098640380
114588122
2025692947
630940703
907213779
14672551
71561471
1499576784
1969967490
1281405563
1854017239
1525392883
403569231
1997272641
1648180536
1438967118
34434276
1412999456
1885065231
1869167306
941061567
1442455254
39622397
2030985065
1201756189
491844685
887723022
1736363346
1186133210
271057466
55324557
1644647906
162105539
536547166
77666006
1905724347
1734654517
1705404360
394175059
1932444051
709744117
1367650122
960961161
82701107
1753569659
1391188844
1670153308
206482255
415634210
1176805779
221660801
1621971439
538924123
850193420
1815081942
2120906638
25076909
289472684
1733752455
587398501
1136754729
718683550
109508475
62633602
1900457545
1976985078
580015571
1231997834
693431758
181424121
1010406258
1054768142
736380699
94819590
899901735
728651981
1556083615
1028135212
2070757199
1551123819
406723145
222281522
1043009928
865699192
408250267
1188140205
1980782703
413309304
2072484200
879317519
997425309
1749281164
784054912
1681481561
1752513416
220950844
1339217208
387640663
668881147
598516766
1047093063
1327366495
1360662559
1873320218
1591425886
964722939
357091835
861030782
1669016802
1300647263
198534930
864514662
555168506
534284463
180018666
88691403
787667963
559292169
303122187
284482180
923261305
1512682600
994268530
1252690517
1776672222
1509374761
2057417017
716829887
1412512567
2016643209
714519574
782831021
1640025306
750526229
1889379016
1042533155
1440170246
1175559273
974515647
1351695217
1689523984
1994550198
1831846655
928396097
1333140347
437990487
918643773
1305690497
1761238848
12223541
813241612
1658211227
1449374863
1548438290
448233811
1601921915
2127745188
1247579224
1303303183
1433995109
259824843
2016461481
168461618
1910013331
1015403329
578077269
1136943265
1540180947
1908006717
401520901
1364911223
1405142545
149593812
39264194
13754398
1474691178
84759149
78202596
603107643
1680319566
107699072
1843993523
840449193
1163497384
372227119
958477233
1268370482
948189128
1568785466
325614269
229818554
2144022301
2058435259
1982506061
1368902139
1129643073
1369472809
1828270446
1349402672
183201623
1826062978
1699657893
568678317
742183195
1615540407
1476245862
585013840
417324264
186309392
220027988
668525309
627009756
1676566216
1340992348
1823059850
1392246261
1472752717
959133418
1975942480
1771471443
830154130
2079583429
1635330894
16507440
1291788687
494995450
77199227
1091395110
1991147370
2040294978
215619521
847153810
1958808234
1259575132
1793074968
204245028
1157326167
2055845714
390001907
1768304782
855733898
542779705
1055210563
1831701334
2099515503
289772143
492390867
285445637
950611841
1021730016
1614230880
1772203325
1705048034
681837168
2000204633
1127484860
1183809643
440190232
730968009
990839154
1132868872
560064129
1976184212
454113651
718367204
2042738872
1139739089
1161886179
1270399662
774059740
41078601
1203104871
750979486
840363757
2059836983
1789287244
1062879058
1160159102
2040431736
1000743828
1029926048
525754556
1791590074
1089377635
592706169
1442862372
829558120
1675714664
514592306
604589072
539970564
1827639731
1215693576
2015495579
1102620717
1280613983
1715883081
1590415242
1991248964
60562764
1887678477
1063376704
923481096
704732786
123964475
201014677
1583689919
1935690779
88713938
32633039
1358074170
2095395577
1385976183
101198125
243991466
1862987242
93287162
232915547
1449111012
1388543601
1983566088
457508580
168790333
1514103003
2025729644
1036985927
507044939
876153390
2101771679
1985845371
1205544963
433002923
2044761799
1703647770
1893732317
1978379021
1799599165
66600202
1811489217
1767823779
437245905
1677552838
760875296
1608901661
364928345
1302038404
419164789
148808064
859309670
1533115557
16286889
2022583554
1532336393
1206046188
774066078
1172119027
593178694
1818614851
136904484
77883461
2071821275
1150596387
521833071
889322923
272628921
1742289704
98812850
255630536
1836129834
809367925
1405704384
444871699
461700579
1046324006
1202083850
500798614
1280126148
1207349097
1374338272
560919562
15344765
614058529
1973060939
961365808
1099528814
577810455
1557097984
1594887294
1319662128
158046994
943422485
1321283088
1660563137
893736504
1492580189
1698149793
1501575719
1901646334
984794297
2078619244
263560325
431521650
834192496
951752212
934217255
320778492
908290517
1473570296
776269734
784588165
1108404589
1901877061
1624265207
1217171752
770400645
615267492
567576146
534680294
857979726
1985268962
1919167731
881866734
312460174
1484702652
1373905000
260792922
1085446865
1827279740
1024617431
1142652815
1304655635
349846188
440773042
1643413363
1851594318
891897814
2142843146
1164227445
129672738
853552415
325839136
1959366748
1156812445
238253002
222906518
685424986
1571695155
1001731031
778598295
1313974021
512904093
1508892307
1063594345
178872316
539111954
1169432154
770348289
750424672
692781749
906967652
1757764549
1796743889
30991227
1375374464
1036038504
1249673219
1066472899
1190601046
1820256635
240213106
344141532
1826759791
917588476
150449845
742482999
289866474
2100736357
1063748330
1199881914
1518726193
1017753597
104322096
1857363729
2051939257
2092169034
698366837
1732139576
65964272
1312655560
11225715
1161071416
1341368542
167045851
1819413925
1423213443
1472295834
1998015707
200430652
819073444
260695685
780009558
651433952
1397081879
863286658
668352552
1201411331
945665028
1962837956
2026847685
1250944380
623250516
1321937499
1685617602
619522867
293126384
671263565
1876308967
995485248
21149490
80141055
300305721
1238377794
953749401
1160973657
1379523676
739990051
1643005375
1871038908
1628186014
1479647162
1846353772
1078098064
1868206604
212548918
315470686
1212353632
838443903
1246004356
2016352380
1265622747
1526872930
1167912159
1114105826
1845881395
442934505
736266949
929260252
828332983
1293613907
1237163042
786519946
1821425026
558816504
1824224638
1750162650
1498380302
1891209950
593624278
1928585716
46611805
450327751
33513200
1276779309
1040920983
2019019552
285401321
554298225
12739010
220126629
846121525
1704409496
494001519
1259782933
2108421289
1735122072
694065270
1884805989
490010991
1124938240
47206045
1251348375
459748908
18064409
1146717728
26180274
1617957879
1538659619
1086851045
1066856166
1007599812
104770041
1400731231
457660713
1642619233
1831035781
1496761314
1371167212
1866594362
340132373
156451579
867415080
1460712890
216963855
1310118641
1814302456
779453518
703914540
77089211
163887586
135305199
614915045
1542711464
856997888
1834943170
478123015
1578560598
1542272610
804025145
2005948654
334230977
1060703286
897826944
1435350772
1223260940
1859885645
1260521059
822638255
1851691408
1581793602
552833589
998414746
1046053910
2032034317
1793058961
168870889
440595461
1912169934
1734598186
1342220749
1706524253
1608039150
167666280
274249009
943876590
698982543
1205177666
319194407
974871762
1799726419
1646726938
1211462956
1060160966
358191474
50793235
1904224855
1202227789
191441575
499402317
298452615
1780884696
1092509785
707431441
1220358207
550916578
646741210
608572081
834980594
1819005421
762955131
1729787608
671754314
407120184
1825447666
1425396263
1496301459
1923930248
2113182171
765755386
1691021808
600297624
1628767209
231678148
1405330417
1832882620
1286730131
1024445001
2114845042
2112618883
1867235140
2050772985
48349422
1926850435
1698414388
1121634959
36055038
273318563
203799608
419096449
1745511034
334521456
1581788837
2087988820
1085692329
934817093
1312863353
1788297467
848270460
1998214610
955774440
2002090968
1330227188
823858564
535141678
1689610014
697392545
90251948
1909879271
1554895728
1613137552
1255231984
1107602612
539603002
1181611887
1019854850
1152946726
1382292837
1879473818
704862137
1774187927
1914268144
499263066
883216618
2122797182
1255318164
1942784427
1345193058
329209936
448632500
941471842
355049333
467220816
381761693
2026634851
1191898540
894596788
255046143
803919887
1193732382
833704788
1780945450
701568941
1082735529
753381662
281231561
280024498
1652028853
99093585
87056404
1109405853
232307797
1943592540
534656387
1115327748
314792043
1454258745
2011220853
805442030
1072849961
1567184874
1589546198
327708746
1788613832
1134056470
2119209533
2103775530
403460345
549533789
690930082
781698453
595416408
1454278236
373346888
1536782150
2047269883
105689999
16745103
868537099
857436672
1049427148
703610463
858817641
1138995364
1563294137
1662815140
855780386
1509698634
1555614443
367175060
145192467
1262673943
1945832702
887480028
1794583643
1643847207
415124009
867155199
422001055
1283592292
1041010666
2056413587
1227207659
1581971658
586003587
1931489513
1896924032
564658081
627888187
124324679
700852891
1743821152
1573187394
254270417
2112859334
703782241
884860954
783711719
1355886001
599389884
289844903
1509070175
505122173
1437190352
1883591215
1881539357
1288260010
1979845066
1595066012
528014790
2053932714
592336393
491339827
375608404
1775837502
1526894783
1357089670
577552441
797139960
1455770037
1224866157
1369856656
1497447056
741116880
508568429
328938036
499567664
1302626896
892691368
1110985632
1252441306
302827677
566428302
1071534752
713204506
1815567672
1160230504
337944505
1590406892
1376308237
34813228
1871527398
83122437
547326199
235438233
1289883144
519401639
1414104529
1984632941
2126737822
1595662100
1758225619
1809989253
342622558
1912981018
601813690
1419478294
423081067
579399500
2000607321
1696431800
41956485
1011781213
404746714
550335389
1113363870
1697478013
320674737
983243436
422460996
440086805
225132249
1002635825
2122417971
1585918424
1032259131
606622829
410865401
1575252248
1988177822
1863895719
611492519
903411049
76164021
1368726978
1156437773
1381104904
1700569387
96867242
1917774496
1647004958
374621575
1361762027
1965552206
1600708570
1518560743
1196937346
1511434812
1081777391
680025348
1911961697
181227556
975484547
933781443
991891488
791718804
330693177
1450639908
2008563696
734674128
260668180
1067184185
833556653
1543891609
1622103131
1276723923
145535150
828897695
1224994318
1856558586
294003915
332768163
705973797
168890955
1246894362
517222192
100409134
396552747
1934187708
172877967
632062835
1083590728
859278903
412183175
633515591
307770408
179840745
1101015958
1012706910
239919333
923973788
2078115427
34536306
818170021
841150273
703645062
852354484
1682225095
88564728
387268247
795438263
59114126
980538860
1421553831
820000034
1682463807
859592112
1187362708
1681061050
399539489
1022102144
235026299
2071760199
625158361
1144107932
8183244
1476342135
1018671772
1047625437
2075135217
1667698146
1837665853
929104319
458559695
1704080854
894063992
651516315
1954321785
754483308
1051732829
773441663
591772588
2043380433
1896753202
1574154724
879232905
1841218393
659189602
661872815
1837629939
1856456611
262115698
1349001481
1718044689
715745841
414260861
569079996
1185312184
479274846
427205051
1259011934
956927210
649033140
1021990723
87508515
134310722
1216301782
1430262072
1559407438
535910245
942889299
158178068
1168218405
2118695701
1344866201
185312147
1987859011
2075213174
1840882535
1826097097
339493835
1439639412
1587500057
1850114697
1770984329
1829958324
1268039518
1384247591
152252512
1372204581
1269081785
1837305992
1947355430
197710632
466795149
199789567
692554878
1131704188
1968476584
1030633340
1812473176
152117632
638820326
1139323650
1487220899
133255576
851407963
2101195198
1890810078
865161485
1137908596
1771503425
1017060694
1410593494
2047956490
584060943
1494799779
1643431368
199965723
279201787
1164850018
1240024215
721261755
974964884
1212522450
479461152
1757436404
633954390
1744449851
15109622
492026425
899208041
1131658545
46353475
990952907
749506811
69970874
1212255256
299950765
129545124
1679692716
901139149
730015304
393857165
948703081
2095928107
1359189223
1467203280
1855851166
640515902
1769946803
2081442469
786923380
1229800589
234851582
593351165
440065903
1897830427
443019637
793640728
1595232160
801207360
1208029795
324050540
1222187007
114320155
2086494521
631431015
1795279067
7811285
833713213
816934790
1085998610
820061845
2017290548
855560256
1034124896
350650430
438881490
1786677463
593381122
1717380561
10722337
31910272
1791155826
1795665543
1853006462
9321718
190302540
2088156197
1184311856
1028209905
1279257661
873727630
617742857
1194892705
1905748667
1741755487
1300644451
223324201
2056865732
986182979
234602843
458899101
1422534066
702623275
1726299162
824114264
231020335
942973390
1716627509
1692400097
1748978189
797512627
1729516272
485389004
927328842
1158092172
1400031195
279349933
1864843102
1199124788
955668574
696058733
1678043944
1005130157
1976268153
324929475
28256090
1946060047
634326199
641996256
1207380374
1601451487
2127853203
507907461
2106948233
790079686
530622520
807253243
771648327
812023008
72483222
2047626553
1651468701
708390787
813502254
1795198599
432052454
248046728
1848377489
1442656686
1607560182
1125571947
1332258044
1740340809
1990381866
1813536263
1183311972
1854000091
14520224
440945224
1509144284
2132784864
1955373044
1755433500
1568983194
1304331956
42867540
125417557
351146695
1040250296
1658676289
145658044
823064074
871506167
1241568993
566942711
255834465
615557286
93457149
1572903545
1392063400
771858090
1513207289
1229711125
891178849
264616012
1195303668
1396897949
867234587
765185264
1370933490
1414013309
600224513
949875449
423555645
1521979809
1586034966
780234463
785374607
1006178234
960627211
5823023
381880611
287178010
962520333
1054710593
1301807144
763023131
876503332
1015707186
2032477091
554070628
1475088816
1539662046
29304113
821938115
2106549764
1190617443
1265362640
1384741754
921839494
1384807903
426694869
47161162
27840317
1008073083
1253856358
274100379
923747562
1142761178
2027760222
1364375649
1195137386
301975387
1985578976
1527786528
364274548
1311854146
147559877
783382174
1945558942
897362001
1126269890
1947512267
53801669
116098202
1450564264
2014373343
1192536302
855222305
1000063577
34376671
1570995242
2100387158
1336766020
2018987294
1713477558
1286024692
76127450
471981704
2000004631
87056982
462961032
21126834
1067871078
2115267717
1678863741
509692438
392077306
997625342
1398553610
1651510195
630782316
1006282553
1417520018
1443163703
1722398643
1169241605
1457879449
239475613
174100938
233437635
1230221363
453536571
486393713
414797668
1567081085
477912016
1723755495
1302920860
115621371
1046825025
115115079
586090327
1043808567
326857283
1861510692
1805523211
1272940327
61331692
1359674002
1319945023
1025357553
826244795
307274201
2001541109
811052143
153533099
1971718156
433239143
2094954329
864111596
1304684756
418053362
214060950
447337842
1442890762
153531574
282543800
1179168472
1122082173
523769836
1970518415
1620227030
1249500823
2040243192
322995094
884524242
1401963478
659598082
148666832
1425263527
1557522729
347006030
1872751048
226679957
1771371530
2043735036
1316817970
645895127
279346749
145561319
1364361800
893821540
1715645374
557550980
1082133279
938206024
69404992
1602071412
1275749923
260089330
1032859511
1272797026
86487951
371902745
1993245838
1585345523
1659106960
853124191
1880561555
300077380
1705829271
1819729084
58204938
2118627253
1281326526
2123676225
1272406543
282395011
1885571643
1833130032
2134181728
1633258653
1489432995
28966090
1337154291
2125555696
1480745531
451677471
1487538692
152647455
239968227
1765503634
1032232775
602096724
278510066
1254439261
1950799383
1757678830
1745072408
920221873
2136074598
495214050
1493579052
991919163
1597911048
862916978
449032786
1381410388
25848015
8272808
1081683971
1829633289
1054843412
470360231
1096594103
737784492
515522300
516307926
1623808578
1110668279
463189872
902442770
474196914
71106081
1244823748
910953180
1477552535
704244609
1194009491
1668566107
101975531
1995227443
1679726640
736697227
1758389099
748732666
906542906
1818153279
1118815297
860904899
92104797
382864036
645779352
604623904
139134020
279772633
1906236789
1370478935
92818306
2064763937
1155473981
733655438
576474979
1603538492
239846954
1128071278
253395716
560778864
1413349013
93915576
814628568
325258933
997593818
524272538
839399762
1420787093
921126907
992249784
1081197735
1958092047
566764335
14982383
186323975
1457892957
1654000140
587209069
974062359
510933786
1157777015
314016491
278060809
1059021638
1060993491
62705124
110323452
1917891680
388296361
351076069
338628262
920216599
700536048
1009864599
1548294843
1555843040
1672447815
1591840172
1244606089
1657184368
31795118
401181482
1983784864
2001780202
1286641230
1112285350
1037957722
11157973
118376623
1172213210
862469265
494137728
2143003507
1144956262
1565465277
1049181761
964960879
791385040
576118697
523341628
384867147
606181994
1855426109
241259461
1384561755
1186551321
470703146
382095796
442505403
1200307282
2114328562
518979369
1175614935
475998998
1675693438
157865006
1625033071
1653637687
1335828632
1007146791
1655343571
1787495993
985435998
1919203295
1880364131
687117693
1401578627
1743700970
1656843850
692267951
954799740
1830288382
282888662
737369630
1596647733
1556630099
299069751
102155904
1342895800
640615864
212290865
279825535
1009226876
281442080
1100889778
572461000
1646323279
996169640
173342909
1253391768
1762148283
431145307
1608392668
1532984461
2082543228
433192625
1529137068
1881304099
2069561318
235912678
396526549
50685166
1385462885
1348103140
658867971
587531812
1209977920
2113706041
703239712
1220924987
1706843437
1529996516
581686761
1633860010
484879277
1006121797
395417868
63083842
731790699
600580246
2112898801
616693039
1024188673
1853203282
462766498
1051411065
883743829
1679389807
530487662
281553023
1364052643
1587415539
2037449151
363479850
274189377
827807275
632201363
1015022007
1701811365
1070594069
132313327
1992938396
1274343813
1250762182
1898445288
446205404
2044700366
2018241789
2056881845
465602684
2119187296
1787932772
269237689
644775405
1372495010
957968869
1365382827
1020403047
1662900328
439272139
1848535413
1290935135
1699959875
1441215169
804654658
861942605
2123137369
765655566
1958463051
944828950
764722284
961981835
1907319379
743091420
1421614861
1724829697
1793853254
734738793
1548287750
1859992571
120338756
1212438480
173610116
2005407788
1324300372
1714319476
1381457361
725470681
297502813
346045216
2048711218
64252263
600038914
2122993412
2045871559
667831012
604530230
607048188
283775353
762430478
1972554650
2004818169
1361125153
1171737803
1523588090
751015670
785862927
1754047753
1988968787
2016741284
794932116
505200594
1343116206
444087199
826473782
1232398523
1521876687
1783566619
735109905
1333374410
1577918769
1067692353
468694634
357263457
1926584490
1710105010
149619878
2114314770
740472201
2089334563
1824140427
926902393
885509785
904289505
738322760
655084231
469323015
96539688
1550626324
2123924138
1703417413
1651158201
657691286
1504575578
2009932002
526659589
1198351821
753737987
1391371870
674128545
1462628072
1522317276
216228436
136049885
700044628
870546900
416517200
368250662
147196450
872590642
1071560219
336590973
480928258
2131030506
1809641505
921563997
1240403088
346414835
1046031570
185757247
32558567
1790672475
945251159
592769069
1328832497
1025218741
1544172025
739849648
390461641
1609504500
729525411
1792785874
871614704
1435695181
1399453036
476940407
1881457957
1747125127
1424513248
1924273169
984635316
1547619281
157653797
52940905
1241403187
1420184560
2100604532
784305681
1454256115
896696786
1598248075
1144419551
327947534
245998284
1296429735
1223743761
1548548791
1289984993
2036014694
1225545140
1923347424
1843051532
737372122
2015168688
901837527
2011431134
1249522453
526512924
140126508
451826959
243337183
633415130
277378431
71837704
1214095255
422601404
1251656322
1040970703
1519632781
990837616
285514198
909025493
1296976210
2137795603
376711274
1950463540
713139401
438561625
70844600
1115826846
140560268
2131976267
1672186046
66671769
932373029
199574701
1417842478
606166168
2082394138
1818148398
571565744
1382702183
59760018
2088084490
1480647329
647406981
1642804349
258485799
1504280261
841717870
1639070830
1869836125
2093582144
1625523605
608121546
325972836
1729967442
1290204705
1484587983
391893757
1957960871
1854831619
2136797125
443010841
191049837
1459534575
551057158
1676027330
366529033
414630935
261424624
1841249642
778361236
771459577
2027832862
1098659398
583978949
1620431300
765578461
871403043
469751684
757695306
81857716
2140701417
924265636
119962381
1992563572
672716331
1952871511
715613647
124550424
22750885
1306111563
2140774432
1058833750
1499323234
626844722
247911853
1306429303
1980383759
1830856584
359718479
392605894
685298331
1236496983
1583619741
1829548730
674473146
780247350
208636689
1810714138
1937293363
2011006865
1595689725
481840302
255388680
1425786059
914675933
1709559044
517809942
183813847
394245761
216174840
1908171128
1024357205
186383713
538319120
1553082187
302680818
2003351781
1130733919
870067249
216979714
1209900640
436040383
1801484097
345959521
1027682367
1659190046
975873687
1016482240
1768399022
386022383
275464686
1170976907
1801769987
1125435194
434539454
1428064230
724998136
736477072
2088365472
453894795
534710301
2103098280
64056361
1395407911
1228110108
1500544403
644260354
1505824602
278347958
953677004
1244363418
192788566
288014374
1941469081
1705114763
1693526692
1868474776
2056144898
1051434285
1406373907
1901525414
1090343912
184542082
1848781256
544195104
1998604680
1313316686
511418705
146978804
570960192
78395114
434343776
276789877
1096011217
970657914
1446177720
1001513201
1908098507
268163558
1632566069
1379537029
1113385352
547447289
926638319
1778069348
1186500295
1978753322
727786851
1145507251
1937730983
426507837
138510081
1555569034
968379715
10255573
173084248
809310279
1446991193
534465639
1250259459
1914901732
161076428
1927188697
1478615587
1798676223
1438099181
2133802057
2117539013
1427418818
1716327880
1708755649
1822170898
1793274420
965751161
1331706883
1035984583
1441436342
1755689800
267589976
33446515
1471539178
2000370157
1399095966
1075367475
104341031
373769441
434978465
1507811709
1969877547
1705444505
341953322
252993203
407721812
1913156112
806289317
105842559
2029534575
2072485636
1438232752
429075379
1222831053
2010963803
201295238
62708037
1682131185
2081592732
556319546
1873224813
943222882
1052310849
1004870555
680449392
822828008
368842374
192502325
967125224
325231397
1479375989
995003710
141310891
767335737
863014250
423840478
638350411
435765695
32372815
859144980
1827847276
1663516033
359209595
1490630643
160048744
920388450
1951495435
462624916
1613868964
773990246
1607636160
880729963
1438165359
634638253
1706818590
1130795711
1467566226
1103651360
1657133310
586282073
1824090578
560031184
433223829
402753003
1241626964
1673016849
969972964
1645179608
1049584209
1728591706
1123636643
1541244284
561395358
1757106452
500523615
1633610827
223996432
15612786
1953572142
1322715940
1915607831
1741489238
1840061745
841047643
899005805
1369761165
220967150
1252583514
1870682708
540385856
1411640843
900630869
620267198
1434684306
743554158
1778371994
994662471
1449619949
1492311691
1665163840
191349212
1916631449
591096250
1618559758
464909403
1305952006
889028042
1502146175
407340382
421728559
1956691990
1841173191
853216105
1679560973
1939441468
256478154
1777728424
515394805
313971188
1667228986
427838177
1110120735
1424020057
1143828628
1202120303
2139775016
2120233445
778083770
1859569240
1463410665
1782598761
1132373625
1966323461
1392219581
1687115469
2088562950
948983346
2139039269
1909545934
1885390848
563117798
1673151337
1011722069
365415354
2097532936
1872957079
1016683752
1924673183
928939956
689709147
681120212
1072065197
794346851
2142819733
205199047
2040462341
193301862
1777364983
437813218
548252107
250271473
1637208230
1435211009
1397158061
1124545953
2137638223
509690446
435208845
298216887
1849051837
5009315
378604192
361348218
459435143
1948920817
1332804008
597517699
2042639420
490969342
1777075966
1922441513
788381865
605556850
73715385
624287587
768278750
2027195930
379279447
928209903
522942530
159583358
17388725
1956771162
1543392116
1640821482
1223852949
955610322
1385981714
1840031863
861772362
650685738
293449681
130970495
189408641
165911904
666462203
2013207933
1062790292
951741618
2001699312
1270100721
1975487361
1690399439
1074936310
1293466542
1241536016
1557466891
973899766
766368466
1488733371
989769519
1310162799
1284239363
1243996870
2943714
990644074
1024490369
1976299764
1343290436
1743340343
96223892
1785204091
1226627972
1545469546
243832433
1947937153
624990173
1910190476
2049212637
1628258029
1983317067
1323902180
1481015241
1150712815
737324114
2044321654
1507706596
1240576073
59526226
435803151
317337301
204647509
1690033282
1552896249
888555382
2068064249
297604085
2901314
691599640
373580327
1328814100
1439489564
1436042476
1350356329
2118922911
155561372
19133894
371403617
1337420138
373279632
1688539859
1204731832
1608679584
1800691121
850321996
1369228991
559271488
950343994
1652903474
805680093
940707304
87062084
638729558
1310425324
339596691
478011110
1462177128
1947508714
35410552
415765602
1135070786
172094934
575274343
860898105
1391620471
1524592105
64750614
2062315337
345815176
1082356009
889976533
1592331664
158423172
350889322
1839742584
126290051
1962533319
975487125
373094888
1752726908
505334264
2080465263
1793570811
629530418
1190642456
2042823913
650618020
1075864035
1480873317
1045447707
1739787298
559228057
142236430
1340660378
352955727
868314865
1315560995
1798259287
1251661062
570598630
907657151
20023479
945749757
1476923425
739207589
1816812109
374670723
1333912977
1908848782
660286364
1699197106
824900758
1621418504
1891253750
1443414211
1369382299
553363343
1879668893
983337615
1289124329
1999086889
1624704799
404188072
1482760127
1654374322
2130453076
1820608374
1768159838
1209755958
469508228
130237520
1031323901
2047855268
1435864411
2057311513
150891967
1781210850
1659650751
499799545
1140194887
492545474
448840405
853149578
970619637
1475169031
996779179
10248712
129023169
1965033450
1613259465
674706010
391552004
1584828480
1708956144
957265653
1748786552
327772221
813229282
1916948992
2085865430
1039977413
937642241
1463885883
1780332842
2010379760
1114357014
1482370991
1957397626
1166016572
852809151
1115985560
1511575945
931257129
1131511063
676130896
1062255930
923516967
647335474
420810945
397398507
1394346479
1738672441
2026339462
447883981
367351215
31099495
603303714
2083040304
1690233554
631624728
373020365
528260264
1375652138
2028942698
331388927
1694652580
935602307
1276775202
1366559591
697406639
780332777
209872907
825916045
1697352521
513308388
244195750
1083871767
1742443592
1333186604
325924746
1702511648
1790240265
1033224196
1640384686
220035910
1008673335
1913938037
1277892512
209009791
1764827217
1509521004
447279032
449441958
1522005250
1606063022
1960801429
339465444
409297846
1803098227
733333137
842213745
1160596226
1646141739
336729968
322963342
571683350
2062476402
889419474
775801655
1700706601
232974144
662762477
38272642
998357622
57309138
1396728347
1848073247
1124311331
2057482639
305442771
1127272636
710140027
385491248
2058385270
435110111
1516749572
1876541650
220145251
758459908
1214497674
313304582
834687159
1543443731
623935186
1572634000
30066146
992899305
1856438071
996112351
116605534
73058376
557777654
2094632826
1118322218
1044928430
1831849660
1923212219
1413957330
1678758844
842609814
560728550
1394712428
2091245579
1578540483
556122337
295100258
1341957592
769111322
1279980760
1208882165
797131130
1227072564
1156065290
528343688
141355222
721274979
1031004303
2085871771
1721448645
1372625811
682151033
700495094
117092482
918018820
1456381008
997790365
2060207268
874786697
869074998
1021807629
882868312
1303297133
2018699168
1247918488
2048031174
696410252
1536294211
392953648
822391327
2097344299
1586658897
288818092
1024936967
1599353816
2002110062
1120753444
1372556456
1720434352
1094219339
1633149341
2038864187
1394236512
1939221781
500468832
1601538894
1839068509
2024802278
1027575428
253312011
1441804799
1473991564
1066183096
758707196
2082332288
1701674092
309625634
1940589687
414663810
686003642
1538539284
2006250187
594864669
1426778278
328768296
609101152
2053292820
1580029187
273748440
291905068
338301023
106830672
634893986
192159709
1400636508
1622292772
1486333691
1644008055
675871091
293070347
523598884
1036177390
1437948149
389713630
475656861
1402098890
1861816817
476570181
944777273
1348545455
283013248
1150343722
1024156928
739890995
1773124164
864725992
48532363
222185706
1107873513
69694647
393495372
866290385
1870112197
315589586
2028146340
586312244
994396113
728908491
323275351
647830639
370167972
523059671
397428441
1209836801
1224461773
1947659997
946782256
1454996368
2120501735
657118407
1061437847
758144313
623493204
927399544
1626013735
674991138
1057211662
616901845
760292222
346197802
1782247527
758986411
565760741
759942572
1997804296
818447620
1145188050
102345282
682758942
230655527
1258066460
422975438
498767382
1172820720
1623013138
2081882687
774066089
817526137
1757202420
686278071
1929649131
72794866
751469287
181561815
2029596500
1231001923
1011324087
1592787465
1148030865
557892213
1248965258
1029656945
964235869
1133073878
1206042088
973799401
200474085
125852685
2057842713
1988953329
1811303961
985191827
960628599
672141818
1822867370
210441141
1623156502
517577973
1843386234
1488486413
442529292
151208886
420639221
600823344
287669397
1070330407
283399191
587941041
2008024984
105009417
1647304183
1520682126
117223749
1099629209
2105234335
407629737
1724406587
666652928
991171537
698183606
1315272155
1032666211
1354652911
1932606096
145127277
1474676588
1522612614
446168303
1712549797
1621432425
1011030886
1553316207
2015167868
1666174583
602281973
1079084967
94240503
1630906064
2025164377
142913805
804834034
1918903731
1343900390
1822031379
276931623
703200827
2145151337
648672503
1539933995
551891744
1772404867
46933621
1508594309
211401737
263914373
1394795024
888204091
1380043542
442705720
2000802330
593882090
1943988259
632973172
1352244973
915528786
2026217874
255284107
1378367647
1018531122
1708083374
1721700816
1868189482
1565932354
360873090
1791634120
1108466916
311812545
670040682
1924867931
389218616
179844815
55854681
110236681
1921796416
865959033
1936065998
118304535
762551978
1308522
1829859404
1340548162
1149883439
1167727030
1377750533
620960626
389944230
2010382896
1847879265
1979051674
380947148
984832172
1025516365
608232404
635722304
169919607
1141973632
1865973330
2018542265
807303226
1049671734
197279171
1073739789
1625291581
1592503670
610312379
1773934872
1479646788
1504015805
780550762
1162290870
867167448
1607329902
1944482399
911622245
928586038
1853322527
1942560614
2074468969
691534299
68222934
1426960050
532348384
1037912119
926372211
628887721
1864345273
904604114
420229161
335720538
1456837403
2113026898
609885031
1633784682
795174661
549791612
251866074
245010376
1674038787
1284692521
2022732844
86341262
467095562
1957818656
2119944624
1585889419
193074546
439605061
2113189003
412566676
324824385
835730640
1476795147
1398167171
1240207139
79276535
894125603
461883680
1371682679
1833088242
966076411
312426755
1588869198
50554448
1888691090
2093305766
1060146350
107723210
523696201
1806396015
173487118
978511143
1973760864
1808826089
204884272
1828354514
850460749
811664149
1577950623
1884353461
355240721
313368421
177236489
1304167414
847827912
1420973830
678171173
16876098
1806116465
598480031
1145122061
1510312584
709768368
1906537041
1867879193
1072378265
472472192
1163687323
2078869373
1788582638
946747936
229705964
1667129168
10647260
1753409585
1617427173
1183493814
382261850
825671579
934132823
254069605
1413952735
164635278
2145577816
688179132
1164126612
1436955733
1980361289
998603357
1092173117
692226932
1113333320
1679818970
2130449593
1964379390
1609062642
1418776611
426508483
558057537
1621367613
817687901
453891794
1493836338
2028853786
370227854
1672898629
1705925277
2088745186
245176661
1621100522
19331529
1958021481
57667569
1509057949
1360138053
737486827
334825569
1363360833
1269655528
399159915
1499288039
937567571
947915984
272795032
401271279
90883030
1097151687
1491255396
221766829
176864237
1686367518
902752602
284336276
1298875819
733835071
2024406403
1437494019
1394189161
121576850
977596413
1026490273
682751340
639472587
548713961
1420914422
1207784585
640490942
1774167894
1231926263
279365957
748390520
14615272
1803286026
597048515
974259999
2055880057
1656691270
1155772927
1715968839
888133785
211215946
427213928
1954186038
1556780071
530935596
1138551054
2045228928
385654337
200463902
1536973364
1776966152
2003350034
1264636604
408816744
115631020
1901707257
1355191751
1208329144
423637241
159107541
1260852315
131688936
113848748
2070414909
1458511615
1972029298
75888933
1923025634
1051178792
1919498202
1249250190
25988584
1258529556
1037469587
385446054
1830185432
1953715465
2089530667
161882890
1136786409
1620490855
1986974296
1161135447
12928248
373659013
1226306164
1069772228
135880491
606628049
1288232300
1109691513
1449274581
273683686
1929972185
112821531
1338216340
2089789796
1621130619
1232138316
1459509168
754034618
261744772
1667135838
592122512
795760671
1970368941
289793881
116553954
259019769
1911245007
1835589716
1487766027
462619004
1642342258
2145392888
1395137557
1553319045
1487246091
558616102
1981745528
1376183516
1737268656
998783835
1641067728
1424873064
1733424184
1601169934
1679736003
261016793
1685547420
479427771
1417330150
1604803837
4747163
741743187
321674192
763306303
713339474
1377714120
1478099041
2097213557
1108529917
263988073
667440579
98793991
618754048
2008008829
1923455733
2080929500
1539328303
420785878
2013966765
989011046
751867665
1993061458
33415509
1973251173
1284056718
694810207
665522300
1627628725
809606767
1832744750
941467837
1454411487
9232052
848974186
1790711344
1973111979
922489218
399846871
1304369774
393201725
119532886
419621024
351609348
1019703947
966965190
682542120
332490627
320759284
1897056002
1467724501
1907122714
832079185
354792786
111189902
794084289
1826076212
1983937100
102095055
1351839828
632913029
1645421033
601358350
745576553
150782119
1467623616
1043544771
1286872170
78709995
1841341184
922641367
726435698
693621111
401808786
1505310973
914996234
494473967
1174832848
1478937982
2070316612
1388389357
960463894
1096041853
1220537027
525251457
1797929167
322703597
1978682319
1437502245
117665868
1911912002
1847058143
694224393
1047637938
693317918
269383531
1173062303
362321819
1427638263
2108181786
1796188778
312380831
1085764848
1440101804
196641992
491571472
1735870323
1715045245
104153319
201775359
2009800552
1675227995
1605529723
1374086419
855551155
1714335635
2488490
239921570
1582373906
515511700
1841896550
765595175
1713089141
154531046
1794852477
1168415927
910800876
2024075353
948126921
1638057687
243421611
1111521234
807086965
1219515957
115496150
1388337907
1441687023
2057644566
1443593204
119170825
1334843887
599429644
996534552
724318510
1725260007
496743790
2056913181
1726079613
1231502235
508000310
2029144166
1628081643
2064296051
783446105
2055932965
847129465
950084316
425840550
1151249728
875121697
775227006
1225806500
642373603
622980675
726591213
473837499
148321827
612558648
1368755154
633192300
241184286
1947386707
1449652919
1042221502
982488981
1133240628
728850289
1592740535
1514270490
238404591
837939928
505327634
1134691057
720100787
573446512
1246417821
194049035
1286654917
427443872
1798213944
1314252108
121933206
1739947659
654616948
1207631817
163284936
1000897622
2132438642
2049945241
643041470
1221282890
598103074
79174593
1865971836
2109614928
1302943029
314861600
557528280
1891679468
385539744
249390765
348275014
588919755
1081744221
1476785851
735624853
2066952723
1730403876
475343097
755424420
300656779
339610199
40150799
69945162
1609755438
1817065815
1279505389
1283617983
1328494362
1277841173
2038386598
1992625796
807450769
198911458
283504482
231557475
1447189895
2080050774
1730475855
1510954757
1122402879
494609984
2066910858
453058221
61389256
555976518
144036110
153897612
298148308
200853293
641534091
1404232518
1563552741
1524855613
1648095228
851453259
966764186
406042439
2033759183
1668417198
1689493071
517419229
570943521
1732638525
1115688896
182977390
210566432
1722721140
658756653
45149638
1215815966
1376729775
1740952313
788248908
1657892019
1243848001
1941870442
304456518
1846940319
283414340
1542501103
1341652147
399499414
2090865098
1393919234
360276967
850686504
1331741179
1515641915
2141538418
684116784
697539993
1119633608
740199078
1077236803
164141748
302973484
255782930
383273520
1596793895
1057274564
1413002515
716616670
756871180
508291244
1097817981
1943988339
503369453
141793395
1969423263
1771193138
2118254364
1187717607
545852774
408263316
1778838650
1125613446
1198187406
515924352
290100444
553399202
1971687855
1540467205
2039973858
1874962757
1787282897
1323910227
535055488
1745770013
325946966
1992850520
1715990631
776236754
953042655
127258196
1040021993
1081539832
1795924378
73072245
217508376
1025319127
305351657
737034138
93826719
733899103
1836253116
2075058400
497786117
1017587398
1833883598
1171284442
619351118
1170213587
1172071079
1787662724
480335673
1121156219
1776312242
1428368708
1716984354
1786713069
1294759752
1417236545
1008832571
226657407
893608953
2038116974
1200595283
1900266594
171155068
1731913222
1186458508
652813093
2118451190
626938159
1688117419
1343558848
1778295852
2006691452
1889860961
1435431636
785985077
797259524
245709538
1042663669
997114127
426882626
1559864740
1856273257
408996758
1658685472
1178310527
1583222641
1709160772
980336524
1857254931
2090027787
123895554
2130439373
380531654
1438645287
63721742
1650100534
446098457
2037923518
953013442
1541677204
1215640968
1375431619
2024035314
692999544
623234971
1809777377
1890156417
1311511944
773360258
542214289
2109717794
387386436
926307105
1654519714
234564804
2000152332
39480380
2074979319
1273255902
596882042
913555803
1545990343
656714602
503015126
1841192378
1476622015
1350895045
567441210
33274976
544392403
1130201868
422361311
1124210670
1638017963
2052755573
722203077
1684429921
1673278173
954967578
578228230
560731524
445818508
1000914579
1903969893
671001435
1412629775
1588660620
1579800769
125992335
764281758
917132013
942035993
347157963
1285831744
520576652
383319561
273347692
826962781
1812812696
2103999320
144138944
1460267796
1785147031
513339621
1475494119
181494258
1157743699
1521464380
1410235779
1756487051
497115539
1920341673
2087467247
39923928
1769954121
1875621899
1077165921
241873761
1444001221
1250092125
139059131
480157703
527116223
1921490913
955748005
666871438
1306050605
38412813
1309654068
1146639774
1154296955
418989340
1008082909
315069056
654369788
519299073
831456566
1207251242
474374727
432162489
2049740684
2098762047
849830274
407865571
172469031
1404008278
208450200
1629729961
1342910277
437944070
1370837814
1080077757
1355591330
2089355409
1667883295
227952296
1647851247
896826419
657465027
798061953
950337560
1312412464
511844764
1937334080
568653236
514576242
601930088
201749794
524360093
2044766375
1234674063
1705314970
242224028
384733782
724052722
1764333941
2137584175
1198745687
4307406
1800342478
1989134949
686649449
1322684016
1171316694
1914145273
2113013767
469808354
837350320
1663156596
758704331
945198077
1391814185
447771979
145411942
1828867224
1373072450
1923812485
884449314
381336773
1509956143
1331203116
614240518
545895730
810461857
1193957759
1180971640
385070906
979500631
771888353
981124319
1210983739
534433008
1924496295
401636615
659102249
1692777802
1822960056
344939652
1415133572
1785712414
1821025079
1267874346
1943092355
1029710732
146273265
1786835868
1831460730
1543416782
247412987
1394993317
96865597
1435221992
883617091
2134931885
1970842113
17660895
227784269
1642381803
1659807905
936223888
1754545218
760112321
799683249
206638816
839693745
2102590701
1578271526
1280783737
616438918
1086909390
767867880
1738669563
495380154
1565771203
1801040078
1528566020
941157251
1576102914
1924762486
1368378179
1922531929
1169338376
892137768
1130468115
1271749097
169954721
855204020
455611175
2053653080
730260870
285994918
1617420609
1528194584
2132877256
114101693
1912441544
380715072
1761537536
2075061178
215600491
353358407
1895601011
968749160
813736549
614376581
422708404
1688463202
1471853780
704825011
1327272011
1165923989
1602489151
2108486994
1138229580
1181774403
1384892120
1594135901
2074300187
1575689242
1855160662
953272078
701405283
359209372
1214409275
1686867785
1298552442
1978052131
1867567063
620650828
1415113602
74081847
210189067
171562093
899028651
254171139
1250869492
1006300306
446313907
1457022458
1127314897
1283690913
288474382
1534922659
1265016672
593712596
452271678
1952431749
1268518066
473261646
1552404252
1575627060
905489073
529056316
708542581
1469335049
932388682
417707764
478627890
1291899716
24502751
1418727753
2127454151
1339044508
1580877311
1013811427
932040160
1418381344
1229865299
719269855
93416374
1123060985
1350477587
175482570
1604756396
434504190
1909688059
343296261
1258317076
470428330
939577936
2032026597
474538059
1775764120
1928029270
1038282526
4433433
1302499048
356404190
2084568313
1872064127
2088053071
18615929
1640841087
993082515
500141777
714824920
821303443
1154733608
2144480716
1005199226
567733187
787474613
1433142025
1319156821
399768462
857022673
1378171821
989897680
1309025986
846008043
864808811
19745383
521091573
769494648
1015392317
304898533
503985816
1989517626
1589456216
575807782
1569407490
392692834
1162814289
1408775337
957633455
1435741065
779242888
925215419
742987384
61578389
1941045577
166909655
1085818763
1736110147
1393700349
151526159
1922052028
1067278555
914061046
1452862848
1289604160
190744561
641631639
704478076
1884502180
562686664
205109730
112959291
339156671
418195031
1359874158
329715735
1252766173
1414728468
152808652
743468228
211608752
461397626
279302211
905214263
1431952272
1130291563
1833796627
2061400593
775474390
343068855
669379540
1695905715
675734344
1102624391
2048969095
1924106020
1170407218
1962882897
527305927
653541944
1577802450
590776324
1198066919
157390284
1030948730
747135798
299531714
1774687635
911825102
466270019
997229458
763138947
1303026106
238006193
487412842
89225879
1685270702
1695006385
1462672977
1960026539
1950358772
1170776167
1956253310
1070746927
1319312374
1046656130
1946426968
2041414725
1075830129
991637969
1557814954
911666231
373957246
608405597
2117207470
1396442201
1127284526
1267545625
669004114
997763291
1757083182
1609628215
111270615
19074119
2113264460
1050625710
398848019
579852780
1567451606
1878468773
1443842940
277805302
1855668478
963811421
1221905257
1254360334
327678983
403392681
1204305100
619297812
1182213060
1212552303
291225816
424223005
1413933471
232500935
2054955780
1348566315
1374262583
305984506
1914377617
1632806620
457110363
2042652495
1434404767
1374250901
332582641
76530558
1201585517
1781934336
659479306
710547644
578935416
66877901
514559715
1935792654
1487544827
1953894016
2111838526
163481002
698479921
11630355
746881044
630555149
1228652400
974372683
442424615
1290206981
749631641
339098940
203723222
169312289
877957159
1848385808
394927266
1542613507
783198691
423876683
2059667029
1648686870
968640486
812571184
1704214495
936230457
83471727
407716950
1797261102
2017177126
196837078
897106673
1007334650
1546519853
841262905
496580022
1290381537
636288324
973598494
1659737563
1658791240
1817624987
1986943902
1601245733
395098719
368765250
1537167159
927330940
517341102
1073302002
875734252
2121568409
148821061
265183479
580251343
672317169
1698290797
138161017
758143603
1629266330
1207105751
466511077
580422641
1265714548
1596936660
1019870764
1648427194
1459574701
1574749504
1465301684
903294531
189602443
545919595
883186785
1982957931
1811572625
922003289
2018718780
719123905
1480731094
216063806
703714003
1887933139
1545643800
1442461545
533056800
701827134
374679225
73998325
1437632689
304536758
1666882972
177908582
1580935178
1896256604
903851571
1563366216
543393903
506571498
1441379083
332098478
1079815992
777086397
1488004675
19061561
1480443598
229459079
800247239
473683283
767611605
795151025
713611970
1689462112
1443493301
805992492
1690114946
1773721242
1901758784
1960481076
1737012091
499463409
1582580722
523189360
139293080
1286738079
1563195834
1450046204
431260087
1958357127
772526157
20787389
576382105
96516863
1234369590
399790938
1203735004
287639597
900312101
1999689474
160756530
170666369
2090602799
1862925350
453577198
1022851510
1648935412
1068313902
204272728
2068868066
2028930812
1235487611
1457781979
521009244
1058906975
1626334271
234945578
836575806
1910022488
1493340274
226643983
1695281731
2084286638
305205102
1750891323
982756703
1385795823
911930109
1635611102
1911163251
493427457
949890089
2040652723
1336577907
563103236
1676598130
1448670831
530550394
563098179
2014507012
966359668
1647427244
358205102
2005729289
125342502
2067752645
268399344
2109254538
280073317
1520014441
997439290
436082964
212887470
1980892069
1265894702
702538324
62988036
1703457140
1375671173
206309767
313320006
185093900
849231963
165340345
334958111
792363819
280155898
338501939
152037429
1590168103
1760388364
1580559024
1709193252
797531937
1231371143
1248836842
39930455
2139224342
188483694
1030831829
1978668998
460148109
1105855603
813862506
1535319414
767836697
700241311
2040460266
1843329782
1684568219
2111520742
296486342
76351898
931089162
1198485575
456154401
1157617119
2094944572
1913775729
1037593265
529997410
869388463
147941564
806214515
118537862
124628808
387527138
913666167
1717069456
579803819
1927994594
851767203
1235230962
1309262302
1969995575
1601499235
1442752647
225492305
1011157350
633161742
2021981882
85473993
737599471
363533007
1098810814
2032299818
102699337
1540471893
936515697
1249544626
739885939
1033403761
1563677511
1852795301
240565549
1959973442
250538327
105714648
178165686
660552292
1961703988
1122487657
1544829895
238311553
982569917
192542876
1376595039
1015875293
1183651324
941155316
969236538
629980104
78280240
1901106547
383041542
1249119830
63931817
1868673194
658376720
1099678392
451364026
2117337734
1969647585
793986289
1307146096
1116291092
295507209
1809288559
2041360707
690759410
469736491
1311757406
1061862709
71493311
2136129744
1208855265
734516458
2019187618
965796466
515956395
1004612811
831107215
1801525416
1336543828
757194578
544266231
1094012890
173463382
1727048944
867622940
954131606
1440721237
1628237755
1642104114
235695591
616990399
436377215
1438193008
1605173707
1645363028
1696846970
1199784929
2104649511
691044672
1309473914
1522347629
272254477
1684564369
137577929
1349866893
1625751120
738158940
1800469997
397607353
688325381
456124042
178372567
2077176291
1925665419
223944247
903460831
1840794174
796336817
1099773366
2137783759
1357475981
187348353
2072566540
609428067
1234468779
1067518281
2006143139
605230323
1403415506
607366374
1336902437
437775993
1268114591
546147457
964331236
70751375
1345916698
1078802512
1267026362
1222864260
1515848169
1931784018
1641302911
1704173592
2000749470
687391374
1204905549
271130340
1242022667
1178825118
895316889
1045859118
1594365523
1228927171
2017875716
1527737178
1228942353
1854556821
231245847
553463076
1304555378
955618676
292449059
403471046
606851624
937659797
1186689617
1324400601
274723873
834093531
977190161
1969131322
722369224
11371974
2103065525
237174619
1511206253
1764354301
1869623632
1819107025
1980661820
508758437
832291595
1479594870
2103294182
228043752
1607358135
1597649764
765426039
1635753828
2059624901
2095325856
86739731
829728528
2003650223
2086151968
132533707
1141971362
1666372717
305393741
2134453903
1185238752
1683886245
2033588320
1454700365
1080397274
1111849020
673593411
1167145983
2130601191
1830761981
101826770
1601028837
651108098
1173627172
1502383597
843976232
1964493089
1138185999
724819966
496862524
1874860833
902933727
211857302
1224482571
1916147833
1213731426
556508514
1670937765
1580422476
591777728
1661244612
1438891399
1147851699
100764483
1216443084
1569878385
257689452
150061483
1429390768
1182528223
106339706
1305455857
1722076311
1808830265
1473455299
1555055192
21721762
1183859652
1152472021
44556654
1115647675
583504894
208131770
1084283444
2083513546
1396148930
311259485
2103500245
1046890798
654362372
1725315060
1263656657
1282606385
1052027225
979090280
1083501027
1129883631
1567207590
38235274
1550315050
1495320085
588508226
219795832
1838952060
1119211113
287468961
1833444029
1094000612
1203316116
1446302791
1774770522
1081058151
1790539113
893844601
1030793534
1452536845
560578381
972286497
321747579
275431056
287793372
631053075
431995872
1690256386
183763749
516493880
1203454802
2084455649
767160950
849243821
57351622
2076264109
1518805408
360621366
593408701
954320675
2043548517
635943190
2068527228
1098567101
1749099703
718620250
50377582
2030081201
1709938335
884975718
1475517886
756993039
1518300346
1824851578
1600991941
596647303
1182175470
639742773
497097173
1495156053
648867384
1110408821
1738461081
1222769723
1160849116
2008362881
1799424524
19325879
666428387
1975431919
1045124902
1757624204
2101434306
720030508
1588927347
1467752408
1966335888
502228311
1231379714
375760951
1445322601
1398062635
137147742
1781504879
1734212469
1264218956
216080024
1988623285
68334296
1052459260
104474957
1225795653
1621048507
519638594
1565812000
681177792
1417194052
1460899800
351717126
615943970
1351050780
658941824
2031921576
1542291109
638034503
1662036325
1222093504
1300255539
128714373
1823620329
460504350
637814800
65897193
588411726
1581145554
1718332376
983988530
1280669490
1822083164
1439543531
863678724
1700397189
900589418
1291097348
361177580
2028703105
1025031808
1841568953
692915297
1520840964
414977041
600250869
217864038
1459465717
951991400
1096939482
358519619
1720815702
670429497
921179062
1384853326
1019951539
354253366
1018890051
1300315529
1976557257
836510923
2045345052
1419578394
1387423560
33411969
1946424460
649307082
1292537164
99318092
978346170
1768213777
192115300
236633459
1927425487
57323986
269154893
1016369379
1934272505
1490420588
333271602
936119531
1927131715
469517877
393541310
1899594891
493241861
660981782
1014453923
2131290832
2024079095
371860222
1705882368
1924226499
936581099
1908898801
1025358562
58113133
2048377523
873402227
825084063
1664449066
1127936821
2066869625
831728436
1785578549
133683231
1642439817
1965781968
475794601
1133591584
374072940
614282768
879349064
261468683
339264472
83496923
786581189
1578242719
1560409677
306213089
68490815
96426137
2082583853
1408764668
48414572
1479626228
1793400920
2016015450
1501524279
1535504343
239671009
1778104224
267733158
1686943297
1379196835
59140658
2059225118
242257701
1647714943
1017366029
318922161
1844189044
1626803999
526628328
654517842
1942667171
1354582377
1763342987
229306312
1169042990
1435777841
2121481579
2015989876
1706504926
536937434
1609326928
1709601912
321359849
1258822893
1538806565
222720847
1264514361
1785956951
1061734785
1534622643
289774735
1590327399
1182447925
2017030741
1127976160
1456019901
488616424
1163596062
117835664
2069897325
1445449394
1881136243
2081834101
613408869
101931906
856211807
1147001204
1593713332
921114020
1974592946
2028304717
217006224
1461166911
1476877061
1599840933
575350850
1778563106
336602937
2058477609
420942794
1265223053
1217818181
625594412
1557644676
1604570337
756347255
653085488
583368261
1056590867
1119511305
338435122
