381071349
759199180
1836490466
1469576678
1425922721
1337054866
2028072644
90070326
1275027349
985759149
1801149719
1172115778
80113812
364992059
1606686645
2002741710
965895172
1538229990
1702012890
1308640287
1511917858
742826519
728639231
80478315
274815266
767449985
598721824
1925002708
1502931660
685736000
1631615084
1614871231
197277579
2016079605
501138743
1994639887
1110000500
987570089
772574123
373696580
1908322038
1133455238
12874984
642505405
1796056245
29830689
767690102
100772822
357398562
2068171910
1676161516
697345033
74113579
1520433268
678982648
1940549215
1489485262
829672397
906018479
803866465
478847535
1023445568
855958882
1796869650
189335288
71741469
216408865
922254605
1001935492
903858679
51594413
447433495
1560036960
992477162
1021032865
105044883
2031433210
1312311455
2050245870
2121448682
1848215875
1074590482
1201489215
1062687897
1363469316
1454109748
932522537
102621839
956481390
730202823
1658281145
1661013064
1265154660
64863063
1426364250
141937513
1578627591
194013388
1010467143
227518818
93259867
1177327261
1437403462
78176034
1996361854
1676131816
1392276410
1377676710
1612497642
787012969
1466269536
447832631
261512691
1426712841
1099808848
321609827
2078318977
1199981531
395231618
576646191
684337596
234014398
433961758
53476687
1789389878
160266857
1726519023
352713802
407405764
209066990
2057945026
630066175
1274337664
1778236866
177169735
1955042685
1461105751
1071102322
1310719685
1589341485
1130066664
1451534397
2114130978
997794602
559164239
1384931627
1183706071
1107260412
1865547763
1830047191
2225794
1722523399
1257777075
1327471779
906471904
2094099014
1477444454
1704139273
726585698
269886043
322143605
1751995473
204252903
1309165074
745863852
2118752357
728667002
586860305
395774827
884732414
239591582
1692366
1660148466
1711536111
150138599
808877730
416637365
2061825947
1155615986
882267154
430242945
224544406
1550115213
1687570370
1095221906
1479687505
772957253
1464617155
48253121
533636186
1459455121
1910301145
244666356
1867349333
823370402
1382911604
252729122
619248357
17767290
1193560089
1914683101
1833437689
863381390
1968626332
1942524412
1131231613
74495483
702010983
1910234647
744953423
862956525
1156895911
1990399662
620883473
1217926996
405602697
1538957726
83902023
154029794
2046274373
1068988728
1161764720
2057318145
1883774912
550053003
1193814822
1459306925
263918899
2145475521
1546263057
336893028
2098449617
252349879
424182156
230625249
1040959438
1715259924
2113652829
480977600
613014966
1486168125
276959242
183972197
1572881589
1490780102
2321099
211028837
302138294
84892339
1022382542
2059794857
1866170856
1955447584
230400946
2093252956
697595123
191208381
1040853823
262515928
60486842
2145199300
879311620
209475257
732935089
171664474
1100366037
669674720
1080837607
635402179
1248357320
776373330
569929105
141965349
330797794
493055941
1724022199
819437632
1805448820
219788209
894107885
464314416
174152754
126642680
1518243710
496050334
1025702086
1360986903
399646935
629386323
1412667718
2092645962
310773789
1399575655
626120363
860967665
2119735876
706899052
853494
324418703
562671238
780465322
127099174
374087898
352418205
972891230
173212445
2080401944
1419057489
634526041
1018131469
297992639
1349659917
1443152477
1050520487
691312131
867551280
1932944419
586568639
878022336
1432653433
1834895573
1504185376
2005219845
1632282654
327634624
614482576
1615784204
1100063059
253906890
1604460782
603754133
1831070828
2110041815
952938812
1362032299
384630098
339395838
360579096
1182835330
883131915
2073535765
1649107200
555929048
1542133943
1278634927
379816383
1293979932
64451275
198319720
151547557
74303000
1698288931
944815586
25972712
295988931
1439252748
801343999
1501255171
1426036276
1213558627
1600903471
2036285354
1356649851
1150276184
1365819420
1185667706
1292524251
846444786
1096462419
1270954013
87541394
653464227
400770268
629026717
437968451
1566310615
1057698829
531825302
981082581
1455419761
1154892772
1600549548
1104990467
285572425
1649011572
269266068
1892323222
59955125
278831149
2043311359
1883019529
1524502064
1737524708
1899015918
2069392508
1089673714
2042920385
1953247665
2125481
736296080
1939926781
1532232333
1941962764
1393634314
102703199
1296778104
1430970488
1616548983
248335224
1415013920
1072058887
1800772490
435851391
2018067813
1453908631
465072884
1402650851
1002017479
1973191837
1345674335
442795405
200690108
1050005787
1509902387
41332513
1793740748
1312715079
1502644950
273506611
1128137773
1655790385
1288483036
171314379
573210569
413853070
860392428
291548320
697028140
633474443
20385033
1728818564
27785249
1709690070
1851957073
1541418972
2011155263
427941195
682597579
1977183257
73631836
1003891851
824545110
2093383804
859997817
1767123209
231098707
1889899895
1526271094
1754670027
1437751802
12684787
1939763211
1277257120
1524567129
1028527466
1001385704
1058415743
416113767
428086749
214262429
1227828791
1140792685
46250202
898680984
598560419
1706706233
1493190477
363560377
173611206
401359435
1214023638
539586629
378817217
2145976123
1694305904
1704269043
2108099037
1489927875
1984477925
641863468
2127161589
1364491770
2119994238
1044327527
1102909788
550695514
1259214927
355956341
790510614
252404299
1038101546
782933678
790235665
863905146
1672702493
306749714
1749468700
1088650562
181010338
1147582399
69252905
2007842644
1738661649
743177582
531365738
2109132394
1003785406
1338125537
1375573103
1418985373
1795863018
1954298362
934884122
880449213
261470748
1410272703
157014591
1395992313
1004965697
758236776
1665907690
1727177952
1448617825
1895338537
525464966
36582720
1278143087
938381521
488910646
133275586
766785717
2055703895
2089389489
1581200187
288481730
624023142
426252466
1316298549
398841248
1952849171
855721853
2089346044
294762904
1922092094
741030162
1371198295
235407821
2033677666
1452231287
1354556680
1031100689
1052653332
16293358
932793451
299134583
151914780
1081236300
1775551851
609631949
800507759
918044165
1597354602
1904894604
1132917081
1215974467
76314759
1756183419
557834235
1707455112
1775919774
808868655
83400555
1166796212
1454302690
1040441740
1111966184
822571511
1826944972
447650975
1735409668
1627247460
2023271598
1587467976
2128859704
1034278839
1196973913
1009685363
593515532
15246360
1827681675
2044020177
252462358
340073888
1724992109
1485037596
645084702
1710391590
310392857
1734573774
662271799
940994710
1778661648
82143208
494195290
1513072666
1153164597
1257297669
438225234
827071393
449355266
1370077577
330487612
2109039644
973680158
2111519410
691570928
1272288348
562674488
1166840736
360112095
1724968334
1004861872
2127949905
948857001
991425658
1221964008
747809232
114796237
2139960016
2113687274
2079629292
1289478476
713548692
1400835564
953531547
111576641
1497454734
461874664
790876798
593914086
294693585
1460403786
1286796549
1833155842
1409962535
932965563
84792094
1742355307
742977510
1508642626
948074348
1458128526
1956201014
505004114
889106439
1329652099
774086431
1373168523
1029082801
1305259003
230610477
266625697
1004162929
1974910185
408214915
1864367572
118108587
1416278807
1002735828
2040266929
1385060738
79240097
1549207358
704919997
2042080385
812323681
1067613460
501835912
1572020486
1272210033
1339062055
1599493117
303904484
334796595
1785458768
1917890887
266467489
682056190
438901853
2145543689
66258540
1104681291
718299484
103633190
550961066
1226534654
407245987
1494287691
422459499
541727764
1958481514
1903352068
689009093
1364215874
29764193
960084290
2112154645
1781452933
312907196
1745276041
401414407
1624286919
1862087825
273186438
1634162414
1374182777
1016068394
883558648
1026575488
941541014
257623079
1968755253
1339982714
1757525893
570919922
400079305
1430660502
466955913
872434991
212430475
291090227
604139892
1368295704
1777914358
1530850207
2095340509
1675439244
698809550
1655175245
1694000128
751113299
941707834
59549926
639558110
1928333766
1173426622
1285563282
1405959225
887583339
404240956
1391915273
1163427745
96519070
1050555352
1609308347
682030467
68429281
156720132
303129874
2114419720
846713740
1033202864
1697012106
299940305
1120400655
1792092327
1115108769
842037189
1663156783
1963209356
254761095
171471118
1478907039
427553453
1937877198
1317418147
1076232134
427496618
597997037
816062413
1695838043
1989392581
1293861456
1919737352
735962153
1449218535
85154485
883758217
1998076886
1144122370
451152688
26126591
2113128067
4103343
1229897508
1655248541
1631123221
1345777706
1137935695
2128877131
949077189
1159610291
1359625903
1341179641
811261456
189452298
348169615
1839579073
575983018
1012704783
259455990
8888743
331764374
968376095
463536941
765514919
1282698254
528052953
2021553337
1849749938
359083049
747508815
1255333305
130759735
372115451
1782157887
1981318279
1372058843
1117055729
2175297
764586884
59486823
105438097
700600515
1797596743
1652152156
1186977490
1131016065
1979126623
620406274
341864974
1859949103
1275990512
1257231554
1215589581
301410112
1015732811
432854670
300216242
1391797364
1900405518
1465527736
801666885
1885129035
316590590
1730452246
821800621
55908636
1785272261
651814019
2145630704
517328455
1964565491
314004827
2014384698
752834532
1072269739
1187900016
1100188291
345754937
832732288
1265792165
1355913543
1825055410
430258555
203464491
552164142
106360723
649223872
405804949
1349463445
2110005555
2033696435
557411320
2081386729
648835575
397610535
1832564390
1949621942
453212089
2043510110
1864414405
2098346988
775165165
730442042
1299963186
962109108
1754364536
1840502948
1170629750
231520830
1532235972
941970935
1840242981
2137436881
893329311
1075261886
352442081
434615352
1535459280
1300971030
1733978513
1233563204
386929656
115456042
834410076
1107681630
2036962746
1783647145
977750485
1048133517
1394204943
1247785368
1230778562
684714832
275029331
1992674199
410395483
646771313
193527700
837818319
2120166025
998763613
517963162
2108141638
2117150059
498961377
1524541211
1389972285
1856450636
2070687764
312481306
951114796
883279921
530647852
1729712349
727387936
978075666
944471489
218641843
1674524421
1946990053
1080160598
458344395
908606911
1602228487
1021844825
445764532
95566803
197472292
503972113
693686120
1296161031
1432205545
492641702
1829965563
1791363118
742547715
130651131
1246495701
1468707153
275071494
1117663838
938538588
123432198
1229780227
184462172
50394483
1422240302
1928584414
209481719
1781448461
2075680338
392717361
704886074
398253259
1793208436
1562214096
2079439949
1826186482
86854267
679641183
654480792
1140834895
1932155225
223327534
261842987
1824723247
1536333295
1325713921
1255695145
1284414764
387895111
1316603094
1110748922
178395912
125503823
61007139
1689553451
1877268278
534084019
2121592403
1788817356
1177607571
1452806184
400757654
459523345
393626652
1157208887
2084906715
1026215322
705518581
1123986258
1280080919
242131443
1045179372
673456800
1375382337
1314750958
1048469264
1523255267
813841531
1599803171
775750686
397766177
1329694480
136576146
1522702149
691337044
1314866836
1522151330
1582741728
1026191956
949296156
799114744
1576335960
1367098684
275095071
1931599515
493920813
1489066834
452245616
355529211
2114664100
26604655
1977048498
639850693
1675803818
1177516650
1471763004
750826195
1868885892
1582560880
1091154468
1880208432
103502414
1958619011
1511228568
749678370
163948585
1372155247
791003982
62628120
1515212632
2005188970
2036899393
114038445
302449158
729633360
1858722904
2129821674
228256241
1088156347
1676988660
615303215
370189514
1063077016
217187376
2011857991
506123257
1149388927
740979896
465327588
2067601594
2017184554
2039693749
235434297
1202415685
720461486
885466904
710988228
632355077
1233826623
1541942925
1845596437
589770641
469613714
484254400
316684265
854684032
1248908950
2142330798
450358381
1079484151
1995111120
1519218963
1419266285
334553833
63059865
1284393965
1548339947
494908587
126275290
2078661963
1184980555
2009328032
241658148
902395999
1219751006
314467856
992478696
9929601
2144283835
73369020
839312690
2053250947
2047918724
1513867622
1058790879
1707950850
1548649493
1721556681
712375868
527313304
986457945
226696514
135956105
345589948
1400284053
420166523
652940734
720068902
1704737590
2131355144
2275985
1302889777
253344366
1211324920
1141915919
665112065
1143392112
1512396270
244100065
747435703
865957284
1766237476
2126118914
385375961
373979900
1245822419
256436669
187405796
217557589
786783693
720509956
1944452966
657898938
20552249
1174061139
2106799366
350472076
743959624
1347081268
1775325606
1059150415
1844487220
1469610479
1603549240
1858416857
1812246394
1024681248
646320712
1949820002
76237352
1225471771
1892532433
1304258637
1025487958
669455294
1586220452
1105742660
1124347179
1924733846
2028651700
1615238886
396906658
1267789506
958907082
968441423
989852827
228233795
867799873
1219398160
81309224
1072794565
548604549
1137959100
599500512
1827843586
1327673273
1394402891
1095131849
995874619
749071181
32325612
1011540373
1854875680
1352834751
938411453
1905418492
954174165
985357
901936264
219516737
1072936927
1817039721
707686410
871223391
341969705
1692217324
233663213
258664405
512177834
1654407123
607072526
814855003
626412542
417044345
1088048330
1558981384
1752479909
588143190
558746114
45188713
928892277
1763805807
2083348477
1093437513
1170622718
401864290
1762706961
2054694185
1539583182
1670215623
1457436930
1213371993
652796308
335939583
414360851
789144342
827468131
209765194
992801042
1798796584
281881487
1873830423
1416797443
1085345234
624668878
499424589
428314749
493707527
205208973
670937779
1347513454
1240922527
1629865469
360347126
266169031
476640426
714602885
932774948
1207761360
646182776
1541554631
39986756
134890816
1745058543
1986253890
644656915
388677083
255931466
1583183178
1875013827
116704650
1091262748
1827593522
319103858
423687274
1460594214
1585985540
459306
1363260838
950147243
922483432
344752970
948286176
907633522
871428914
2019299905
789904499
1956765468
1350314985
245994103
487660135
1090640338
980590110
1548494787
52482979
582561985
446837756
1769917472
511476519
2099249136
1094921370
1033034662
1179481573
1194778204
591005289
719522052
689119983
649791398
712103840
1359678645
1693778009
1913602540
110080983
2130539931
1068530919
975010111
261529805
1683228325
74345435
1013990135
130041031
386715976
475804236
620593681
702579598
1385552276
1664438261
2081504965
721533892
1542203214
868027162
691435154
691001586
631578226
1266622420
2082950485
446031015
280095819
1208781980
1790917246
1075107364
1364431439
1727505531
1422652466
1390432501
231010774
1233693252
1303463738
1783701323
1712632161
1532113454
1697634785
1577034755
1485999138
2137177074
1249388098
653336904
837099657
1660387950
1013165842
1173636090
1560676160
1066792511
546068607
1479473280
2005590413
776409627
2133678065
405787750
99148326
54962898
1195715767
1553590509
1846108765
587252546
1432399458
344489989
1382792369
1807210914
1632456926
626611397
55736707
1444595629
1128417867
116452106
251661282
342773318
1741337106
950495922
298993858
134320747
458761095
1744916544
43141277
2049141806
645132347
2029468903
341014428
25692070
1839006132
2104187166
615542906
307495117
1836896892
1934249594
1261253049
274361295
366611644
1741429839
469206153
2086904992
153141904
1530266654
1016586385
674660525
1513126181
132071874
1194022743
1395159209
1939713456
1347198210
872147321
935850224
2047256228
1068612391
830380153
2081231054
1947095093
1694265951
84395211
1774345884
1939228105
1187629621
1415473097
1626567629
1991157456
936930460
1442835039
1738083517
999499040
829164419
843589713
378191803
393423108
1663483379
395794585
1630456462
555401387
339509202
2111075331
205597135
943255103
216327388
1884805375
741986452
130153607
914571141
304363307
1009390348
452466272
1066676295
472383055
644177293
407451692
477559586
645942227
1653182692
1108549294
12697059
340023789
415405167
464857878
411865444
1892124504
2113579400
891028705
1333777479
674650062
970631628
1316654968
1602668555
320126725
1810362073
273611387
681579640
1040449018
222736643
485589991
791709555
370534021
1191208519
1744583134
1040041552
919673765
1661112882
1673020462
389197679
1207114923
518401211
1828345741
2076670725
140594388
63839404
385595637
246573818
1705633427
1934292897
1579564165
2133184646
551401503
1966162328
1555151781
1180313802
1050378305
1187968806
1962978177
374144201
962316860
1723871769
98687559
1855989591
486470030
2045733830
1591313713
1389698557
1273361030
926770474
1637335822
1811323145
46190913
1433038642
742229516
1533211112
1221682777
1984246228
1644297159
1049624691
1383852663
981044813
45980064
811834095
910302396
134277491
1751467983
1256868925
941815097
1457891066
695998035
995204561
2100782907
1225367511
1491534976
612150353
384824219
1697707574
725619803
1735760289
1967116798
1099228349
1082971815
1726229357
495596917
730654667
729377460
1775595326
1820627723
768415519
2035706783
296026183
537219863
810884950
1860549390
458391110
667865256
754396121
2054538912
1277251939
835372464
423998365
271650504
1642416544
603780345
1813774375
642885481
1991373858
928252032
1264890140
731618084
109075809
956338961
123765859
1630909318
137817442
2032610972
1106537655
58614426
1616237000
1049918597
1020464209
712056944
800176212
1266623404
491478183
327732006
621435514
938220816
1679670190
1376281841
2003673165
104889431
2088788384
1555929647
1094139853
2110725914
534716648
462638155
130508444
2065347445
119162036
2010587641
1550696943
280570902
1439675864
686534406
1886219895
763736044
2110286139
256785755
652364431
1716054504
635866016
923213282
1409397038
1867495170
576619787
1817882331
541732161
1688196982
1747026952
1486568132
1859553543
294869087
1216176549
344053556
77612854
2048146052
909545687
855437978
1956971875
232583395
2111316377
1154514221
1784753577
2005545137
1096008832
799361023
1393550531
1656305282
388665322
479501544
959457329
1094577473
1157932284
430291878
1634021780
1018396124
1044311404
107995744
1491561359
1068821467
885328614
125209957
1834168396
2061548767
348906844
1563668562
1869188014
333030931
1409815530
1099128266
1952402084
1876785928
2116709799
1112260645
801331582
1549231626
370731499
2054878513
699034744
731439064
485794291
2055844947
600099449
405444034
1167880261
1724736278
1360829444
566586690
1133940096
728008607
1913671112
1058836729
1802136717
2063933516
430298194
276481285
1690038914
1599130058
1246832531
1009265558
434300782
1868365050
497657961
1509141311
38890087
1127673288
1522905027
1985471247
1536539003
304261650
64683829
1199110700
1475883403
785023884
1328247412
2067050859
1369480463
45910551
1407712109
183097318
733630098
1215408474
539189296
456545259
2041193175
1472516253
961195543
1385239028
2035757600
1739150384
1174136819
192875398
1670187747
1107001864
75493948
608513768
934301481
1960407432
967553295
987700822
371437180
932171818
1039490924
1218135682
1418038704
204252457
672165510
2093793388
1256773848
443031165
1686318170
1655636190
2000050576
212456229
1518317401
2082255755
584695874
2040855144
760416233
1081007254
49168903
2040287991
1774787214
1245925716
1314695323
124603454
495559742
2033519692
1343568069
1606225843
2115948083
722106699
881905198
482670885
1972668197
407711098
1856831075
1365982061
1469794930
1034005499
963168837
1548677060
866951586
5498819
352409614
1111165079
966846843
250187913
1372213751
586730106
645248465
1611328027
1394216404
8221868
1631490109
1109501380
1583657566
1750361431
1817490763
642757489
996720491
205117074
1824980566
28860964
1934405686
1311733323
1446937585
562586622
2074888136
1447262858
2053515339
715089073
633191688
1628139498
116398081
36959309
1989479327
1235593865
1906702899
1215121797
1254479670
1508156800
1656162300
1831718660
1987368469
1849153290
2014892802
975543027
1814167125
737534
2054951932
442121797
683582338
930798822
1512116556
1921236909
2068708990
385853384
789736595
225368474
1513416718
388097147
1377181626
876735463
2140900236
742611988
1398360947
1390060436
810519674
1628254742
2034934418
1545615772
1483720384
1764519010
1248157429
1953868662
349696780
1771004977
1622211981
1580614557
1903983429
177701310
2071924732
1062510610
1787242997
35987613
699662601
2003475373
1689766472
699741768
890635351
408733360
1994678855
1225702808
1179709554
455491528
1622696944
835418210
2109958590
2004228748
1602321862
551963774
1709888211
775093552
1873599007
1541730447
148359482
255592705
1071239900
1561498415
1094861670
1773635160
63003
433973512
1461775961
1106772530
328022199
1290756939
954924142
296857914
713350568
1101466424
1891264795
607783318
682271180
358113569
1323630667
1548370601
1126415566
51174593
309692430
711130466
1534970469
2024620041
587314962
1727113826
869188157
1634671616
338109897
17647745
1612424079
445501058
1653340450
1801101132
821763283
369958682
2026204443
474986468
885167461
887945644
978354223
665165054
1995347503
593229147
338287025
1833943588
1871899209
62261077
1418526381
766872196
1085941904
1449634981
73828869
1095552042
1472986433
512376586
400350694
405126324
1361842211
1144064181
1049507446
1233639283
1193839114
29237726
118533117
699572958
118537374
1873595680
157687831
1824644515
2133154224
1953439891
64445278
738911546
1708643770
1577480026
1322595411
782072006
212656812
1381625085
821237828
1329924205
1822164260
672468384
1755854769
57446644
1525406423
116136896
2076828272
2010609645
2103834091
725727972
690830317
1775634240
978578598
1475892326
1082443427
1618649059
841909030
128244582
416805248
2079184528
2038050617
1541189506
603412531
132723819
1424850030
1240599091
160103802
600703635
415073771
2025361635
1534746056
1105114986
1077265238
396101111
1176331724
728642995
1544006629
1946523557
1793301679
1352368142
1266754416
412596400
796052032
238856354
410925226
1392595292
1237904722
1968439150
839048822
97760760
1992396610
1368871518
483012124
360126122
131428589
1375721662
2006898159
370849343
664605735
1987120040
823997900
2134690169
1754014652
1849601100
472893127
406931527
463841900
1602743460
479578806
2022582830
766268747
1073676723
326933161
624009749
1431097602
1146903848
356683600
1548857936
1489817448
189257012
2112199864
746461523
754173795
718189730
317584395
295907218
425365051
1346510363
647130126
1407115929
1419965882
1372863955
802670074
1950949847
185237750
1278561383
199457716
1665106594
1393863111
1363997758
719722966
1766922244
768223991
275763452
74066672
365840748
1057191433
498887091
1932365267
1559245177
958354134
1271386499
1743365425
1049152484
316960249
1230731283
77147758
2026909791
2137669148
1999255911
1988746085
2138620367
1761141129
1343829363
1116817845
949024442
1167304286
1268533780
1971705399
296286103
997246557
521008958
1158769956
214109065
1240959556
1305963022
1186683817
466821356
310184684
1079989442
1290503505
1588766941
424380890
310722916
123151231
1398283599
1607442654
1560877056
1473051946
1809155107
433636910
1028962635
1293905335
1020913644
1895945765
1934789879
852854336
1624599945
1977378138
1205896586
1662383433
1573473947
2102388596
1277897618
96685685
252375889
1026911436
2080591752
1669603734
14860816
1588715754
301854085
2106875263
1137227054
457250016
1712316140
1768006458
1207583573
2047364620
1107070655
1711187717
1279458597
644398075
1235847650
1792810735
1607986249
71765882
283690703
2061692723
1868631713
1741888188
70842509
1768706139
1911217527
1490853450
531482184
359399874
268849443
1004659229
959710
1339390015
125636128
1506554117
729637379
1053506750
331673541
1736501475
668138630
186034961
482500378
556233588
218975708
293422251
978564115
214422891
873390856
2129406665
535731489
795550115
543545012
1741083720
1800250265
427461564
2023946815
155314561
460936385
500305442
266176210
1628207015
688309118
739654470
448781403
1883741131
1920539979
1463079935
1645506290
31101216
1139139537
1065362245
1426949159
22090814
119419065
791775304
430764760
896368694
1468481356
761432834
710490721
871366992
843832467
1944627016
389571579
761910677
2035832462
299598914
1106668626
474250447
1014689278
1081498937
871537434
2096589199
623722718
959922589
1464674598
616521493
2048080805
58560085
1925579845
37196668
1316787708
542486305
456347477
157697812
1854647349
750973350
866299632
609080633
131143023
1756475263
1482164924
779040413
574266447
1728978811
2108762781
965365969
232438585
1625164899
324145110
612083962
147054478
722147919
230137234
866018012
1883233750
1685545009
1589051088
67966853
1454655753
183013856
1780622154
160316472
447227169
1557847434
1290272135
1925136232
1905025950
1402846462
1599757734
1353402715
1310340870
1280223517
263274227
291290485
461039547
1019557453
163388754
46881111
1065992654
1937979088
1481171305
2140194256
505374734
204555001
679979679
1936376364
1403494956
224274417
2022611902
1650120177
2047248525
1493159011
806344238
485929530
1638979685
1681329205
62444387
707609432
966891064
1217594795
245361054
1986848090
611207901
920565453
63335158
943033664
1489387530
1760178814
264630340
936323661
1135731000
591783790
1836099174
17404202
904730500
136053941
583391870
164197833
1208578078
87179992
232514813
920253634
1115471107
1328044364
2101195158
385029055
519961911
701280757
482654125
2090934689
1634026523
754014451
693042787
448021015
671880978
71325381
1744124862
1937702971
402812062
578998930
1447420187
25760369
1531248438
190118558
1683167969
473423246
1263595788
1030933526
1784800822
95529726
140979692
145791652
847686238
195440350
1391473105
714590303
1017568854
595399014
1869583608
28578040
11486468
491001406
1410660748
337924636
291084666
1314143193
1231498932
1156967323
139883573
1852472683
2020208321
761933392
1240921055
1304887329
209036072
1389014273
1325483849
636577811
198039093
713920708
834134029
2062435736
1439160790
1221931670
204661904
238208768
255566379
727069148
1611145996
153163500
2074040575
1178865604
139253200
1758144909
1219382632
1981722590
1339917828
259406623
554532531
1662059298
375565642
2040788365
1923225332
905340606
1944166787
1349149405
1697321230
292419828
298662857
111537478
1912646217
995729168
1171627548
511009736
1309733025
457497301
1943594916
169845756
614399227
870696387
451858324
1296615726
727288233
1049516671
658387150
137588944
2047998491
1463460910
647492342
999873512
1634669782
503517912
2117417543
520138837
994837825
1487425050
1406422717
1088846911
867842938
1992213891
206951312
1515727508
387445028
1159999339
1652225906
1868402571
1597241642
601443542
2108404686
1646664935
1830810620
1733457921
1025017597
620191781
240125505
1065834670
736506681
2122588768
96717682
1696098666
552893856
1119276276
1165133226
318533481
1032883683
1858061540
180624372
714950616
225958695
331135879
1017948551
33087747
1118829333
1265888734
1774904531
2127426450
1780735074
911650437
424479596
1941392841
547985379
1183598120
2105337466
1483459952
91260549
1598247133
2101892187
1582487602
609270816
1918593969
1476187812
1433271341
266659625
1595748477
43060621
953684248
334562679
769773667
726914973
2041943189
824982488
1737218806
540241647
1808022802
746372887
1749239751
1848080401
2133783446
239118602
803945167
570941146
843384992
580366263
1238353882
1811542534
1377675126
878499719
181190848
1385300229
861321281
1588261934
1152069506
1424515723
1942347941
258954
1830986889
1875273495
1664195994
1799867763
1470780129
979300105
2030334087
1804967080
871675542
1580471693
174523713
26177391
1557482989
1467599220
1898698219
1746614688
618739656
10223401
1568050137
1269961917
403984955
349242941
794523266
2049619304
602370621
28534569
2107198219
955203651
718260225
1106638933
160315399
196633854
703437545
493667928
1761212340
737590487
1366998003
1367114116
2116858213
951096748
322615404
1936156467
1411123572
93772635
1702020026
984780740
1586084218
419531547
103571095
1881678545
1848669338
837945805
1942923659
1485809112
2078798674
554114769
82946048
268091292
1808164944
295600703
860603079
1179365642
699899317
1959976973
706711415
1980826736
522965870
1169322201
1997272373
2095071081
5480010
1138290970
160425044
1173493011
1379885623
192379931
257853121
957582025
899229466
293135682
953708718
1832688591
95310723
427621782
1459898241
1124555214
1309016969
296759554
504576483
867204170
369328612
1817276637
1829938128
1638739675
887410542
907925578
1181524874
1473059557
81478897
1790534688
1877245095
1408607089
1960770067
1500656679
339632441
981664467
1200804610
1919922055
1476523554
1364823328
1014566233
965576223
1254592835
1756286949
1599037114
1714166746
498570196
1762689572
1101098016
850946388
1628777026
608862371
818691613
823198942
811025925
2121418438
332544691
360719765
934681488
876503419
637308334
779151245
1707224213
1544057906
975213501
1231428168
141701544
1202673938
261786140
258776701
1021106433
1013403006
1981253224
1547507185
1565733452
1492950223
1224571414
587404521
1797058322
1511560783
1774783109
1412850820
1561176926
1205026107
1489091230
1342646587
569516123
948737869
950646584
1775088837
2017415429
1419161359
455225798
2115333289
1294874450
429126454
725719321
86047275
868678770
1546140377
72397943
32520469
346205091
1573726250
124411686
1273522268
777159236
640401228
2069764783
1971056109
171992295
1467712961
807335312
599062446
1676525973
1390512879
1725817971
856084547
847116972
1704032358
977038757
240461830
2034011532
71024768
916857248
1216346818
1161533771
156560422
1228375532
1223133431
1815319965
2015140767
1044664356
632097582
2059229888
247522725
153461088
327879481
1687159127
1149723124
2146269390
90327441
253855582
1159854123
999975205
1330982758
2105772514
2114871456
1803222099
571805200
1141932593
1166922020
259607094
95914023
831938009
1131190187
1272212283
2136748109
2104418829
2424412
1622966132
712174106
1806540699
1252459507
1262098288
290652298
1530166780
1626445091
937430452
2037542813
1084906878
2003595150
1338127670
403713240
141153359
808095099
879646320
227829754
563515312
1466231561
1883603286
524896310
758899817
1564543331
352512397
647828893
149641251
722726578
403440701
525172740
1474430816
2135525351
646856167
470993323
1460074880
512994191
710440751
451555414
1032901147
2042256231
1848126111
2030065884
95684354
362927645
1433831271
746862752
1946559155
376955383
984862219
370600001
712238946
487128636
2095841121
259949039
1375694198
1832643044
287135981
936168468
1996380024
1509955993
360895399
371462032
483764843
1512058293
198852156
1492267712
524338229
502353300
1116615133
1090053820
975201916
1064011904
354200856
1876469938
821677345
599192636
1760245049
39888978
1873709487
1817880711
937281892
143714151
615072361
1055402284
821333380
1542998354
743098432
1206796681
87919061
557098752
1757658154
75348484
785284164
492867796
648383567
1676001919
898214194
1577551207
775523671
368498535
307646150
1378504826
1881636689
1844117591
1798893310
381643708
1528646040
1520152620
443400342
1530497855
1837540527
2076404453
1091413130
739047047
1237800150
34904163
2056388191
1916747006
1287073895
271555619
1484424607
417865555
1791258563
1119586399
385699764
532599029
661742586
110516825
464698392
2054510609
1027159519
1667223228
432953277
387902932
302888768
1903803756
205895599
732660864
560949340
2101238565
1049498898
2146823924
1680212367
1762007666
855206861
1818136788
2126813386
515935839
670197644
1649788306
216551637
154219096
72202354
931470489
1856403909
1589706453
459679301
79409239
756738122
823378020
1197770147
653850596
490109695
761194118
423798421
364438980
971440390
1979093305
1996891504
297068230
565271762
1050378823
36949993
280387099
1983177778
998044673
1999028836
1898425797
1801668141
1036763098
377694974
930671776
95049222
1415206699
2089191460
745469973
336341387
1593482234
1854442384
580414463
889895938
1252961089
1365112578
573016909
326903240
56191540
105389974
1686645431
1932021079
1607881575
643340143
175163950
527432486
191579357
1413931439
1845142879
1368979324
1815649698
1875960156
176524286
1580147451
1683847829
1074299179
795132154
1772892804
877205690
629037853
164563627
2084791501
1215094547
1442876401
300470045
979921848
2082132881
35772781
167622417
972472185
1636415895
2073111729
1840847945
106802797
219752754
1727214416
2105827926
553307059
1196053613
1762374199
1978774964
142197858
1484562652
729802866
488220191
800308323
987782990
1039135680
30365525
1351371412
1924415165
702528387
1706539455
559892695
772071389
761051175
879040326
1337845167
1598746796
1552217461
343166803
2124335162
903010526
93918440
1179529289
1021643859
1458124623
1744394539
616265904
469353615
1148192090
144811101
423769865
1844370208
355013201
63740331
1621015574
2063176818
1044209979
1500520545
1795772719
251423073
1657825832
489202186
883737192
646677210
669110772
393201585
1980696857
42973648
1110097008
1416487285
838320701
1635675197
1951516596
231549807
1516019864
1741548848
1287694394
341805788
1605664186
910110419
721536183
391806035
6074018
307471240
1856177299
109872749
1375980227
1074699352
127447875
1498037011
457390518
2068119795
1928006290
1258940988
1274607366
1471814223
1867240444
1969993409
1107346569
323690448
1850702062
1233753463
693098397
1609890769
2078439755
1747148426
667591051
348369579
872648641
136880368
1432297027
58984339
1506173738
664042737
1952634246
739138511
2114657140
1108018506
1841819947
1289348337
760729954
105795052
1797727087
264559655
721552459
1831766123
1113038035
665154362
1794718093
1011612671
41817676
1052111790
1510353855
1928484014
342631519
973370041
553807303
1129844960
1826685658
160375653
603704207
924993815
37789230
920531057
807808384
645812052
451222995
465257700
1980431439
1317906215
1777606133
124918398
233387452
598221225
1443662035
402982914
1892286988
557636609
444453258
673103226
80075948
1821330802
2050927703
1450849927
1599551573
348522372
643565378
142081165
2131304278
83510274
220777388
1419243372
98651031
388252834
273642732
768867143
634353609
357217416
1096017327
1521110276
1823757227
1829212177
2076170785
573381105
1128426161
1165295603
1531953514
333908480
871300885
2134755298
218621813
1168622775
750580328
713490151
1495109232
179566504
1575235041
35491503
134137689
2144989018
431861704
437726301
1892380924
1504864318
9898803
1032778106
999695249
85937968
553370242
46392083
58294709
375828371
185397550
1408052670
1259079432
1817025226
778265545
1750888663
1658389169
64865093
567837367
928803869
1508568479
1856326920
1295517827
1813200196
112410317
1217811124
1103833234
711033875
43341245
1358827065
746243051
1433014172
1038727056
1696707701
1163539531
597988790
1863273153
327578827
217321735
711555863
273704326
1376408917
83488996
596900602
575643924
1563568472
1819842155
74432385
2010285780
898018481
532323023
346213924
292770695
1080408301
964865248
157816744
1520338339
1290920231
752726595
1793157748
1543904310
692426584
1142936549
1869692050
1264338820
1976401793
490989365
2121014371
2079543550
1547839182
1601783080
452694115
943948778
1002562416
1566300817
604654882
1546621775
638649446
558015071
1592753188
635568545
1581332799
1525926886
1528403765
671676161
309978
1076814107
985738783
1282705149
2021229058
1714920807
299404465
1084901918
1005072412
1149597400
92149590
130166302
1940227808
483809870
2053336585
551682849
68254352
189993363
393406279
1416303860
1209655785
1596773904
838879449
439189225
618493620
1670680562
1874076669
1551723775
25457075
2067256346
1069610477
552364081
697132339
704994315
2048290569
336675855
103960866
981172638
1554893190
833543943
1611834714
2075063561
152035248
896440064
238199336
1345788070
745392281
1670089340
1753593329
1077292016
1070353909
427552740
1829370548
1866630464
1083557710
676430425
178697302
2144678600
2018379833
1957109611
939632479
377243838
1107318353
7978752
965575087
530221306
1985556461
1491286420
1382912963
641720301
1561198289
1317902743
1212456544
903449478
469170520
1136859921
617719350
118706243
849814594
1110034605
415012665
794712908
593407683
1026287342
241841006
616781551
1775009534
398697714
2039450434
580038554
417239261
1628230066
519810198
1096610528
435507332
1115528773
2074502745
636786797
1214698280
696787280
880166517
23319848
2033349801
1559646149
388396988
314857218
658223153
1239132476
875523420
889771658
326000796
1028584388
1602349075
625268349
673521951
1101979863
1223956429
1408821997
1530517842
350907016
830120049
1444491913
197784275
1472518135
119193964
488307662
961990988
322382014
2042575471
1997446281
1888602974
1727406889
1817330735
824135540
1155796385
583371295
882677363
877059418
139764165
1287494864
1756846839
1064737703
1040812405
259931237
1893431707
369783812
1393472536
1864601687
1627187293
1263665617
466573871
42415695
1466257477
540134257
1072048996
2075029325
2039043831
632001988
1850086648
1731220393
933726294
1416471404
813747781
1839722161
889951390
1865835838
1115329433
489153795
294007834
1102381711
1960963996
2146675486
1953655960
1937303657
1693225798
1819419522
703938188
680506971
204685666
1123605055
1615202773
1154496216
2112993332
508163411
1582004540
1708029298
1777177273
1587683782
1369365535
1394115095
1004615390
84203262
738932399
1136315555
1247126443
1890250236
1879294728
1027126929
1048018680
533577865
1608770499
1337269661
1777144986
887125304
1701080834
1223081246
1358501035
166405413
1528806863
2041223849
352573440
117874888
1381440384
65949710
1813051181
1634593363
1165613488
109175881
494434246
1786989162
580833242
1471017704
1874862304
15199613
754562945
1549301667
1747123991
1632915433
226076320
783336231
1147390490
371226787
531195859
956225637
893508380
2003116058
123252763
2011918931
1456461357
1526845556
271864778
979585516
493689803
1832564717
761127242
549424078
1359123688
2108079914
1001079872
1604723571
404655788
1487343787
1630484961
227714319
1342121354
1346585889
1638627880
1898432332
1143169378
987047810
942068826
746800629
1171083261
1269589436
1806531580
1129968995
620340273
680255183
665949344
873922210
100277689
2003277643
96242578
1927084379
1952691198
676408518
44384224
1655596212
2060186625
768115289
181198475
1095454143
933187423
1306613340
2029555589
1730332030
676316132
1385085219
688866134
1694281788
1585046463
794999983
65126031
1450795635
695285138
712701272
51389682
1222115343
116694834
374428407
2076358494
1029656980
1944517695
1779657574
737877371
1692661066
1846284012
1722142783
1369154184
1797015833
526655391
661699907
807882247
803565654
661417943
1675782643
1109908442
789452433
1198258774
732131806
861615910
1782941847
720251317
963674593
330040873
450325076
1501267367
780086507
1746001461
626514912
2017411330
1044566866
73930969
223345033
1978270844
1076302164
1206801459
798279262
793899188
103564393
884472366
127534278
1917601468
1850256452
730329836
1582219201
1360300576
432028070
340376327
1537323835
527736100
1817806874
1464307682
732630441
1826237349
1539366894
1149856745
861409434
927406861
287824113
1608761520
174608031
1555848246
769852311
844833649
786914483
649257658
915093436
662430090
683661632
1404186809
1703640395
2133623666
1115897845
1003538504
1430995482
1621416793
856658684
1346278572
1342877743
1240630975
536000331
585272821
286896555
1052893977
1198244329
221206498
1606262329
1377480636
3371617
210387462
1172997444
439753120
1827507554
184718744
780056587
239275580
1840202187
977774518
1223010337
1314003205
349310584
1077548157
1410173743
1988188421
1930286270
944120720
615731453
1839790550
748340452
1027880055
407380509
1872799980
951972808
1738503398
1675056931
364253891
842257068
625495891
803337211
1066193651
1393317018
1803906642
406522347
610058714
211848745
1862148466
1653406505
12875217
1034113878
819253869
1906066860
1716920993
82417670
1880340923
708400643
1239886180
1387142657
858327840
984776111
1797444900
1649735293
926328217
1278757961
2033704992
662607546
560519450
847687265
19837345
1297939561
1674061657
83670982
1585465838
1799077297
171891770
574037204
1713916510
703555974
246456432
1732682371
1284479
710577514
64000272
1990811466
100098989
453576042
1309637310
160901987
2145638579
1854715802
1318895526
416074770
1473048245
1462639096
130903877
1411403681
1458579034
321390830
1217193310
1402102185
1516267731
1826860232
1047218590
1739081741
72053269
1667725397
1273749645
1075281703
875460637
40509681
1329020466
88242086
636782579
1294445637
163854678
1913504817
1061740127
1620525326
1219038544
861961037
657607616
136348148
1111623016
1317014821
296298171
157695728
1637332793
627649062
1431656207
438566469
1453868561
2058223949
1838597678
880032423
2130906361
507566578
674904046
19805666
1060700922
833201184
154647156
26417401
166056583
1552980494
690608900
848323677
1665424140
1905591040
1202037577
19139116
662517990
893131468
55852367
898252733
449774838
1437430227
287718308
1609975411
1922127448
263454958
833195082
1759506387
968390111
1329718136
36554407
1706119541
1835088411
1722359675
539898655
804037655
575487755
1560081265
1157815753
1109290170
665901535
585661270
1372346690
215495930
1959820992
147560673
1030343206
1672643274
927228376
206747728
1017738945
1652721221
1622794592
1871154117
126835961
1889665376
149607193
1631568408
373336364
1727090582
886104167
353634757
697746063
1605765042
1076555211
124133345
1221763486
235583002
1922015678
1318679143
1544993559
1665103838
156146555
901557999
869530789
519518978
322765101
318388647
1474939188
1322296447
1589666860
1165072101
2131303479
1715686695
1286143576
1851874245
524837206
624156407
588192614
1309592874
432431132
1733385231
1151505028
331951742
1556171000
963143193
1864641757
1706281377
1298689998
959930580
1295819295
59277101
637490769
751350717
614575930
1769285831
462684725
79233259
2010071046
1698174443
913031446
449680643
1598738202
1651122305
1860010666
1935866920
1124287826
845742060
1722571882
920529266
243666307
990917404
362381405
1434821231
1020314195
204985159
1277631785
1016112520
66818011
1649433645
1405675131
920879061
716428830
240397088
653235849
425687756
205883652
1842460020
5758143
1587566123
1303095489
713303661
557430545
1317154234
128024802
475115223
1876344781
443915440
283388674
1665012089
1321086704
293907254
1186707776
662197316
1965612855
2052908962
1774136039
31975288
1599580942
6130256
1240070855
488968316
1324648427
1949215057
124095458
1651028811
1488337324
1767223249
2042370967
1506940911
744769076
190467238
573696721
449679530
68736852
2055379097
861145447
789752984
336895928
466698112
185983705
725314937
1996403834
1406857061
429562707
778156031
1603332432
594299096
1590442473
874701509
288720612
1403167935
655641342
1682260768
1580090320
234733529
109379655
1721909979
2125050393
2107579621
263267414
1033221575
2121851502
1299005756
166522820
351301966
1284901381
55527180
2005051087
1090125319
471876159
374599000
227632781
1506184067
1848764397
2012123320
300990328
31327821
803502228
483319848
645914696
389283371
1457349192
2084419355
1445770903
540934424
108148587
164417668
2639153
908651709
1128342558
279312717
2044680126
1059618086
1896695994
292924751
443715951
918245088
1556236104
298005136
904543093
804582052
1075367358
1724906050
1352427635
1955227954
1628160088
1828547762
629146823
1777650169
471427217
283652477
2013310046
1949767067
1069965910
2126669832
1136300905
638637469
1681676500
17449963
892938856
282049513
958291541
1310003219
226008551
913423259
168303208
48969721
920404777
368845905
836015846
2138304510
1544596383
951722396
218106623
508672766
671601376
1788022550
1929688021
895406063
170385532
732323601
1479007706
1546034516
2101843309
1728379361
1839626235
1434960773
1867793013
111534465
180960027
1749732563
506118322
421574677
1993903694
1801857441
387190551
1696081356
1997147643
1467910212
457345771
1597326122
113945551
1654305247
719847756
921753170
1845380763
1440234652
1733878610
847739785
2030779241
1408019485
1359312956
1615971165
132974867
802707197
1644483431
2105781897
888557795
506036226
1524920049
1409800483
904956801
2006664838
1813305960
421143589
1335145928
362199641
1951175325
643617219
1537222562
1074418972
600558826
1049066478
1751842113
1545749558
432989612
835667492
2007718143
279421376
1954704362
406375403
895351470
1772833882
1965543486
1878908476
101925457
166769045
1015944965
715261072
808906269
1357154706
260255035
1832131751
1718923269
29040539
712012864
1355020620
1903962235
240765749
604371185
502876349
2023861062
503636042
2034757133
977728410
709867250
1148749824
436351511
1707451715
1110097338
270047467
1470759778
1169648570
111957308
1605670421
1373058929
611713600
1341429565
213188548
2017511655
1095543056
678576475
1897179546
1176424815
1375614304
2008362853
175420345
1923366733
374217597
287563296
1769742136
394984997
1134769104
1615949643
1895780828
1754561886
999547651
71528837
313781797
1187074290
1926390713
362211406
1693506381
664957431
1172242421
14468251
1209001244
1224623865
1997883991
1931278581
963203980
1424442251
1808774465
1075302427
1589007108
1051504653
707520980
1189729318
205184150
479550239
241656933
1958370363
354956714
228985083
509008719
1191282795
51714589
1431532617
1246405694
1032524934
1641974891
359602359
1796950147
1514528638
1988275127
1495230436
311838062
734780832
511561648
435045736
960056846
985670330
1531890544
1085505784
592675321
1626922396
1386154208
1671457118
738133569
1723748751
838857264
2135687979
1132995287
976287350
43717359
295351486
1157951205
1720488654
1180642146
1367693199
638182950
2073185843
1370963735
952741747
686572998
993255054
215053009
1060386504
682245654
1221515136
385632775
369184551
232256604
1788788395
348776894
1073465333
132156997
1725783943
409248269
382099415
2029196167
36769370
386539967
482187286
811741307
1193670939
533537504
393081463
1989238195
1892481822
498784529
797597011
1234945720
937800903
1434132816
1274954682
1813293071
189508354
2084670233
281603871
1270357639
1922536967
60392875
1961598950
1605238413
2035370396
1714118056
160603312
262859057
1012499149
1160310571
822789072
44037639
1122184194
1263955413
1645240324
1976340768
441056694
1208238122
559991910
1737016248
840078187
1374503629
1832793262
89567291
980782738
1981569112
766587754
2090192880
4099898
1205542073
790396859
1148586751
627743988
1884697395
434086426
900452405
82745666
98833448
452634998
545909716
958495609
1189787235
1806425473
1416086313
2008276757
1990413493
1844084281
1268851527
1316355853
1641571253
1163945724
1705226391
77134280
16054035
834953185
518401538
1978682329
1787329423
939914710
375563744
940047076
942101576
954217127
1853143526
1496726554
692591478
826335800
1642157912
2103365149
1897679718
1088507019
2083314102
1362496624
146037329
1143278386
1910990248
1795542806
2133822964
1478854199
186275421
1481275834
1266720067
586019571
1071079462
1254937602
1009213827
751867541
611973937
824974424
836806050
456813558
424770034
1738343071
1238677917
194744805
513807507
567862506
751707556
1775508957
1297457669
518806469
530428336
1399039448
1520771691
521002367
532926490
1874967865
284523612
2094870418
576914952
2094070669
1532132336
548108190
45671140
393178639
1837898754
1162616982
2040760342
824341159
1504812374
604834617
1219758094
1060771224
1946460608
491268043
1964562078
39074109
1286129401
203198972
803069843
756627953
750866239
992614733
1627016054
1491152092
25822496
1027821556
1145028929
754192270
1597669309
1829640929
985346122
891449930
2009460219
1037781641
1733833782
534121452
1613136172
1350755890
1577707308
1576002417
1212179117
1743801292
1456770637
1223361438
903603644
1798566662
965394018
1915569357
687839220
8219890
1107006756
119781745
1720775694
272703325
692694559
1638674850
3391640
2128407843
1843483980
1059398114
1724570149
946300268
41805194
1648045734
589723844
1358830704
830595305
188265364
202871681
91473924
1767065829
520605189
847426460
301554400
872344341
230288854
993155018
1253135674
1299020532
1573701646
1547503076
24393972
2014405013
24139136
696830237
1412141225
1783528037
1589773009
1751779413
102106156
1309000772
654086426
1542326229
1207654869
1578874873
1886281034
360974549
1071935129
589155560
957980053
841103272
197773640
1748407895
666894014
1650680401
170555412
1666362219
1848382835
1699265062
1155026608
2084042852
435632208
1294230794
344944557
1008093477
1245720852
2055690479
1899833760
698802315
303350769
951295394
1493809080
2058473020
1496938104
1339380960
2120111882
1742129166
1298725445
525845355
1636320576
1130297318
1117015710
1450095298
1283786797
1377906373
1197060393
440669806
1282195583
2120287535
12692834
1374434804
961286782
2113838884
458495134
2047398574
923207715
1973244629
1142699841
1767448969
2054773533
804047011
872347078
420071284
262577941
790826145
1037932672
1137519102
1077567649
406168255
95655331
475487651
1645441142
1356930956
449660373
1917554556
705559326
440017354
1500428000
2101645074
1781442662
1602581707
1511110885
1809610845
495237825
1251887113
1567020681
993408812
1284462852
250276221
1379602680
1064367065
15215142
179964840
1231847447
228120321
141690945
1841756603
1228312926
1423807632
662749446
1215430185
1904704171
1783540710
1966714108
373671765
358024989
1301757879
1930306433
253261859
2137597327
1044132362
1702969733
2020093158
892296764
2031919769
940583817
2062262613
2012162464
828610493
1000111818
948740221
942041315
2033080971
1960310997
2031993328
211813601
1701100339
1519538008
9201268
543506179
560956984
1688213636
2129539526
2018012814
573099647
967165624
1907144048
1106319969
1086109417
1487924104
1060119603
1601262990
524366634
612196171
2041980716
545395569
1049475586
385276421
1402577645
178541075
1774129681
922955914
2014993326
1253753867
1882644558
996433936
1850881214
730957640
1070415464
1192041343
2029537177
85038190
1368653496
1056176366
29044471
1248482497
1696499948
1207520280
818924802
65295253
350337384
51492711
2047555472
1043750087
210994561
1144790745
2069487995
1559699436
2038898936
1675856020
159249004
1810602845
1361596681
1313113818
846319426
149503670
36450359
787977638
1897254807
363567219
550240371
191052960
1833181361
1428460544
851029665
1029570514
746658719
495519752
1437058866
255895961
68092053
1710386605
1380104050
2142019596
1910335027
801774050
45964094
945393621
1488575290
684041661
330307170
112281570
335314271
446236398
1988937581
1397258945
1880201268
259082070
1515399265
1871547519
737839071
1970527408
309385825
603637840
1596636112
517683210
1114117089
229937273
2005869184
1224647333
874073432
272284166
30151640
1451822422
1443573778
843740376
916411175
521784946
1731549752
2128704038
2056011090
1278809974
1503853420
1310261037
1451258254
1916722350
812834920
2088483273
283037565
1938424491
911076664
63899768
1509867991
1092845281
308559551
799888950
1339884428
691058697
342554798
244919202
725096857
732953064
353601637
408318198
1868128790
604992824
111289220
2090113952
1054070044
238595531
1766694643
2092383217
212367612
118375149
1297392349
1930059627
1760734752
1124672375
1090461184
283193974
609826049
1192352489
2102112291
930838989
548547296
1175338173
1382837740
1113459168
1667125061
1076794244
146457674
1058045083
151764209
556909166
492435826
532031271
1141904457
1314020044
880281516
844343728
1069849388
1960137370
1058818873
1254368094
1726214999
1989741450
1492514096
1497314775
483885222
640099408
681359927
643179500
25894065
2082842964
448815608
15787242
1675014654
1432135521
2109057403
1817325490
487542666
2017912720
227468619
445815062
9884509
1365289114
334861421
1590062191
8252438
979261967
1063365207
2092226466
1735728204
1731288679
1347898840
477132013
795950174
1042853796
513973123
593916905
1157466225
1138766328
728832955
175086852
682659614
1648581528
893247987
1196430534
1739993933
663235668
826428514
779978758
1250380602
1137631583
387311786
1764706675
173399834
1921126598
21726291
2083147648
503825012
519860586
822196912
863340915
1236737694
2004055500
339882722
411448125
578171952
691727599
1727891807
1285969839
1740583618
1772240919
1894252927
1596074631
196400799
1361861575
347114804
1749675680
1556007645
2120428585
1724514676
924373845
1971929102
47956535
1012694282
1899966462
2117043779
1732896528
1823289920
152166277
345657070
1958844395
124970648
1660427753
698668388
708239171
1239801958
192120640
1612059736
1926121615
1244840981
1227627292
2018432798
714056427
959831752
1283122500
1833284004
1804893037
974254649
575459350
1397933540
661495564
2009317844
510119116
1970845861
952950134
1096361058
1237846898
1857626037
781279099
764505268
640862677
1256525881
1240618640
1277370533
1141424257
48362887
741436227
2021642709
631766777
940652025
447192648
1998607954
1359476469
1503026989
15450205
541965263
1250898514
1534656653
1963841156
1895466778
1085707206
2056560443
94443278
2052971500
882699949
2032937344
1356465857
856128817
1769691303
1750466967
1389077176
109474530
1126539417
1067552128
375969551
1840516509
1166740481
1588101150
1858378238
254004570
814931372
800041738
1163376056
1318411139
799250167
765872084
261147863
1706614025
1309085738
1620298711
1574015295
1946064507
1845287846
2105281758
1838698992
1548084748
1124400575
2005586116
1249942590
520905384
711286022
1059651460
778451408
1798746914
39840214
1221555840
1781938236
713004665
1986680746
1049260288
1736931027
1130790054
403173015
419905917
1281236767
358383520
441789116
1603401969
1558329885
2122033991
1708959966
1597623135
288551902
1631220024
1226128279
1657840937
1371677298
29485194
1578577312
1909453653
1737582560
969053339
1387150573
473970522
1384628028
162057183
80550955
1545018967
1625866258
1388811492
317240472
1663539505
620181838
809537774
191809395
818062011
2130902862
256016941
1301502659
1984055168
1166681689
653280122
344547604
1423227142
837265305
738976637
1032410670
1666761112
458635936
1437924902
317178567
752689322
239411491
953945245
1103553008
1059142169
1551843134
2062392336
1131596562
2114229976
2041136281
1039327137
1468711503
268104212
398275137
1447384396
476283562
803922632
1365960046
494132476
1991665657
518513170
341383484
1097103190
2105758298
203698789
860768582
263610875
1630090539
1974262882
1960844574
2108698438
382356686
82996988
606528890
1046556896
415893417
592658271
371033325
1798909796
901541481
1035344819
332903941
633023654
735055719
710910050
386375135
801122704
1314213624
810386258
1229986345
1452438470
1014382590
460091758
1276859140
132633496
1737291498
493578636
564395375
2085998838
296660869
1693160052
1182193723
547426257
458097268
1914899681
1414246903
341190217
2072688445
1498505135
1614305702
2112155768
2127957461
1857360677
886033159
1109548508
183643947
1905886285
1262392552
144688448
835651804
2124891345
861902459
1148496500
908240270
387096468
1757023433
467543824
1895585601
729010077
484911240
563040224
994927787
1264678428
1216715580
843800568
1704117711
464471012
1660918017
1414642598
1191726573
177978929
174493036
1737682343
1760354196
1933146579
2014922865
1725164026
1609638409
217397355
1349756498
517384299
1122056687
1702450602
535330778
1442650725
1327436963
1659279539
223614000
488220999
1946958771
589199709
1614937600
340545760
1587515026
2132299802
1529467381
2018449102
1611354787
2018750687
1074624351
1763044793
992613736
323132898
672925633
765817825
973272319
211012617
97798457
967526079
156891026
845301365
618951634
818901262
206183794
923796020
556750879
1639533393
1748713138
276678773
334122247
711364447
1717114453
812978361
2022458263
83876890
85442868
965188627
1617451615
584690521
2095069100
1700895934
900818852
1778412426
1137924613
381411288
90225159
1247176921
58275123
11156728
833870785
1638527493
1540955362
391743173
110784435
325934469
664821259
1995922786
2095586134
1258343425
1531358135
429519119
541271613
1401773235
1333214602
1675381842
166040649
1158272334
375010833
1651926629
1745702391
494030872
74619903
377158755
190317251
75489560
1224897269
857304591
759733903
668865511
2102793268
232573883
1681838842
883171397
1407471248
1783372219
778256504
614972373
1128543938
239981673
612817422
1542918951
1124771607
16712827
1232592058
1030384721
1823900496
781758451
1035187817
681785359
1807607655
1079014617
742079752
737606843
322425187
417646848
857146686
516717205
687237189
223235480
1784218243
471136929
338896937
1557169795
1368953480
439104197
409598194
2049882254
2105209230
2106431764
897159683
196714481
767989986
1850990895
1582845864
692036658
1075434295
1497927889
1114905070
354757333
1485722016
430559973
468264863
685503622
1079079860
795180919
846399523
728218327
521445059
73505362
1614549814
284977915
877695021
1364446634
937596824
962972145
2041122238
870571191
427581384
1797429872
1082837870
1161725376
249928860
15216708
1970961625
1829215790
1236025649
1766526746
2041251813
1005349212
724261172
1552462764
1159577843
2099314134
1632226182
1853954347
1026859906
402050578
2141293736
907074368
1962385699
1532048372
1989079998
1863763872
1305806186
1205657925
1540848562
1662296876
494645729
1662520780
1227533974
959976076
1165682576
2035684273
2097633255
14146920
798053374
966350691
978757656
501320125
737766812
662111835
412206565
1718179235
1805295081
223868590
107305912
1492913104
1002319442
1747294906
538923355
709758866
541120380
1667953216
2113729223
1952244953
530983365
13118358
729174351
1625255970
1032411952
1739194436
1708473788
1404052747
1835101861
2118165227
1651057937
353895662
2067339598
207994444
928635977
768547378
626926137
1913755729
1061546399
924858960
638408240
70037277
1407342770
778353355
1784696735
1146930920
1204344645
1107003090
2142017398
1312314043
937559481
979754079
2060327444
2080447781
1380744654
1332146633
707937144
1724046598
1205665212
1750129255
611982132
469862427
1439744240
1100899119
1343423019
707744032
200568500
1135396746
1527208008
2138216837
1678589707
524381345
743847722
1290939593
233806197
899239397
1530506640
1926196949
1418774753
623386813
777079709
2097048259
1176508867
1591594483
788651078
1761718633
893654794
336421650
1542633360
2047671717
418114733
248707846
2034150315
1211252847
2105270477
2034685504
465385093
417637027
1618855384
1774575836
603312336
527227766
119535726
1429265801
1029060354
681046741
1753475085
629839431
306204186
470141882
1044426925
815763812
2013302161
1226199962
333357869
938473418
242747758
282463631
931355572
1090313442
689948681
2138276500
1472203464
1795129137
1960207940
1605417513
649787919
1973290065
890054988
1632269177
471633114
1918521610
1497350645
2143471684
1930544698
941940708
1950062973
1980503853
40989908
1536816463
832018747
389680748
1086603498
245067440
1808800962
833790341
320781964
430917355
596474631
1956321693
168930006
1507330981
1107641741
1149337720
596531981
34527569
186540238
1465659542
1755646106
1323514984
1901748203
38125808
1010275954
1961114575
2004085010
947810821
1509212100
588228735
1350361374
1870294626
784615915
420645248
447593931
2077237723
1831341840
133082337
721996260
1209695318
1227963904
885700788
2017503228
893976930
1369867191
1501600157
354950282
1865889579
203119282
53052945
735784075
1214267617
308445881
1276074761
328264917
843212209
1074847283
18515946
2001593808
1478439729
1433514356
181736300
782225334
6054252
46148325
127928383
307798861
1484841144
506743836
1117735000
138387465
1446617360
1398400150
1928255574
2125317445
2054338077
1163903739
1337147632
346660906
1832029502
1386197893
1086152583
245272660
909744275
2065021698
1982025437
794716271
1062262862
41709699
351333895
527886233
1255375509
1198212139
3326144
20719761
1361953275
1333772984
722056334
848542358
1962538847
1390141801
1386555046
922245914
1512900504
1030617280
477550988
1435964716
1365125246
535935787
1173525553
2122103773
1856116246
1095320039
2077346669
1529940776
1024932151
1877529646
107839245
170323203
1433132890
2051870488
549192907
1536147205
1419391097
1788805083
463665722
146283180
1256771020
1815564768
949713580
1450441169
436134010
1194859810
1866488563
1029589299
654394115
2063700226
1416921938
259702503
6651976
151526028
1510553576
1117567673
1490662822
1630114548
1825757537
862753456
1073253475
589651213
2028184368
655727567
1272232278
1440941617
1014566971
1883447041
270404198
1685311092
1634279655
1093052638
259646823
1682929178
1235144741
1921657132
185084572
1755071877
1570930417
1444672506
86888605
668922764
1005859085
21830344
1047712744
420615929
1260529854
623452728
122074380
186878686
1789870905
1689511915
723285835
2131865212
38832297
1058868469
2137473614
107515271
773934358
2080162256
1217260039
565332617
256494150
150501945
1030072134
1800081506
650576049
2018992363
649097052
351236647
78042525
1264585619
1209762833
160679730
1357353757
1960318762
1782875510
1713904521
438689879
140137603
1470703594
1867997032
44081361
1085083606
249613466
1322031993
1991206535
874302426
87731814
1498424903
1326876507
622416440
974511871
642847299
1599066037
721917749
1431337347
947332842
1689857366
985130903
326581991
1262888600
634285303
947039759
659290552
823162568
1292711412
1940734066
191880564
1922086251
719780250
911758876
580105477
737624073
1113940834
1076243661
461434813
128364747
2010027464
1093588992
421076094
1081003858
52405002
1007597730
361457545
1202945018
1808601351
434788586
203430074
2074474624
1728175510
651954040
1120430687
1506332814
1917075623
316177517
893246902
1605634427
1889764889
1892534896
176320343
51795843
1041889142
385030829
139341521
423551348
248455737
533989382
216632891
961434187
99506553
1137365878
299447968
149215772
1628609519
95322795
709954740
1170135177
2137991847
1312312383
481554202
1010363768
1274060106
1122462249
1946668475
559516635
570388752
134089966
1952632123
1713465686
95203487
1813222014
1788428058
565749834
941345092
2008996307
728766890
376684010
1242112089
157496868
673831612
1403307104
266286506
1945127967
1057759093
1594000524
1095615880
1134015391
1012108503
910302045
693712528
422182085
1971749490
1865270321
1965770917
2130350196
574869191
740069043
2064379486
832056316
1296736343
35628185
895531974
1137187110
1438438869
558795284
93317460
433118351
865754217
1944443949
1403485005
708082724
1874684464
523548679
1156346175
1728943540
283198196
1299717235
443013368
1242373377
1070158955
28789956
983656152
367768918
2062647374
1848203413
1128278840
630254653
256035372
1842185170
1293219614
567521617
1779355740
40607821
1557866144
92793770
671116429
916687317
470452135
2096731597
1007529678
1819988396
328516485
229011967
267093617
596275853
170091053
515106002
1486643193
1866911577
1837823430
1572582853
1711015910
1012313330
1748220451
626203555
1823472439
1326373486
1138701712
1530654093
1913327334
897030754
1090504422
686292142
32492279
1040770073
1715581055
627671405
297774186
1389270957
988862661
1749272471
1716531049
90882446
717144282
2100580371
1483464283
1965676416
2089365884
1282394276
82354110
44033979
831683992
1232603451
1234698409
1374271231
1399638151
192963139
927832674
1945601579
1393542408
266269715
1237527434
322944772
1163360294
891601568
1482015638
25294606
324995776
907175986
282239903
1434048816
384132608
1688483021
443250415
1801373173
875217487
1292094227
399415125
1901196938
1269022998
1250591397
284727048
1537179661
798989766
194123031
1094284653
1378923330
1276507537
1183497023
1242590204
1259818587
1195697059
372210527
1244071720
1360550917
842950038
1225748494
714768834
1043395244
1489602566
818388428
382429249
1728914711
1018457578
1701380378
1085771436
1824836503
1857703463
1547859334
758932127
2049166485
600938043
988376407
688988300
1437536678
1084999054
552322779
1881350054
61592755
542951977
562623148
1644097699
1623244037
1188599521
290839441
863168102
729888344
184933383
78851463
473997514
767930437
703154608
1011087530
920332324
1395121184
112133775
571071436
173858977
1041738214
1577723565
2138289443
1199004776
415577435
1174367034
1825199582
208469339
353204610
886384931
1848710280
1031845032
1195563189
1957142592
2093831648
987799038
860119834
1088674583
1029954967
971231243
377135356
666554558
1028130082
1846007299
954793877
1917816469
1800717912
109308509
1475371840
216570233
1770187863
1426975590
511637104
247164369
1328951040
1655603046
859037505
291027072
2110392762
199869971
945986338
1685916107
2024504650
734876149
1684974056
1115859744
99395271
1800147583
789979486
580542876
1160390064
1855677498
1936618160
1751088814
837363612
1078829539
104818759
1835051494
1891691129
1738131032
2091389036
1644391215
695794046
687069148
846470831
1691972198
922129957
1149275990
1602474111
2120928119
890147526
22664189
403009923
1154532896
390620750
1688954702
1171493625
2007081560
257401183
2142376686
974343337
1357502148
1547712531
1001319545
1628748129
1646067563
804834379
383068563
2102384282
466831783
1137468606
404385861
2058125723
1633128657
1871162676
697859405
1378171226
982055184
1538725145
981042642
1524725053
969010154
1325525696
70345866
258439296
315630646
2066876363
1712162981
1574156766
1043674149
2081869080
910016468
852772441
601346398
944412812
786662309
2014362488
165607891
1397965665
1674570818
889860593
1651003860
1892973511
1661291009
1258154470
1732650427
1618535752
473775125
1782978428
1075079977
1828874824
661241095
2053442627
768727953
478786551
991697864
382025995
1898097825
1435061727
667663975
2122591984
1902265631
93248800
1198246540
233772910
615602891
2102561285
1116357961
1311207818
21100586
1522679198
794485346
1014702898
236285487
7433490
639528657
1033043757
1725365319
146230236
911908081
603266214
1101461565
820446143
69117996
1788215145
1095818128
243353770
1603692861
759378637
460528265
1406592895
81492627
1092814163
694016960
1429779514
611134991
37058832
932194823
503998918
235344975
533866887
1406866042
1555709535
1462347378
624695712
1100412013
676630346
323428837
584398861
447912893
210250248
1502790014
1923036367
28641156
308336501
1738875491
1469530867
991505907
845879685
1439121260
1363556364
187878482
1490002527
660000462
1987022101
1249251068
2028478601
987917140
1116906954
477305035
1774372070
742116376
2057643028
962645568
2051352902
1886319625
1494014332
1611420810
1539928440
1058091624
1203370694
105862342
1507790777
938521958
708524552
1342537974
1027604502
2128482175
331234855
1096631166
424324362
1322223440
922041584
833632832
1843716429
1183586281
1470066999
445831969
672523030
1444305018
15965053
1061362005
70948337
380709293
344511942
1949097989
97374372
1115514236
569507710
1725132695
1505404167
1969715916
1133991978
1866694968
603324443
1988490283
267817307
1427369393
621575840
1274400580
1026279780
2115246202
386768139
359571895
525693636
1142926743
1772292841
1563940404
1311185224
741097824
1638812705
376910869
1116484845
548049095
1277062149
163947048
669206210
1390832582
1209690639
509997590
2131164330
1466909041
645900063
1241669720
1848773388
1165168574
886706068
448485000
1376484392
318350717
1403691265
346259563
1002333971
993556584
1839014910
751189875
625612003
1552767407
1101159261
468561379
1947644206
1993051539
817831525
1967731952
1563078803
1067452517
1751703930
1116888785
186937581
449699373
649010102
876877567
224125301
1496659119
654846834
83438401
245861424
536924334
1716399423
1687082447
821035064
23836528
1162443041
2139983806
541768186
1480428446
2073938496
937760855
1127269440
887879476
1450016170
341569454
1720544494
1977999824
731452128
2139565429
1846842581
1849124878
484203133
870537813
1184208188
1533793642
1429355073
81248772
1151200488
1780051500
180382232
1490420621
1489813866
600663935
650847069
922035419
1036101382
78802115
893662710
1452665512
694580119
1842893843
1460065161
590675925
926085778
1000878643
626547022
2100538865
413314356
636494848
816097160
1131692658
1416999395
1682375060
151104472
230479691
1723300371
556306810
759225767
188157194
1353981905
535056231
846331581
536218234
996159532
278225507
403099694
1286281783
1633448330
48430318
1737531285
1818077366
1188999644
1856343714
770602092
944652308
1374228166
2030972584
745996286
1128370798
158348501
730695717
263070763
176679655
1807156155
124722070
381624063
667857606
1186492520
1354547501
322121417
286809671
1236469105
313697977
428594286
1286087986
1979608553
683308653
1141745160
323606993
1666150041
976203465
1380156759
1855335119
2049457940
1522452362
1752116196
2051098473
1666932505
1425256634
1133472900
622488873
2138481250
780653523
741712809
709173280
1179633915
1451671308
1248450825
394193557
19687542
491893751
20538243
124881507
1713997247
18059786
381127870
1624315049
1589022531
518837522
1660943994
1034641307
276474840
1958076838
1832440895
674776178
1910134479
541874364
1951880223
1714527599
1889880139
1077582748
642562313
1331880790
592231584
1735252726
1752405713
65424071
953923301
1840309099
472532186
766875629
513880335
2026229813
1891716083
504879799
1501170688
1342370486
2007505153
509443201
902026091
1879928156
1166667690
1014853823
2130555523
786079032
740468828
1446484415
1916666007
1049472146
1725171587
1479364106
1328883833
2036542353
656299657
531645479
1580909324
1592034309
332085005
968959948
678378432
1814968366
1793411892
1310751381
210561400
218436476
38721537
1147078217
2075537120
1394935669
1333474777
1443958780
1141903193
1356948903
1057463095
511924662
1580136862
1273006015
1454194203
1666659616
635528631
1315373949
1862945255
1086541893
1021446025
834759698
1530535018
791662965
2115358417
1652166024
2062717082
1525159039
649650421
291589529
949277671
716374036
1656168079
1768310914
1621410714
565747684
1342888514
1559030352
276385523
1464538835
914638669
1102270665
1874249258
2135102246
170027687
1881434967
330431069
647850630
996899629
1786265465
991772223
567138476
255620913
1078374473
2112624996
1384928828
1437375069
2015774954
222934804
1316514662
1897037227
1019184484
2015573963
1735574851
652990402
2109573862
269715346
239209592
231281586
734433989
502596761
1956516271
1413916369
770501209
2094282769
161271249
1650688653
303150369
901807106
1630203513
488327237
753826398
751614380
1252321139
1139903651
873672146
1098061817
870406604
1125209914
850444436
1091390974
1544526
1390267339
2027608792
216945020
945401602
345479811
1959839134
1768847675
1553192092
2041070984
1461188262
1818767274
172040100
173843862
1413429481
1426807467
1499897043
985972636
1289820917
8700609
270022435
1181370539
786516952
1894664951
1723306712
341342716
920374616
1193378594
282540601
685460427
234055196
397705292
1896767803
1302725624
1914874483
348743662
2060250740
1274062291
18283751
1332860905
127407236
533999320
1378435977
1686488672
120748547
1100900006
2122959911
168236862
1119625112
1005778764
1842804697
265927980
2032945300
272442977
1626570979
881561773
904851154
652054801
2008648371
1315607037
100641130
184320092
1639741815
984512306
1462538439
1177677857
1443987750
1023069837
2112612144
897103772
1234428051
1513016145
1461369318
83161968
296537622
373531436
212761511
1608185976
558824606
2142685090
1289011922
1614508218
1483817988
892458067
1000728190
1072267085
1746728965
620841312
721929884
1182705359
1456721758
1688652981
279129549
1996914624
316986771
710819017
847129941
1431136246
260240577
163552234
2057439696
1126344921
838873330
477091982
842124238
1089952535
1677416691
1523353111
1974607408
421466921
394954824
1438782179
1358928886
1374732376
1644716331
1933223559
1555830789
345252057
619701749
1897701062
138158615
1179548495
1549196225
1375856480
467828436
1535952744
1680648559
1087369869
295049322
125218716
923498819
2036341446
1755861207
2002419738
1648211330
556173715
1742559296
589714097
285163726
1453146858
375366379
4083395
1225105804
1597946078
1606155361
284963765
1223328167
1620874335
997611250
1460917585
1404719712
1791095165
1476797171
1071229237
1139133861
1933979488
369026594
2117206495
621541869
439365019
734666132
737028219
1588484493
1998840579
294856790
1613654876
518442709
1851093966
2081031645
1426513706
80847389
1874617295
1265680468
1634818388
512996264
1387425414
1674651350
50811223
472286246
2054060252
830914347
868878641
1335724229
812371301
484054099
803395822
461242912
306672485
186185464
656959467
1897691236
26575529
1558343239
1287053152
280784302
1553615631
1264077147
630703852
490015115
33369864
1348962923
1962214142
1164331402
1242591866
511238551
920593164
2063421921
967208943
61487492
1620136503
273941523
1346691776
163517315
930150299
355302593
989601648
1652301743
460713240
211722067
1875009680
164964470
1781041680
1417573931
108286720
1065670155
970625374
462883054
76005135
8919793
2012855886
423123014
1490035822
29648189
685642578
2057127797
772226388
2094349872
794694752
1118934917
683610061
398825539
1404102789
1781560330
1541997055
930357198
1695063079
378802922
1773914594
248751098
760766226
1155090079
1010817544
244411006
1494575169
345815434
1667905215
1959104171
1066146872
1074594433
229945045
615042139
318378385
1722929784
1188205506
1128257410
1199703760
626284254
742756310
1494827911
1256004374
112219168
1352071125
962355186
1216512003
1487529738
2001632800
1987141370
1839001928
245107698
1018736996
1499444668
434879828
299948547
2141219787
590572649
449476283
382648739
669513641
1980722835
102386176
1535765578
359053901
1433902439
157536577
1466810536
1988126520
1767961846
1235153020
1913878910
590127251
1818011390
2144833785
580060829
1901579837
478898187
589400627
149655504
1263277432
568243034
1538127276
1086655982
1571773823
998473606
972614825
1529895720
2056048050
313028894
444334368
1213165150
1759902187
1121545314
65581553
1173826994
945712540
882144638
1061458343
1583140506
1955822201
2129489814
220047955
847702734
12779098
903580329
1161653142
2064281415
274348827
1358335579
1279149479
720791710
1025227765
1442242667
1505240328
1862483687
1594408895
1132901960
1785079074
1603577916
1203124746
641300570
1019217203
1537590655
1802355717
1794493748
1741879429
101178342
2095134717
1502490738
1156615989
1754576524
152660204
1956000299
1667047673
1835021050
761883445
189008587
1152482125
76634858
143909526
1554844239
1454200259
1637413334
1123713187
1616763825
981942468
1789821717
1622038360
528052712
572961910
1404821879
1734482390
22487550
156523247
1796926564
542173050
101336906
113153939
943624587
771224061
6270192
942441819
166491920
664164443
373067735
63834903
1739105593
1840389129
441814864
74793006
30021090
1328785527
726912391
664267631
272594541
1365095139
977906431
1006184429
1755337040
652778995
1292512639
129168037
1986316050
1992774227
172745438
1349595968
1673290856
1176991577
1697408484
1671920837
501537485
786921938
1411447060
722021126
265610391
2009526687
703499272
856207505
296223496
407244088
1709326271
372491800
731751261
1144027394
1717317383
1668756065
1785075763
459370092
1711942006
148378293
1207867592
1497419896
2102290650
2136220469
1366027923
10689044
1792640796
2011840335
2086983576
952869076
42943256
1073403631
1818417922
1247107434
1950884949
502299013
1954906036
998861865
586694829
1556857341
1722939265
1806511572
667869321
1176119501
866004164
1956349243
418907545
920450440
145796195
707958975
1221803687
1631252221
1607498195
1952812721
1631495668
1678294862
374045939
1842350868
1897512693
865142905
346620719
2095781980
368473790
1685717938
1935104360
2057133735
819139827
2111469031
1258972155
2080524900
191706469
594004192
1438225233
216003609
701899064
626743215
1250652771
1270285847
521112687
1251955020
1884033167
860074805
935308383
970322675
835155107
2015571799
641693711
1145777208
1839003452
967677067
108118879
1900742370
1994415739
1385373013
515397053
338442492
2028119490
756467784
1816502815
937480204
2017904698
1213914312
1597596973
165713163
176473374
899051758
1708509995
619387710
1207202878
1836194923
727011696
753137271
1201185708
1735044761
2047513904
764346583
536594588
325933149
38857141
1876839250
95986237
433714188
159908703
1706449574
1083264842
2067026130
1423335872
348998073
1459052439
969155227
1769193424
832340186
1386786039
618014640
1625179389
1572277365
1141263150
208132687
1591169579
1849324522
1836961826
1746382072
1027839972
1657994641
266213407
1516582787
1869069412
1777068020
342974614
1709899693
951339627
182375365
480103144
683879769
212218820
477551218
1154020566
1195465471
580933336
1824028087
1326179456
729849405
2127106652
272735968
762474305
1808369896
623311131
1764352239
1590229207
1315093273
646642327
1112717991
853531903
931006393
1762847282
1496324711
225626063
1923598658
1184870611
1671502300
1693718255
962850826
2104493053
1661615074
1187716535
909725660
551434124
1025173610
906823231
1350889201
873303251
989726863
1728034892
719405357
692759311
90816044
2037965269
1518495242
2124667959
1576709210
2043339870
1541062832
1040783641
773858755
2102364296
1810834431
626047449
1109974509
1281888578
1588790389
2098301629
654723058
925464650
2140507856
1411754347
1153901336
2081572753
1461732299
343822130
534845860
1567506313
1601306741
989757873
389205997
996483417
663250079
1210730206
1323071027
1645700008
491046963
786519053
201305930
1158188761
1392633105
71354713
991474484
1312649782
1646650486
1313664047
1978973150
2124079334
244772278
94698114
264191280
833391237
840455367
1755059314
2103199653
1709908146
2142641607
1790848367
127715368
911156112
1185023833
444818669
924617008
1438066914
914176303
2067188843
1231137005
1002226611
89032996
1662908521
187346321
1204244557
1545889268
869193993
360566238
1112026369
1180678251
1840714260
140202180
1780327463
1758426929
204729430
1112674756
207987683
1360825440
1889893240
250604646
1053068259
255347351
1278577314
1380656597
1965159375
1938851008
1473812753
382712986
160268138
77056201
1430122972
285362936
856563287
767550406
318517670
413479109
1942095194
1548258334
291304750
382824894
476282265
893157091
1979830891
1736121071
776149324
1024359415
263063656
702383186
1573034395
1818417577
1987108399
1979919792
1690388541
519856529
538649883
1884687419
1617245648
1031350297
1323667871
1574847008
419150383
493213791
158667604
1398733802
2080065143
1801037300
1690949512
1876991929
1897268043
282743011
269506930
1816225305
938267947
1253399572
1915659083
1610938338
914773213
401129445
915830408
367617014
958707171
1616340280
1674959609
1105547523
1796146471
749219765
474370802
1975797156
1210599740
1801496134
2068046942
1737343911
1206192090
1616108054
204770189
1509566231
1124929835
1780671353
511830204
1998146837
2057240382
1011142321
1721731446
1387980434
568021067
2129146771
890158787
1320908608
1844310019
2043645054
1558273910
2061795683
1864697886
1280319270
1938682940
1714707799
1298344763
1187622
1853588172
558954297
2119132619
915356415
921052697
968018555
244842958
566130590
270737972
1250271474
366997461
948961816
1756134896
1245257864
1378550122
1979642646
4669280
884257341
880690904
1104757052
418198218
2012623761
1179636997
2013848050
1170420347
1828324074
2099302904
771352979
791291391
749496020
362979169
301164953
101059356
972432247
1689854363
1985896095
845492472
48263427
1933857709
579353476
296031550
993763672
1013056558
733109933
225739533
166548814
1324045952
761407362
1772332325
400675438
2015178219
1737372585
281444302
783053585
1563201916
991958988
1406389999
287625617
1455528420
1622628342
995968054
1214551380
1583556999
564339912
12943651
1387103722
191464460
1851073473
567646457
2070651339
518233043
305130728
919365604
1666405559
289949773
861859840
1799274477
1904539384
783199882
1168156180
878966027
153224033
1292500417
874729608
112191952
998196903
846497982
620389086
1785579243
2131374440
2141767398
463201871
225913402
1421676260
1610926183
666789790
240580599
2074357735
2117516027
631258682
2118053141
654851573
1424909399
1735869091
1281910842
1531783958
1543308622
1667477867
1171451126
1894461627
1163972986
960401015
1420982967
872333807
1574790150
2035715235
1512546767
936568627
1801578670
1988474081
1611707706
592367658
1909887167
299879550
1885343745
2087471384
681365548
142605182
1355755080
1973549762
34754637
289458831
719503046
1694997395
43852214
1310312631
285072501
1792517399
509314516
1442265977
186217297
919661430
1456312530
146088430
179870045
839039308
1295595439
1148283407
1866751802
1009038219
833219779
1428593387
331666555
115309997
2028156390
1378532735
614160265
1076000532
1812216837
1986439941
150976803
1513858437
657561728
712569392
1394212664
1386909842
634827279
1036028377
999479936
1020806096
169377114
1238536397
1950499632
532794449
884088637
1465036032
1889541544
1108890339
1281946756
999922196
973344592
567037940
1383466114
1456254235
215982480
1064254099
1383680976
1511854601
818841260
1708651562
419778971
422755401
295572201
394597698
1752864988
1380304864
1201604994
83362512
963909161
1107188006
1411608638
716762866
1428257811
14008110
1293232183
2125185742
1386053617
1086637368
1055270707
923152297
1462551512
1641440068
1159814382
1094789039
1635779501
567334215
330379690
485729941
642901826
367336987
1159177037
1024400537
1547440367
1494540444
892702570
948897960
912880005
234624960
172076600
1087877464
1025977835
1823865083
1714347509
1606823461
897137387
520429699
1001991645
1821430951
553247223
784834156
891113547
2009634449
1319135881
65973021
1560013500
1637421435
1045200172
333594631
1923777028
1533527034
959178633
889315730
244066842
862013817
1148779559
975268282
1135497850
560272009
1904072477
1235826591
1544262006
1828755456
276379112
1832905200
1890370833
1570209890
1458873643
1819736426
1979749478
393362250
44681173
1469324100
2054921749
1759578914
999667528
1079335617
468144899
1542793528
1627505553
1297806570
469462872
2106985560
395186018
1439728898
1621791829
1017480367
189375186
1400331941
1922105128
390289818
600511640
1834408432
2084472341
2018097031
229053504
1084119174
449801787
58313154
1830091350
1799322113
272894292
616696699
1839392687
865677017
90482026
1406715921
1648582267
1014989993
475188175
471502783
1212018575
598920212
489578043
34359544
846616015
30610399
1665648647
642803651
1428395222
983707657
1614309501
1793761368
745913141
1989608977
2102058957
1411088414
1844759453
241624959
1203202873
432369620
1460945108
1977619516
778881263
1871767736
1924053740
377661827
1741516462
1312309901
298112597
730931730
496403178
2017365507
1844177482
1674572210
23352000
2004688476
1763926759
682318881
1712260643
1135558942
1801757809
303013265
1079107381
1301062125
740329398
1222006616
846753271
965181353
294382456
2116335658
646193833
136399880
1186807513
1135496949
739030195
2008505030
68592152
909936706
199396763
1670206001
2098765130
1832221696
1425559187
698093875
1291895974
896877556
763508056
357543828
1085227567
2124698566
1691287173
76904360
1935002891
1164747039
2050971041
1092040251
752722449
2036187029
413148501
961067210
1531646677
859904688
847303903
1131561319
165390800
428509697
1395899443
1060709429
126087209
1244098207
1348287457
1603319171
792946391
1580388240
1522057027
1840027604
1919087684
1149031997
1325354980
108275148
405343147
1838133225
1477174904
439891506
1821145997
904923325
353749831
1286385397
433511239
2035812039
901419288
1441943863
70412524
546098396
954503533
949990682
1896230545
1283304125
363985056
1793728263
2055574547
1163496217
1873915710
538587658
1120757366
32716474
1148730478
1487383555
1817899405
1861876306
1772650126
159630504
1997230628
1419671374
856352985
279879147
700583989
217877658
547393079
1575251380
367035783
1480060460
2126444407
1883469603
1226589136
775312281
1764424282
1864980780
752670399
1726319446
671898119
491010286
2049217034
2092696426
607604608
1251844355
1192910603
31561843
1408099048
1587291074
675967886
841745863
547748178
104449255
1372172220
1605307103
876009520
1275069422
1957615605
646596191
1127959954
873754240
861420411
1016794185
326180633
1953907579
412367549
100352063
157762066
1555877646
1528023099
1352148210
1480393169
664071443
1113625566
507688374
253426519
783036849
133179461
152292109
840243616
1722129411
1457853361
539195013
228711831
1100960188
1120485333
1991192282
289195583
1584949573
39884752
1615216659
241392702
697301710
2068141299
1655792092
1286226601
201652251
774051208
1277886873
229856501
1233162544
938965771
1429418120
1101460095
1705563220
260657600
263223454
194975983
1179368150
915575053
297098989
1309860659
1769402450
1634884924
1681228639
58757413
956114033
2111369022
838552002
369228973
991031747
1769293424
1434470894
585846344
1860572935
1877597225
668148914
381625013
2051144562
276896238
540114354
77351757
1026171423
413943153
1672986368
910887595
8585207
2122690418
180468654
935164964
1176566223
541570929
1379188967
322769187
2043680280
728911145
1778515823
577047535
866883962
15029453
999882502
540821964
1801717205
1613277871
101624856
1681858202
1524173554
1960966066
89895351
879266337
1109804077
645957410
1028301673
493559120
2115704809
133694123
