153054313
2106205454
1078870723
769213815
1798514949
1148410830
776461887
924292996
1112976002
1264166307
1225488094
1932526100
1049517697
683095066
2134265031
1329893798
1131095879
2040567667
1459453320
547331613
1843442903
59174334
1821109887
777008163
421417324
1186564097
1972416694
1334941021
1244518592
2137351656
2131013326
433371577
617693107
842516717
1036695440
684732233
1588238626
976711206
358926979
1462315311
253731691
854395747
944120335
32063328
498612023
1705003347
680354876
2030860962
834469212
330659496
1666655213
354450557
1505663403
1687977115
616295165
223832857
707149737
1736169669
2054902051
1308355426
2112783920
454833464
1285345349
1026627114
592429503
1345339151
1846206723
834183105
1936990781
1784625131
151535635
907902703
1638782293
437630791
1402122224
724806690
2115874801
1396868983
482423792
953621287
1983762863
293002255
1479629891
209962420
838022275
897947279
672131687
582112307
1678953271
1895661162
2069797544
1887632093
1781390867
123990288
1300568514
914277932
1893924285
122132966
427907231
2025143565
574878115
1500877602
1045618779
1579853164
62668776
65812683
1035690199
1396302830
1367307448
1412829825
1049719415
1538759512
1322295474
536528231
1156055388
618836857
453807764
967996568
1312608766
916404791
1086051925
1716570944
946293770
937245525
796344028
974337822
1843939716
1169823240
2042404066
1969738314
1919741359
74275489
1893837378
1485977496
1258326191
794806296
1926330187
1954347952
93564008
59287689
1300090239
1987053060
1460131017
1191720620
1167585545
595827225
1153158258
501170750
414615423
218273222
1542134859
1890884399
958907690
357527329
1670656266
1468377916
729718045
273759402
1750892427
1648389323
631302895
716183154
456523197
1185937792
474811148
642264301
1868298220
447872890
394373425
473852811
98754874
1881656722
809098872
579084405
601911354
1945473004
1290057698
1128757938
830772521
1531086124
859222638
354298054
2145976388
1282461190
1425023163
443907984
37842836
1039638910
1621042563
1057244371
67443983
970780367
636507988
144466090
217509738
726540742
464173560
1103828577
1351364527
554274671
1877292026
1496215267
1026003839
1307820984
725784671
387236761
1216237693
2035726969
558567125
152571731
1442495282
471413965
1747214800
1441508942
906772363
1422056676
1973502727
951394864
611767287
1099399471
677841466
645080548
1325293357
1719428416
429350865
863572546
1922791349
814843056
1564822251
1134967235
1414805223
93062496
877011070
1619493257
316144674
1804584904
1996394505
1814716915
341021674
2105543043
678637302
1292616085
559617815
434221739
1299568910
953244418
1361419418
1474506792
1910341890
1548759052
153219106
111586299
2046337064
1965324331
524935398
1530757457
1915282339
376351194
982260455
5451728
1668735894
2050174277
1699554355
297286217
1973484554
305440870
2110200656
4683136
593312393
187303475
841256280
1257554178
138658453
56682973
650038963
1840418067
2025677641
508817177
416860024
535104539
1471997459
182118847
1761564943
1966939909
266338647
1734035569
1627699121
2114390820
218383153
683182482
2042580962
490345471
268126527
27490455
1725980969
1281484220
740823722
1408611563
1887992581
1459507631
1670025030
2009176532
1925652052
2037241409
21106135
1229629532
1446598814
2003669138
1231955343
882091501
2092104000
1026578505
1701168021
617851137
1832669706
1338837125
685712959
369509306
1852747437
1088124828
1901327752
1914898941
1341648721
244242728
1393761120
972319497
184816009
118055335
1462695741
1589599160
1056818064
2060051541
1373820505
448110530
1532093817
1149855272
1575706347
665347433
595953196
518607901
96191360
2099117392
131384717
1120388682
533540421
1113231307
1097649070
1495583330
2060527609
861753735
343347293
2078947693
499868025
781710120
784197920
336649099
70557438
1840014380
1495647048
888787338
1488714046
1086325189
122778917
1046013842
1855330015
326565362
1677188776
1625627571
1725764312
653804063
1333751661
1166477001
271778619
929862920
232936350
1051181338
493586062
1802911663
1150222693
1365491810
1898815921
1872304055
1599346549
593856860
1094558717
119814416
1873426519
975931886
292198378
437029617
2098532599
451819393
65722790
1514156449
1016896776
1385930152
1832889138
307846166
434448384
1660801629
1719211377
1205480474
1920906526
1208772762
1752141185
1941253183
680680103
1513515222
1436351659
1130422655
1143485864
1592800230
1797318443
1021546920
476937427
111755280
2057294374
1865081774
262032426
705454260
2052276299
699298636
81370839
1202521353
1629483115
121179161
1106560953
290404741
1416300307
724886652
1073361509
471782855
2140765935
258583101
711583843
1338001722
2033093526
1020776644
1447149309
1749409787
1180456212
1081287581
1925753970
1083052304
453568298
141895266
1558787044
2008672861
1965430046
561806539
1648243557
1620284128
755909446
1057105814
1240988471
1043323550
1315951243
1078491623
1092314260
645309890
19452943
1310319218
1122922131
651442999
167072962
2122806320
598778508
911460835
573561149
801000666
930758101
1725270863
882268511
2048043495
1814665374
2132563830
2005826638
254960310
891047447
227034118
850908944
1015192535
584427544
762176730
1988362747
1674721670
1238866112
1786380026
264113122
715554408
133727982
1541886405
218906786
1988832593
44876008
1906662942
2035576687
865658381
1634084014
670609867
87738611
326855050
2075944229
551981960
1109683945
1574906910
1231803408
726423668
864352652
1248764327
2067511047
396096425
530375060
1984144628
1959671502
1758818712
1961173642
1598251667
1787370302
534228884
313029085
1721932027
1744742042
52419131
1303788604
1288514422
601026726
1972091990
1634052412
1068936638
1369797436
1436417909
189945717
554327054
1611613825
866968083
1907243355
512376170
1646647177
204546317
433780735
1646490093
724847995
1832097978
1918829461
120133382
1427424927
1284177299
192136139
1486926899
1110267560
1710186979
720321136
159922125
1314658254
1664019131
117374498
1466749058
459962327
947988658
245620505
1798581829
83430363
415464350
1207550870
369023064
635792964
1200599889
953299685
904918343
1448190
550160094
710937930
458803167
1027527621
216734537
778294803
289155105
357803339
1465258081
1131201396
627009869
746077601
748246375
174131782
1873013119
1679232895
162330557
1303215437
244798263
336520679
28928429
821067982
910881055
690269511
1637033924
1013469363
495368106
1182683238
13836049
1676666693
1341302739
239078165
85239513
238045821
968780947
1352823695
53254173
1653148743
1852285050
1941953829
383465591
637931320
1434093487
1956107686
502645765
2109163841
1068660001
738842403
893963257
1668893892
2091994136
1854332949
958687495
209865910
973199157
401373305
1397836059
925573583
147128643
1064548357
992983582
1210785702
1233599496
696166348
1410115162
886501193
925733452
400747641
1664721447
723076667
1302641374
183168057
1694749266
1850606488
41638201
2051419417
920904210
1835003587
1372033917
1808337320
2048949189
616324868
228324449
1442168777
979777331
1969887739
310889963
742511918
1971905451
1539788583
1348220835
7214663
1034459749
880178976
551625722
842607341
2079436439
2023594843
217944592
698941801
65406312
856193883
92845600
530436270
338661402
774206435
730031139
942786634
420502737
419865342
343580494
1120130319
1998717629
1014813173
387080835
1496493600
499989920
409110537
173220284
954545416
181822298
226222193
235965612
756251815
602491863
401095310
280980910
1284765705
725617201
60249749
1239400711
444181122
2097572472
33659219
2078960205
1733522270
1362685260
1087707409
249405836
482384570
1161685196
1363972171
1539522746
614178940
1098636319
919974672
1780042371
36135944
122225297
1795919982
889445564
1253824873
1116279233
1515565089
1861018219
821646840
529181592
248157274
303752912
350263197
1790744312
1375794347
1065695494
1680956341
945824374
577639951
1003960207
890850541
967452882
232341996
939285370
278412007
853237464
1856559399
1124195889
1622894906
578479913
1717674630
2093468975
1733773370
1808156294
1561283663
946901748
1923109989
1284050270
234201072
1674593010
655841876
949467679
789546520
390227312
341194040
1082534021
2025332490
909630093
1218623774
492768456
1951623657
300765639
888456363
1104880089
1965420646
67988449
571662256
286046245
713845669
1180559779
1729721076
1212271002
1193929790
1042478523
883512247
467518157
1784712586
2142277465
1097310906
1604919600
1042528127
2080865625
1444469447
562807462
1446978670
1926455724
1080224903
474068222
1752574191
786866083
706470662
183372640
471333853
396979552
459045242
445830714
1100356267
1319331948
486402694
1652198326
1838405016
604608543
1833494614
1034443714
1282587142
1666847243
354112584
1439063619
220248664
1507591256
1060534212
107982052
1250231105
28008998
880601929
1241401655
1036010315
321390504
274907999
2083254711
1836571228
1387290396
176101297
1899994265
2099212113
763872068
119363728
179903975
80903021
2045787702
1509528049
1018244162
1946740025
677507050
1902155047
456110738
1641347748
1348946673
622767591
27340332
441122024
489934257
1940691951
230204929
1091812672
1989748729
226047732
1757133404
336009763
1411580126
819213841
785509443
607396952
2039006734
1295182112
1626552337
1905210603
896631225
271892589
1904794610
768765564
1895858794
1974165680
546977875
462921834
1435780440
1042293131
1035608433
1155017771
1417614203
1761153596
2098674874
244687586
1705945597
1993963898
1983122637
275539701
506617602
1631488977
273698679
117038751
1721986816
1052372621
1564837991
201653851
420697231
947033036
784879308
1828581106
740466433
1435292973
1516023193
798789671
2054368210
260418433
1631509855
1146095635
9599962
30427460
1633159006
685796095
1741993906
1686851297
1962864589
2143291209
2073508911
1215631062
1316423852
748933179
530920688
1107056710
576970567
979976093
459463240
579300740
1239655546
1347771682
902280650
2141744550
1843134880
594543659
83359021
1699195052
405512211
1813930800
1271069672
483798897
128571304
748654530
1760736084
877137678
1361571569
716970908
1931830152
507626148
1060266919
855235169
369603926
935117097
1745409496
985078607
1047016797
1709547592
1887538667
1212598538
2109198584
239403260
1975519596
1643992794
1118982559
657173688
1678338433
1118521928
244102204
850381682
368656413
1893902861
641453725
1101161325
11567209
1533680049
58879899
1220369936
356145413
706839637
802549857
1814447029
481322835
1236395248
587143927
716337656
300369640
1070388956
746869672
1374106331
66154489
1476683933
1746482475
774097840
723051940
1036749221
1162397237
179964271
103026682
1517804589
507821694
311706698
833583053
526625485
1565177011
569995848
1254886262
1089216068
1883650338
1944765441
1254163435
2070443142
498287630
1075526446
1442024945
1099087999
928677109
35196718
69081449
1651288083
929529543
1813991780
2027478127
478308992
364376959
713066083
1775431147
246149874
1596754060
70260119
1329139115
585056991
1556570261
261483446
1466401868
224443839
618792080
1726319214
986862268
2141692958
891527332
1524558742
485090643
2038079119
595562171
1608886184
558135147
499870109
192890487
842990818
1877392198
310134855
648250897
1416403637
169285623
252033282
596092277
1808503125
1734095884
1280094701
1207145522
799058965
1506108852
687091134
1584019212
685573412
910102807
1439102056
684166320
1595386493
1950479848
275412852
1417800431
1481816355
210149838
1549997233
1699718371
856616835
2021616677
381961491
1423238244
1979657469
868100179
44980957
1016196613
2120111154
1908129606
1612004032
1488268654
859798642
1924295116
2107909345
1891373855
548886043
1191101425
544521085
247025270
1446464347
126060439
1398558060
1936238811
968142368
1586677265
864004864
1484234285
1780490981
53036631
29885686
749338785
359862513
415109640
864549950
628751178
995687081
2068326200
1373321465
89296002
1912999255
31100538
1225763401
1766051398
255270836
1612198963
861779042
1556285170
1635498643
1727506558
1425381475
293088021
1603277536
1847152241
1343604738
357845630
864536151
960518148
1747272215
712229753
1483450397
1660328904
971032764
112963130
1332897075
1019771528
1089376362
1435599805
1600813758
1259914210
1830087018
267631097
1734401721
832150442
806294007
670690449
1504314091
1254935288
2046320300
904040660
590190807
877952596
1118334456
521650755
822975897
698871466
79312796
588883674
1647385933
1334284234
807000666
118607360
64313303
2110570770
1807803886
579108706
228687407
714735152
669179903
915078495
1161967107
2117909819
1194761331
102505492
1277777596
322321290
59480594
1232125697
383060930
1065520501
1256276837
428201326
1828901425
1134192351
598176158
313203946
268209551
538550736
1401274281
1696752463
150354567
1522436786
1050290827
1146894859
1314573989
579361284
1864111736
343310179
1827974411
593742336
1461160002
1403445278
483762996
817441157
80338803
749061602
675477473
690413961
1902572543
1475402855
1684886225
1519081389
79812688
1315926389
1352728427
1361475655
1121618935
559949850
1840034536
519096472
2071635760
1531359750
841998559
508558297
73369765
930698218
201754030
1406665265
1402683051
1292259497
2093741698
810931323
1383346894
1950981851
166671446
665773256
1897456345
1441113300
820580716
912530439
345536798
1184978751
1753545545
1051636738
574049061
1189072046
1028344266
1731494266
1872477887
995853324
1203366184
1172584407
888240001
320138142
692756297
686940809
1163039112
506502358
145357674
1602300301
1838359311
580628775
1426264093
1402801160
839738076
887787630
1314322210
302849581
1853469057
785760920
2106267660
1732338022
1284459836
1876859732
1009265342
367795821
196854809
1270254260
736723284
2006937485
1198715415
94121377
686149212
621861896
1435234986
1870469570
97310124
231457045
514088653
1974550913
2106085355
1010588251
626155112
1743430572
1465160114
639106308
1582930819
795667451
1632263716
714370226
1383129708
698767464
1959119363
831437482
1379183748
1807748458
1755298517
820973999
1826519443
687064627
1764513442
1001682477
622356326
1122383347
935282102
566218872
309980790
1390365008
2072847202
1890670093
1451286405
1287960110
1246040496
2029588185
1260094954
1494221987
702452370
1052533538
551982377
1094969532
389217738
141460690
842947522
1056242979
262567458
1739693003
2059358296
1100305342
2135264537
893626604
448756475
572161147
1271676807
1922714437
1543815197
927660604
377767607
954046103
453927264
761522363
1154190456
1898728252
492158453
1041780358
812409344
1901610009
2072448563
1980579000
819532756
1431763163
650989246
42499160
370560355
185827292
202990681
1573957556
1148197163
1555647651
1352299803
1831766532
1801104517
1694060517
26177543
811801230
700815941
304737246
961410987
148079630
994831533
1496680217
338204555
691399835
1642611328
1766218958
1948298052
527952590
1472773515
583648860
1847379271
25468536
1090645294
2118753846
857866197
1313324733
240992146
122179846
1119944092
1217771592
1454338476
1722801810
1324285490
213550341
1631873107
1729473387
1960137105
334922628
720637457
253192085
11951516
1984017744
1385258832
2072378793
1378173249
270403347
383751079
560858019
286840557
37689918
121958043
808815833
1043130394
42928464
1430648282
1243033042
850889394
1483580827
2017202712
785265139
1807180792
1682990473
1242457244
1338971340
1514346133
846891245
824581465
920199229
1600912719
1962247796
905766249
1683327197
2136999013
680120069
61460031
516701218
1761057113
584625210
1657148085
1076171034
1770642688
414910777
396435644
421035796
1648189251
1589472147
454780138
2114974657
553016579
1877090439
301879765
1223751079
1101205764
1631040995
1948580637
2103830943
593173926
1889542533
1808739749
1260241267
43137507
2051895055
710991031
211596050
1081076920
1927275305
1288917972
965777179
1743358191
1837967732
1583971725
570204023
1402417009
2074648291
398153956
2087816458
1249046480
70426490
144619068
870152284
794188870
2057073130
629652706
313831634
832749069
734852617
561776299
2035668461
417993677
511012278
406056821
1136674305
1031274088
555497810
471671566
1347319843
841122494
1673663288
887004537
1371700300
165169875
1701847638
538472475
2130845656
271871424
1638096450
2137486337
560087957
1188710110
1470377896
1733816510
1866699882
2094853413
1460957989
2046087039
2005400628
495910724
1087670867
257554893
1254068888
451004390
1870274288
1525565266
518274835
1733833515
1542477739
839963881
1599843818
1520505830
94804865
392424672
2109016100
710058034
607945134
1181320322
162390240
2117661349
121607868
1879903651
69016061
1401567716
1477918210
1290031313
332514247
490138530
705127674
1870747813
2111124158
792232366
457566933
226225686
617569992
1532514424
1459644165
535840423
97377277
887812385
1216316649
2041773441
1470112819
492900142
1062215399
5405726
793314331
1217245930
118653482
1072692574
1188587484
890165166
308078735
767770665
748536849
1392372166
870565502
2099535751
1985602097
825178843
451796181
1678255193
1595213714
665053407
284648761
167194375
953687736
993140593
1817787390
1342694217
1425904908
85477827
437278765
2034506993
206263484
633504962
232472684
1063358240
2019490620
161712726
2075540935
464527482
427714356
291139446
1164201755
1678527017
209401981
1979581215
53320978
1529719160
62717395
1595441096
921532994
160005169
1665057692
723068158
1127675895
1050309616
466000006
1050094513
1592828166
1874711195
127612357
1542214501
281284899
214283581
1378006755
2141508165
1081103296
961091089
125974069
1755356615
1463650670
768315254
1668367332
1138464495
2015526585
1798364187
634179568
1771884437
1509905848
1423446704
578895909
1786407451
1319401839
2143869967
1295672002
693923719
498234960
901516043
307750463
1075744844
840165103
1860040700
1744934057
1175740132
278976848
330265305
942281644
1293484123
1234789382
432243587
1692205766
79375765
882650789
329132367
71959923
1436395909
1111717767
1014977701
2016749232
1217756533
1124971149
491855104
1709895095
546099444
870287158
961759834
485023308
1223481956
2037731727
664679456
1653914366
1616052761
1454127300
1293426199
1875070896
2068234628
1405112870
384889269
2128916015
1443567830
1734338457
495677837
527675456
2142036513
130829441
1183531881
995939396
1357173195
1954607369
279486898
2017659488
209160332
326533320
105353892
1277121919
1386809872
184764308
1038165032
1233730920
1522719033
1374675870
784989015
1822762695
1245394508
484052916
2112990030
390387904
814403884
694764469
2037985528
1406843724
725036150
597084179
548612301
1064001487
649398922
747294115
753126566
1620119044
369901602
1488131305
1047330685
1865513119
1897034287
1240162304
770254998
296806799
1759530936
714273133
1046834332
1353423067
403037588
1466404096
1680525301
88523737
2143724449
1002852781
1119827942
1230203596
1592713567
83411264
659574663
1704421360
1921014367
1881996020
1191457259
76937148
947430160
2133944224
1163986291
382461802
669778825
1272862571
1642927157
1942512944
973735843
1817302170
1495218045
1091861966
642085877
724838248
19427196
1931853179
1355332455
1395593098
997816288
998209937
482592338
1342910719
276833451
28291050
212074569
151685086
1352104644
921297126
1125175340
1164283737
1668923131
1597640035
347100338
1716818240
1785694737
1323018403
936518736
1543307169
1211957615
433305779
946637124
178379693
90434322
1997093444
2731048
1565203588
1418566351
619713196
269453578
1303803471
27960055
390720531
655393226
329523566
1179351627
949200806
858223898
959960090
931551934
2021271736
1948872636
1669866150
603481925
1997313429
925757904
1713774925
722358412
1703497231
909313551
93047317
390940415
658078970
1666627556
1702670100
1479828333
422008297
1724579406
580430256
1050044303
670334208
1958246136
1498651149
874070132
1022511453
1872274754
1366649656
860935044
1461757594
1727374547
1917319097
1765061245
86518169
1288773414
933154873
445620253
437977733
623334055
90968851
1128175989
339499096
756584556
495188464
1892145721
1813907178
1618311876
130961992
1387911186
56748866
549704382
1971563649
725287192
1051920019
663323209
1833043136
1894866702
211876402
934324221
32182330
1608806437
875404181
569500691
333481689
1702775781
493971922
1359444279
1245030916
1034801054
1183103959
1145205538
2006612902
228657218
423946625
382979751
1740959751
1630569734
1168499216
1549914343
893462941
1093671780
1305298306
781317517
285544131
1193961253
1494093680
852290200
2044558418
1797935339
1194519841
244134627
824951053
2022413043
1348811690
155838102
1771032001
1559917530
1799679338
23473855
345748496
517794638
1543353975
2083837987
1194332186
864277080
1401988938
1151590711
425448128
598573622
1188312977
1208654572
752506942
429727351
829335802
1511916183
527574661
1291835176
1742194747
1741074450
516325953
1588430289
1802584707
1676530165
244021911
1109466581
1362762686
1223080744
288019562
1684417162
805084281
965120472
1978720121
1519985308
701300618
729417159
458210871
542835184
827129451
1248143761
273994315
464520886
165218137
1528369213
31195311
857081379
436933959
63550463
71010281
584711041
1695628657
12825288
1864162915
2002767097
866441384
1249880774
1588033691
860381341
1020370861
799689451
2085483951
86525745
1341609215
1950309772
219951939
1296942442
1269337086
735613001
1456691169
1769245158
1128823174
283073720
1253979113
1884615488
644330489
204106077
713832563
265712441
887281349
1395948666
1624524496
907363872
758837902
635925271
496042283
1769657543
667418530
1072522995
1436759562
1951676332
2000716754
153453916
218152312
923578388
1908863231
1051573253
1721435041
1221456677
1852028870
462863671
1775734419
1629155127
16254244
1328435915
714528810
450639089
2078648623
1429516751
503825971
1008277481
17204614
1658664434
820998059
142988835
46128845
1208477401
653042683
2107557263
1269914736
704783390
1019785742
550301468
905717885
1917905806
882062456
2054012018
1100950651
2131154674
1622789562
696590791
1002516008
1821583694
1947149779
1963231336
657166103
405467159
5684342
994150172
1240651989
445583920
1902134619
335700084
1732805981
1464195561
193049738
338335142
716099169
687065932
1878357717
1389203107
1286931402
535791849
1238840073
343341941
1824597074
1127687474
751080947
1247987563
1079964642
1942457890
77321159
334231844
1801358451
797528303
1069753536
971264441
1083451383
1884602447
256868294
1096976597
1802050995
2138800000
294115642
1069530332
1346314311
523626397
169100905
1767426327
517931475
1336786881
1694184195
1569303901
743031799
465062682
360671848
2102705124
1665217731
56873731
914925203
712468018
1025541770
852120049
718811693
1595190676
1017502121
269715188
1732577530
1396674529
428261960
534138432
320675733
1582175743
672671215
1722095121
2023684493
1653850597
1240800793
1043729540
1745494313
1467057079
2110385481
418937117
2057064966
2034957289
2083980548
957923186
1394354062
417994741
464321691
1804214337
214888887
801941433
1685912278
1971372466
1293717378
497868510
2027830918
509702973
1263107938
797510933
214780086
2098108034
1897474766
1352924151
1118952365
890203582
268953738
2104758499
1678348779
1033055000
939196242
906287712
1916794188
1275311341
2085350669
1400080055
476140206
1081026614
1789448836
1361931977
485143187
149712845
811145919
543719959
1506960370
1112205647
994483328
497176143
1413557533
1913075878
153630832
1119940724
210661193
107454591
1925863869
1530614197
1248340955
1153081515
978011518
1669089625
1815281608
491815893
40852572
2001779637
146192800
2024043417
320457799
1207604350
2082541666
1822539424
1965004065
1655945174
166611710
1544170963
1028715004
600778205
1097920021
854692279
1386207921
1372235071
1608368523
1681361323
1521099274
2097272343
287855311
933361129
980651527
437897647
514105760
1749734628
78724525
786324004
1971681227
783490673
641500991
1157505719
951008291
1187921639
1757734495
1382333864
584470347
115430130
103650947
927794293
117665752
528823947
1781482283
1271006952
1400168395
1893649687
355308405
1521678799
430294655
1566313161
285560828
1970968703
1813522174
727945575
743177821
1800412479
76300008
423538797
284819294
2135319538
1790052476
1286980977
1841893212
359837489
1102763068
1557620785
1642783966
119183004
1992738433
793357738
1147467518
149856006
1526863011
23047240
1743697715
168777991
1901978479
188857967
2033185596
303313535
1148068932
242413750
877538727
1848664193
607058340
1454352426
1669982510
666923545
181285338
696637086
1871208243
1361412663
1491176805
1781144125
1201277611
1280716290
1081599160
1468328014
1659020512
1542533826
1357689786
119622539
1802201395
1594777502
409217699
399019405
1443783393
1557695190
215350849
1876910261
1750271428
1407581619
354116986
1956853252
378885720
74038007
1149583342
116214872
1976651868
645889769
488200818
48566723
1302459297
10218276
1642336265
2057852114
580500002
1980378752
1647304218
645658443
1790720239
184956840
1276742641
223068063
940915314
645049797
611300679
690411952
2081652335
927098491
783483694
952112043
59774823
1852075514
1838420866
646256684
1742702896
329836093
760724324
1710183957
1397564384
685657714
474957829
1363611956
150521093
28654717
1179722673
1431387685
205419134
612058004
1036251022
242641814
970448209
839882508
1493469526
1186851884
1119866723
529318407
452059385
577562347
1372106315
1939522051
505990509
1294581322
1816783934
1696328211
858907408
789747625
1667103353
363633690
970246780
90353602
1508801484
398119975
1991458235
904906060
1474410314
1355591324
308607451
389690586
1358463253
619951741
1638197266
2112074086
1322421
1804608619
988360942
675015935
1603369868
1875519617
630048538
752588415
812411012
131543161
1145123696
1374305345
1155604526
1263006122
169588913
191559663
478910142
1697716294
266712395
177827366
1827255295
2083554534
980307017
79966416
1159059726
408145883
1198723209
1446547810
917079934
616702022
383116767
150028017
1588185902
1559269375
1661121318
1227014754
503048650
1731819783
786665979
1089773117
1254414958
674193901
2077457076
1960982623
383178093
788581473
651868893
203066757
478030840
1729436473
1966689135
1079350966
848145660
1810547386
1373037661
562360593
1853188571
806361566
1556948666
854404408
366884733
449861137
1943695846
154902684
1125938700
1044608746
2037972655
1684114477
1058278754
1297356981
980358697
661634450
1872616021
755961391
86017880
283871633
420719817
1726364725
1376142538
821774956
1853345479
482219757
752257885
244385103
521667531
144503542
289852409
414321911
1737075893
1634696637
1087917625
1257950005
1921120248
412482704
1298977392
908523527
1428471773
1942128749
676966919
1312677575
1650820195
2037838299
1532153092
372335990
598124302
1776311158
439033814
1339510189
768237981
1131083165
1369455942
616834346
1194334735
2020555757
931839904
812102797
2026729712
1635747135
2004559372
957504636
1860302764
338502565
1724378997
1655916765
1494965250
561819677
416301470
588630572
1187787665
2136254616
1008309216
432773365
1308293957
1142926334
1601310848
1085850593
249278171
1181461016
142044950
327920837
115477967
2125568005
2047511605
423993555
1808322248
862634612
1274960855
849789843
1649758544
1679685205
839418627
1347095115
881549318
1930200266
1556855195
870531758
1678852286
588978262
1218556231
815598280
1138165775
1294654472
1562344953
835481816
1210766413
544644056
2002276300
917104861
1388036731
884355557
35966296
1717273749
1150281415
1662671363
1658586041
317353409
1563413521
1619120300
65969621
1470222193
243833663
1855748810
1031797341
1308864007
1930039082
1420865913
49057510
448311543
1534711031
588545628
344773914
331448787
721579033
779852924
771943471
1135985890
1116661509
411271488
680341657
1174409860
2048358066
696534438
824558459
1516453302
1447642280
566578412
47292524
786343529
1055039226
302087064
966566626
1947483702
741029532
244962087
122185004
72699256
1938645239
660271172
1766537280
1055372553
1221764963
612062834
204942082
263375113
371242864
1573596423
498949490
287069008
312433090
587920294
1498000332
1019960850
472854078
328295335
1874261147
124291315
137215509
794322262
1213930906
470932849
1187886020
1067309625
1753854775
1170830171
2121457422
780900405
992567044
514659542
264276149
1180265767
370388374
825805254
1236161835
81439336
1395430378
651692821
1210689024
57253433
465170439
2110785655
155580821
1085129862
1882537702
103588710
511753082
1788774467
871302169
1025816826
733223850
449381731
2061569335
821519169
1963878194
655540581
580397002
152923678
101126286
1816846130
716020641
1839079862
1789798879
2145282033
1156643473
2084264198
438185486
741635660
439995932
1476762691
1660492015
1341874532
517350061
2118468911
422943217
1631299467
537418010
177781856
1624522095
1118244408
706103024
382566192
1666422090
1060615068
1096704324
187831509
1220869813
1168142736
1762321821
1338136628
47029985
1533251969
1995517768
937686548
600818879
436629047
1625720303
2099276559
1209455912
968743318
466383038
2095814526
1302666392
619748858
1036318934
2104893347
1377436857
2048536387
1002628375
617213349
453924536
1112910277
1286106492
1172593772
1399602197
983141576
802031934
416671652
1178642184
1730348656
2132359431
926009296
1159962626
294407756
624750326
262485234
1136365849
1526192398
1297809167
111630128
1016819904
1195650133
2003738866
1973202930
61468575
762301953
2077152384
1108491183
1663196695
602227503
912145100
1872902822
414339093
2144966328
1212819645
1295242224
1310779871
1055462764
1045041380
1381170263
593803721
1778325420
285609181
423310132
1747283584
812375694
2093704601
1147796249
1349271532
123156340
692139108
830203356
73583019
55273703
300491450
1600439451
195440066
24435764
166304401
1541103084
1104377021
2000388752
1667367145
1499108532
1087318697
959361605
1945407280
2018544567
693804970
1587307731
149851146
886342942
1264387047
184477038
251401782
1537395073
2118638332
1677135811
1402842785
1476969775
1229053663
252148896
2047670666
1612531367
135979172
426110150
207536061
1022054062
855386724
1976328703
765650488
1943849545
629519326
1497434011
1976345054
1017810398
379919018
1532658858
973438885
847417488
379388176
1113370627
1906847132
871523138
628807047
659644061
872589982
360325643
323016785
403981350
212670736
1431803699
1891221656
1411184185
1284368783
1180230829
1753594229
233493590
1794321019
717846321
1377774496
1171376381
1280429845
301187113
729757658
788789789
1190619093
409804794
529959436
2094382462
2137121398
804500245
439070889
710972494
1167760357
1598836602
2081276927
1723566941
2016149338
341546081
1358687667
2132340091
676428328
1325317465
1331797091
642274291
659978808
739624415
963278654
1377683518
731739904
1251550460
1883438494
1957935857
2000983753
2079048343
1233008009
1393276298
1292184919
679285867
678986438
1303639659
1483907963
1227603495
1309789718
842523366
1088025251
1222137123
1465633578
1599184711
1098953248
894850739
197560974
1055806338
504811959
216754033
1595760165
1490314883
291331641
969951067
973089279
1446746344
2056567704
1010113502
14264341
2014843939
1517852888
430974591
1848737410
1527717903
1873537903
1431870658
901582257
1992388034
501415809
1831547350
724147760
2077261971
2071681774
41824137
1451275630
947981491
1988740318
2043710400
1598468067
1827710650
886535850
684668752
1318511116
333370553
650432348
1996001438
670170603
427220753
1047793384
1522423324
595540112
1794722132
1803328650
1402382240
4544840
319898073
2136606997
317402149
1858643442
829359360
30680410
1271480655
178247794
1204725933
1244693651
1885458290
2099879376
825388570
1438966338
662455096
1545952509
1588990950
1867480311
1589681327
701769163
698997042
455701368
920532833
1718380025
1160008067
1627645023
1912605669
355532131
376346222
535782141
1571620323
850262931
372309204
1732814859
346706988
619895010
1121537083
561426635
873037763
389716837
1604487452
1996325218
1859713783
768312359
715535408
447892202
368605608
1148435641
337116891
1199857539
1810840878
1330146544
456153936
1664361550
274478290
1924585414
1234632095
286147379
1951495412
1755652836
822059039
786311480
283685130
37780697
869568757
1360518432
2421693
464819360
81389318
1249928812
18152074
607021765
927171172
1198446071
382843568
930337551
969087819
1625535887
1024542916
65046772
1893068992
62128992
1208858981
1548925676
2011250350
1432046726
330710733
1913513531
896383881
1532150826
257619262
1119348759
962708779
1618403305
574304499
612989023
1599772139
1116141199
825109173
1829391502
1997092229
1608648670
1026416930
1348527355
1214440237
1787116183
1687999442
1180415783
355584489
1673166689
2103318740
1894265811
969674376
2139455412
835184891
1380408257
1313231118
563810387
1146389487
140918803
2120103534
1903959749
939987910
1672896671
949657009
541717668
1755542464
934062146
1936148552
1031684374
784524690
886290944
352307667
276512222
649389381
474898382
1943943541
1341994107
1761750470
1271415997
67291067
1499099809
874739815
1577429154
2127613469
731071447
1311136985
436704782
54802405
1525208137
1724226440
666133322
1068772417
1965945880
1448475256
1453165563
1277419135
1835920944
484570832
965873461
901718279
1678276290
1116504986
511032454
873559153
1908333630
846362568
625395656
800702072
614694146
1426565561
1602061722
412957946
772122640
1958650638
863195916
266998518
2102112461
1722576583
1556546475
723434719
1196149941
1083522260
244022227
487576346
508703954
367488419
1993453193
2022348826
235210172
1281277077
1223876233
542266815
128911076
1683715222
2047994651
911133936
99171478
1383379265
1248570953
102064137
1568935021
1476452847
1615712146
57264285
426923753
143438484
1966544454
652488655
1311137050
1637848615
1732654002
1859432171
287678333
190216615
862008578
686106959
483922803
1305340253
51637979
1947542212
817454852
1756475105
993410574
567671168
730847822
714475466
1303713844
840895988
1956441271
852576813
891463771
892443024
1924893728
216334773
542791241
664960684
1395933970
1536784319
158524204
2000535541
1845941689
1071280524
615893926
2146974290
1787088863
1159006093
315995
767947204
223242620
1848974530
2029085236
909168384
112119266
634559317
2026720660
1174998661
1699571192
1878603158
894804551
1498029121
134935756
1177565990
295939917
2001025439
608688933
1306489460
1200166595
554215212
594903387
1247454260
1475938899
704483168
1954308171
726099243
2029810370
763417759
1574946065
964275685
1743399628
302173775
1470416195
1981346888
1329681798
1977695274
1652026404
926873037
1674018001
460957870
15397880
1267744259
1055214576
1853540210
1943073980
657174376
1264888827
851084289
870689540
678425645
614067532
1510576964
656536355
1960146196
726559354
1850156237
1021514412
399572870
2046611947
111215546
93844727
55316256
1540895424
1136262360
1780300665
362258950
179245714
100533067
1623479693
102116822
100883836
2003778252
244558887
718880265
1539632240
1631825655
224829415
362515374
1954211414
110272726
1730585781
1908126728
2049411117
1106582491
484267683
1265799979
811072034
634799439
586834955
1467754591
1972862156
1844034906
45869497
1646383035
2018703619
1044829703
229102217
827162369
946301936
2036657137
1127045092
999327317
1474365147
458596422
1272201749
363356157
1071062371
385089223
965493061
1597336697
206369087
2021428658
1625469265
1280237478
1068687111
1268068813
653409765
487960788
1264987104
839892092
1530492614
1354487204
497125197
1819710160
456676383
656806829
296151317
1459579653
809269758
1719717857
1042405596
370091519
905125335
438485885
1554179351
1875200992
571589662
62584217
1201972570
1554868260
225890339
58865801
2032968354
2054944681
1868280992
187080012
1271942561
1634774853
1554388270
1796601051
296486452
1187802929
585632436
1209340300
1268308834
139848837
258954877
295980176
1535175535
903416211
1807751181
1932265942
681477414
1932233900
1705345693
1691425448
402271249
1415820349
857752707
1045937947
756803440
493001407
2021654163
899284874
1776940539
2104850021
693446663
2022810537
1944131961
801372453
686069767
24859216
2114993196
2049522134
374290179
1310639956
211655122
1378741647
1532511976
296828256
125603178
647561641
1909699463
428902802
1835997732
455002696
1984432421
1643802213
742331168
1981962551
1958098565
783585877
1528513539
707371929
515683365
826073007
1069987544
2046207529
657214711
144556261
1949101443
1534462562
2141045986
1855143771
1152112101
673795501
1961324341
178004638
1311075636
1006714906
740064712
1250403540
809376825
1553298311
945411595
669933369
1922281881
1271966427
1136882283
1954177892
1363880261
1962899057
1751182319
1364322768
32487564
1841298596
1294903891
1921224935
441300395
1428555634
18464262
1310848932
817112069
634934094
2053722338
283544067
261979144
1118895388
2119184072
1863184811
1896162500
1608589498
269171136
1742687153
874686141
1587503546
173851383
577794982
1849780411
1965172877
677318295
1814034933
597195489
240116951
1300387957
1137325577
485054037
1077005852
571195416
175870813
1629005116
664417161
1358513721
177126642
102778787
259236037
1546974709
399474523
111255652
202721530
177987127
620359591
1326745048
1930188032
1738342181
1271362608
125888569
163178745
547093317
1624381176
2086370333
1070385829
1267534687
1956692919
2106306764
1010234543
1622618409
1125638048
1881728201
1884379781
425433472
779474350
1173458275
361391467
1442879205
356592735
607411697
29688837
1856853915
1497812282
887959197
1750973100
56293567
1211264211
514966353
1182707577
2098658963
453101444
966382995
455817943
1479740497
1467210033
516506665
1345875562
1374085752
296921946
862397353
1279239065
915060182
1500050348
820298997
402360333
267843389
115383889
1165516466
1453518068
1473921227
1577796603
1553429342
1825535449
1639075888
1454510020
314937087
2047875195
410921920
576849742
136808047
1361956091
1781498603
128262037
984043671
164953788
1523803487
1803289956
1687730321
1623101248
1411534647
1732895899
708390453
1407328092
238075912
1666693246
929779144
270494511
1241797602
1281500132
1247537595
1773350764
1885714633
115455926
1124995077
2060514952
1485974247
2060915112
1786976599
523681387
1929826416
1130192296
1015112655
237079025
1111518723
217381175
229390324
2064874537
1222257146
572094560
453467403
731377505
1803118836
289673898
474159027
533936050
1746131671
38828672
2076097250
271491229
270536013
165913179
268045564
118065569
468131171
1015348435
75373981
1736116623
1464789438
1802300102
1956544474
809048632
1731392481
1193285259
759083061
334814854
1026668571
1562601512
1835892997
341163301
1505142053
2069905799
1742809339
521080499
1914893105
448788802
404253506
990356935
217105069
524894792
78466394
1401258440
858172723
1710142667
2028043862
942834238
555728371
690087875
633368372
1965953396
559979522
753675603
1498590799
1534468362
1666614100
1842316506
126921083
971476631
16450820
997394818
1399693371
1631323798
334071721
1621473554
538933464
516007350
1774182221
468319713
618363683
636527301
379594433
926065315
1155497810
1544121917
2014242487
45574918
1775534711
444692583
1680462905
1988302561
851025256
1705502963
877292352
1063087013
1360067494
1471787553
1441670814
1506839289
1703615125
653152976
1047795873
2086018469
665297109
696593208
137697617
1462610882
1265806035
1245332457
1878184935
1976412488
1425182308
1211258946
1374178537
1555377158
945450717
543701457
129055310
1325599630
350427952
519864908
142716352
1531382546
787995865
131066763
1612261539
1801004137
1441972969
1135138646
800825079
352936756
250510998
37063288
1969970451
542535298
1944254298
824924490
2122590343
1867205612
1623512479
1154782825
241944453
1002187413
865504039
1744294556
1341199471
1189794963
1758600360
128716754
139786408
1208065524
71997169
367657025
1299970655
530823261
1212015321
1998197874
1060118195
1934445799
1761769636
757612698
992383614
586324723
1341847835
74086303
1078771170
506040923
2041324610
828057489
64299469
1943740001
597659636
2002645506
1916960169
1932645535
449013362
166162387
363356494
1997337818
200279490
58799203
785597562
1464429894
907246619
2072021415
1423280177
1425968397
216835931
149958907
1029850820
454611491
1906187324
365278958
1619623470
297452047
748152203
1570141416
1325437532
292289205
1975430557
1668255549
1740979262
528253505
349140893
1343326545
1758530448
1441637289
43446997
927149794
1620887754
39928694
563859437
841868337
125046895
214602697
1756985405
1246841237
1129994173
1063415710
940535335
2082501225
1875269113
1046895994
93439814
2133319964
2103735991
203920146
1972261400
1968213293
1221511776
121486185
15361549
1683430753
810042750
1869179950
956870057
342078427
263964100
259903017
1745373887
442568078
1303290925
153140170
1461722456
1226693679
21117348
737786874
7835413
83774761
63789843
706364164
986197811
1691655279
1904890948
1273499499
2086005411
505151326
273377563
414375292
2117896304
703845170
796482028
1083139755
893529352
792877469
271600429
1997006571
495290594
314622875
1145875901
1765635166
1654019482
978723106
459010118
944339784
699108055
1444695809
395521859
723466505
501591891
15364917
241727597
1980516934
919699243
471374890
1265494389
997638825
877648436
496065119
1041336159
1535439930
2093771954
414247849
1779695356
2137098738
1586784764
1148643769
1318938466
967125176
1449490723
404734689
1777663378
876977502
1920126384
151743914
1376591361
1584651463
1877779947
897424091
1260979868
997528711
1691344915
1490997468
1347079756
2049632880
1798407093
1112589657
381258758
892663409
1593700718
1214649194
274089176
1066223493
1576653570
1775946060
692216761
858808479
527989288
1165776637
1452843297
1546823654
1794440211
1888455605
954971788
1156265034
2093938409
1781713037
2008640913
763424808
1162640009
260227484
105930214
767986897
890768962
1843989164
1408053692
1992268595
261499974
660639599
816806384
795856334
1875340452
519255881
1060219096
1582951880
2087993688
1466187763
1766325725
1058405242
971378110
1806439510
298334431
1603350259
1521473599
512087631
1080513803
97898023
334106557
547450387
1970835909
1827257870
531972270
134668862
707141654
210664737
2089287878
149155357
1756304443
471826286
116678684
1362048379
119009514
454683499
1686682846
1117825982
2067380385
1484620386
457607874
2123592748
1020162476
148348100
1113650402
779294674
2052595265
254736524
659324888
1542282404
289775085
1760758464
1789557406
1220075696
438212564
869847666
907846469
915247440
1991709708
1698965708
1481859617
1522699492
2126221680
1081161315
1594763955
937386249
152291132
421989406
1004932680
652015310
410888253
1451328964
180442940
753184595
1522008985
383370780
1702809710
78999484
1933577881
703128204
31869589
2017062014
1339578187
1456299209
974781657
578379510
1938591260
522982561
130430181
283478223
1933060866
2097459920
25423389
199784561
2115728390
1178048357
1986368063
190051076
350691894
2050593497
1187056330
572221818
992095959
1987859135
1213443240
964654672
1526083026
2122644618
1509700776
877394399
661915710
1370079933
201874797
1232516851
865381674
146465090
2080809681
1323140159
622451436
1600247419
1170090836
1871127808
210927068
2020898994
2021841593
2056834332
306758867
194690964
1962900858
1737862924
992540373
2089301192
1252936274
1008370459
22423970
2023059884
816817654
1918778162
2001300197
2018795126
1254775809
1243647898
1602446330
135933034
1643877291
683928589
1400055403
1449878954
620860595
582569994
435525496
1002374486
998193769
638308723
2074458292
1167784033
736298900
1627299852
456496702
1022914245
1187403836
1225448405
1267524219
350368992
955938480
283059415
870553525
1720845936
1310416689
1132798067
1212254442
815023389
1262708866
1372599147
1649426258
1379123968
19742467
495008985
1805429602
753370469
1034959377
1166530082
1266789671
1892913270
1978272791
1829054630
2008461074
1057416029
1578515246
1188007472
784391688
1281041399
309513944
940149766
537841650
913572631
1859848970
1688605731
655751055
969483266
1639157303
572928815
1040572090
1864723966
178643927
296869587
1366978122
1013020336
1271384937
203103641
1685107751
625133197
612899501
615464269
2103026601
133243960
1905277366
108879663
1971846191
2116243276
2025832089
791923920
1876667076
894039007
779435897
559983835
988500797
1501340260
1752697542
167126972
1670511150
964482536
507029478
411042288
798659628
931964148
208714012
1565671074
658027401
818815753
680003946
1109073413
1796591202
1163682496
498494268
384037029
108359044
1332717707
862698137
1609610707
258484208
1245017169
604790684
199672311
483664558
829222820
403385200
885475930
727490138
2051062056
1204948278
634409789
152793082
887463020
952099337
1314711341
1683663637
336690881
1846012553
1545707487
1290589261
1526157828
512057841
2087144427
850028035
1870217422
1148370736
1576785146
657858894
1653437472
1255553879
93002648
313537933
2057500257
2121144446
616578903
1182806254
894536864
1423723905
1750447998
1278179917
1674511634
19762866
2076009882
701547437
1003857030
17167223
332512820
345300400
964306519
491984235
1803629754
982980694
960522656
854654533
423653487
1541967970
868262790
1411586663
120639619
401133505
424922546
384719530
1617810863
632772371
363490257
1904427150
1400203445
630656443
1981283225
1459100969
1836504005
801153546
2037167967
1675576992
1424006171
122067435
561166718
1987139088
1113597054
830880153
648177447
1265082447
234562671
1202216000
911931111
41647244
1846553710
1979918535
252675937
980423993
916177385
812769344
1684297286
2066942263
724030846
1108333615
1440079134
921559250
2036191042
302241494
10494138
1651728417
1808183457
1549745036
1273679861
1078709575
537723244
1995248002
325257687
467974331
642609214
742157235
2130870296
1463600973
351265489
1222760347
437111511
1919038819
1151582875
204667229
1672586956
442798499
1119093672
1911548649
2012698513
1864568477
1841860585
743954288
753595698
1291102084
606523006
1453644654
712821012
2056055911
2050065942
1341994745
153423976
844793890
1598062561
77450510
1434320724
10121319
1581011767
1342373847
359284333
1158231373
110333482
503941663
46031851
922341821
2012704941
1593631116
1764134927
1560648610
1378249152
555919791
1144777249
203868148
1356732820
2018317818
1187526442
612526787
515034340
1760677951
1680610131
230345027
2118210659
56186414
1923097997
844990951
471328765
1165331847
1467665032
345308151
113399392
563403247
1504670465
116438599
994851592
303661355
813670794
1547494762
857676328
655610998
1229640344
679937366
520205028
1816327598
1092007036
1344486252
1221248117
542325212
824693867
229402840
1529309467
703169969
912130252
448526492
2017497598
838498462
1318833415
764365105
157392713
146851015
2092988531
1959989844
1903432052
738478332
1711824225
910044088
1639799047
1954243760
664791543
1168019762
534009304
1701798995
1689675308
1461150793
759268437
1269041710
1982741549
35055134
1400315402
1597372682
824467187
2107039257
331020903
566980709
695645585
1335298561
658208259
121871846
646687564
581587672
599055990
1912166965
1180982398
714349073
849991023
896630800
852770814
860335919
148638017
597742478
525881036
316622900
1511318743
690955719
1708391953
1633578283
1859716588
432535816
1306132131
761630337
1291178871
1406344580
1864273406
641365962
68296371
375093893
1217598544
231715857
1309301593
1169087172
1349143218
263045035
124105628
219678786
267798504
1304129451
606997132
1470795199
1429920120
2017134149
1328696969
1608760240
1734132204
1865882430
2013355748
1028831400
1238129781
1132969106
465446035
609363278
625809831
180377436
1448022165
2013570567
328382333
2062219336
492407932
133634131
1873293349
585725731
1555232517
2084024541
17346730
280993032
578524296
516454431
1767946801
373160939
333685073
2145414937
1082584988
1160220360
236107591
533366875
1941326704
1098215642
244315130
1818266227
619117788
1550117386
1350386645
748724867
74316218
737841203
1664817326
257226651
853422624
419995015
1835249490
1320785481
687931380
1755025856
630323361
1765247644
219673546
419701221
119343261
2021280504
796096261
1744239440
338429881
713235458
471381840
873311515
152799605
941114627
1138626697
1437552803
1655757183
1564623422
1207299854
2070915989
1098650252
850632223
1872534087
919337386
1856440619
998575296
668300415
820188146
108645852
1499531941
819108830
1252829879
2023075865
1733313735
342173072
563145118
516359240
1185711754
1035330064
1418138126
813664267
701784330
982941542
1079480898
1338904803
401791877
484936711
1208381972
1718776456
12287652
415010626
1555637440
539568563
599849273
85893862
1104222220
840013313
1568756340
514754801
107798434
1439285289
1487917692
1329809917
1416717959
1083702319
810061799
1702315539
2007601472
2097501104
597552984
509780393
1999504364
1057212977
7309928
780810246
1196079184
511857954
1225604089
851358692
924824740
615187540
2093450390
623668564
1770798883
904956185
1531242689
1531589064
1741799824
1821539381
2080655360
1624977739
2032190600
428632484
1485841253
234765229
1983861170
294218103
792349295
721082550
902412279
1346743480
1080988120
2035499363
702211550
808488143
1318039786
856663513
268779554
533323588
1997061754
1487418021
1373022054
2126092988
175174503
2072139785
828294402
764946943
623294042
86829089
149663534
1352298558
1968672034
542272755
529753279
920916670
995136661
1215286289
2074214365
760976891
777428548
343237430
1753431677
1194814052
373345999
1875660587
1674862129
171542407
1577108043
1840702119
1043112815
832574692
1524577836
1949618592
448385296
1262278894
1601627784
665763057
1062691673
882418757
1866148287
1555333935
1784139948
1657379384
65465597
1529558713
2121330036
1431413781
1386990872
2001874147
337830504
489654879
1552646244
2073704936
1571530325
1148230118
564530928
1876173896
1624444225
118878521
1521496490
1640312984
1412901715
1454304702
799407970
690008673
1900567207
444775043
306289018
2026769660
954262582
2005330050
859192811
564283061
1596988930
881001985
184828000
1692085735
534694136
965909199
1393338988
443224514
130770854
1114232331
88968868
1251221253
1802605571
1562468474
1077484378
2110369934
886680508
388126127
1083261966
656374581
1111258591
33686744
551057846
2004255962
446919264
1729546272
974556528
1985808755
746305939
1856810914
1798755522
1838218444
771186814
1406590595
439735472
714320352
2092392614
1932177763
1532435200
721614341
1166732400
81787986
1625806343
1631288818
238780714
1501751698
1096830194
1657744865
577188048
1741967400
925158394
1754902202
1663460698
225984768
1758272117
561719264
400248775
695592036
1008750647
1338444515
467944239
1762337417
1074695532
814091814
489445999
1904480779
2021107814
1125675109
13024136
925378241
888409287
30594418
182193630
754110364
1721443686
805954973
1126149224
680474511
1921217647
2005836020
2070635775
505537198
1994942629
2090628339
1832221399
2012291738
587615904
204747528
1305731813
393401766
1320269515
359113124
1727511213
1568587924
553495277
569674531
716695160
1209147048
896564918
552160610
1977861410
28149916
1972232576
2034156530
2028602948
1629451303
290833267
830688691
1885271639
214878734
1347647606
1080412018
1243115268
598112195
574045170
256932568
263049145
685891298
1772021500
308108712
1787720020
713579326
1897778928
1990779052
1697038839
987686762
652299209
776579781
1263358539
1170552480
1722458930
1666171063
792323824
557075155
315859413
702844181
1757252021
897005352
1948163197
847846793
1697162685
1933706068
2114597295
1681530842
873557236
1796643830
568847342
1096340588
577047465
206910043
1798350216
381434835
235968327
1532727629
779182887
1492170423
679685832
1740548760
475521697
453032590
1395182355
987560366
644881430
69512130
969576771
1327910531
192113091
1590244309
1920444005
1399066960
362418263
1241515110
157902480
366711262
2027671498
750847141
676379495
2065370754
1868901400
601512645
1963972314
1784086837
2104361919
1341657009
13021269
90579227
1967484890
650110458
1361311900
1549214941
362246222
481688647
821226760
1538063074
1600001618
652432622
626596884
1105627820
581589249
2031146533
780787986
1868285959
2027663220
1891028735
210631376
804809910
382499190
251817318
1779880292
1451150192
677141375
1258881511
1108145713
1055999281
277973028
1765498026
1657909673
468308700
1596045602
1032106878
2050053756
1741950019
429658351
2039426028
526017571
851063798
2088489643
162714179
1656703707
1858267524
2111251210
605722288
1648089372
1190542590
926496514
595241879
782226644
1956919187
874889119
609678212
1601084484
1056961177
262394128
50909780
59817944
648372356
2002536068
183910063
2098436981
455647181
1707862913
336007091
2043481418
2107859177
2140499172
1440572734
1579266013
1931150274
1514310343
458725301
2132236880
957994577
1086886612
1245578181
1670907847
1989470121
1569537541
368412382
14926233
1312961949
1544810315
1623731212
666912819
1030948582
422319733
1506364846
671560824
359091215
1742095553
1808078868
1278761033
833263952
428813615
1076659330
234080669
1213015521
1572610034
607094580
392372987
1691504158
1914578581
116369794
2073410722
101994312
2005759310
1165544341
1226568318
711173023
1102249259
1935804618
1987109130
1865019125
2108013194
999348061
1560292235
1211579010
96848087
1976440043
788264401
799596916
1892621582
37032590
680080055
514959641
1732445281
1406189804
1650784431
1442344866
698486260
243582341
1998863442
337269454
857665452
1246141211
2122492344
1079549711
1689867002
1025282903
1370637641
1025947050
1880818943
