1684187306
1209139370
1652985324
1896548608
258576492
783939731
2122298570
943529488
1928496377
1921468228
2083739730
638240218
456010790
1415898245
422502398
133059792
1170594113
1838197677
739086490
1609963086
578214037
1119485835
526364785
1982324029
153294684
1453029490
1218360895
636945671
2117320273
157782350
285461171
2125539264
186832285
1925140539
1857664798
1611548021
2081008612
548958384
1858047366
556362861
1789591579
286750526
717286645
1442596620
1450020081
109117209
1212899631
733814086
479722871
1499764515
254566884
202789427
1834177573
1526827302
909747467
200400925
750324147
538480250
533474408
178551159
1104178949
877136913
1992979077
6477754
179764112
1738694777
357190737
709518688
1923971564
70833
906280804
224560670
1499274206
1869614374
1334050411
35594583
2119594751
2145844276
318454066
549633223
384312905
98556333
1115860054
1567232629
712137935
1803818912
1581789701
1258652887
71004045
320552878
603293920
1303141404
1156216639
1648894213
276025156
1389865788
626199948
371456029
263957914
1989403200
1965247985
866026171
624680382
961890642
60431156
456648472
524836220
1467893997
1101139999
345570203
1659890797
167794855
1691707867
1203788998
228478971
1258219113
894450924
1372900134
1658142769
239196046
1233215195
1074829284
69403243
452156819
364213901
1991526564
1511135702
1883233290
1058399925
481496912
14726547
1676607175
1646558818
1494860852
2139244449
582342916
1358830568
417133436
369488169
206803040
2030470044
1744791165
2011667390
50561401
835517366
825052483
2012653010
425097901
1053560547
2011590719
66158233
1621321949
1574097715
206129648
29543931
23623342
1190240320
1298907341
1689343886
993897548
1466131820
370003673
1989732799
99442892
149624441
1134965610
798682621
2060262970
2124317118
479273941
72036693
1430078119
1589178765
239857092
642519352
1381837
754940103
1465925518
1515559958
138217127
322723590
601963569
1625809256
2101289488
1956746665
1066825895
297804052
1571309630
1640330958
369725041
1299638295
1066569604
1421849733
1811164268
1644360031
276882133
1239374364
789285845
532704606
811712155
1803775501
1076862622
586162396
1872578430
386902276
958026516
1212866019
368033651
1497680371
529452897
1988663373
716620964
1119541349
609929323
311258409
595404511
2092010226
59231510
2053385070
1871078376
1427260079
880110772
991350236
2122195813
1008276397
38478760
1052252369
592533336
1509460351
890881000
779064963
2125813973
85753162
758583715
630147557
1821588150
137105933
1003670084
1895610461
1517893716
737514744
1153004465
1295872644
802413507
1712907247
636140213
526393734
471075819
399377973
1006910829
1093002164
918945314
1992080987
309572818
449474480
1120450867
2061751957
1479886131
1622680874
2111209776
1109799059
1571113816
965744708
138187395
113619274
704034290
850183533
951305253
1430464737
216750129
1871170946
1502554978
536924409
2121711176
1262139251
829408952
239051597
948341735
1796395756
297368757
98490936
1246313638
2127753259
410893361
1737333656
2006273067
202247718
1010978128
178645932
1291182461
1201953532
729009379
46782444
729469940
1689296611
1269881771
1635507821
102039839
598550875
1229060658
489114578
418197834
1310618760
103408176
1481865061
1388369979
1303621584
1022175191
1723049940
327261949
1617698502
1496026903
762775557
1621494170
829670795
252410453
1031465527
5263030
604788935
1851199068
518854841
2114642149
927191924
1852315280
425328897
63916450
785492647
1888041091
1934392712
1422690934
1124456254
1305054622
808774998
978599655
1314972623
1177969029
771169439
1986766658
451006359
1632172878
1224664288
1680282973
1157844900
155190316
1859057471
278859277
1166174892
1390350059
781531036
1790623712
742617515
777437001
1185260256
940212681
1359734348
1586518999
1060523977
1150982617
584726885
11837406
893756479
720313060
632491322
2137523208
551750332
1690467910
1732627526
1907678679
1375790454
1910564838
1692151915
1689867847
1367639646
730318079
1742991537
492499388
1483176374
895984167
109053654
1995199651
1543123143
51466653
616891895
844576872
1452160824
1478338077
129624541
472511251
1552706917
2090818124
574910759
1723689959
1912640506
971757226
399018525
1227497963
1451877468
728781634
864071830
1527868877
1131565657
304548058
2052059049
1146327749
1915336076
1547050240
761976960
797614356
982121448
1529781511
1789613743
729229666
559843958
366237591
1287843431
527250615
560165764
1271475986
1610391843
1749192647
2089671191
1439400853
766179449
1060936655
546146186
997040462
691836623
1327359782
2052295080
327831988
1705845200
1924985237
1625495906
178267672
1307020795
1039915388
105852554
1730482000
1119490205
1923534861
169214506
1714787217
1016581437
977505977
829652897
359788888
130305673
267502709
1045003263
1765580266
1358360732
1566000212
164703701
955716356
838146246
347575683
1219295567
1817804782
758384059
475474222
1593968003
678531304
255751175
1829072355
180743702
112461381
2104100071
114078894
1682518756
1657176533
577722412
1434299317
215713089
478438234
960132860
1451897218
942213267
1438325427
1954248808
766573342
1131489750
2290765
1264735581
537703986
313703952
1656993904
1544919840
1158313163
2027951208
925305119
1718731362
1523767648
617566032
984194273
578003184
65135315
2030833839
239880028
1047136625
390694180
1369996075
1895995431
1567373371
1070962036
557000014
933130647
1353072413
341327361
1152567458
1758602271
660178736
1230738090
1649746698
2096320081
841996142
2084629838
943032068
2063954432
770122715
1360806166
19389759
671528614
337514266
771620590
1252664894
1685081088
858440617
1873979892
761066496
2048999303
34306964
918180840
2131502184
717399668
1896506007
1606216889
538237869
1714931958
1340243222
278893658
2001733388
382156354
816166428
1630420494
840684921
1937293303
472032969
28473416
712290633
23026855
2051868029
1760700457
1889300760
773170956
734770964
1071672811
1700309193
781228418
593262538
820667241
845735906
286590055
702904269
1719470883
1257807715
494167464
484684492
593303923
1526728435
430404576
210863046
930183541
717051831
1871252147
39315410
1523810568
1169345639
548856193
1699005160
397431828
378658547
246103838
122333074
602161069
1268606817
1565209857
215937923
1894898375
510471207
895510735
2001726315
16336481
294642050
1801540344
837824673
2021845935
1729553657
871838281
1251358573
808536678
987365003
366058974
727123543
2084457027
1540884473
776477397
353179308
1778148082
1276614328
1631222237
1649496318
1858696833
1962212254
1093532164
1387476474
306004213
548637073
1907679874
1286076500
1211855451
863188087
1947310617
1640760564
355995849
1048573398
243066639
264856282
4836712
1489897242
1308631888
685796738
1281943166
2132119642
250810349
1791179502
136894582
466434389
1078457898
582191942
1504413399
1948661231
1285686771
742032475
1635902236
816788637
886120991
1884204858
715045789
205985564
2141278803
1268027000
413242795
296941202
500219981
1204853159
85984058
742598280
641518444
1416736921
334863824
841570385
1927234401
1763112596
200449245
855889792
369059374
946894657
8279685
1019659281
1334549664
674877751
2062554312
1054418319
1189410102
1776974312
466498530
2111958958
403572352
650875779
660836695
1155813694
1144633016
1344337229
1793184292
341434799
954248117
645391607
657228786
1293189401
1500266326
291635975
1740455311
1968811142
1217888782
15496997
1493993745
99433922
580839089
2045374172
1425489791
424747401
1720507863
1780294296
208513211
1960157857
128943718
1407293017
1903004312
35264679
1063775863
566749675
1049974812
730873264
457352735
653903724
1164956365
2058068599
314693222
832427155
1937642580
1732595984
338988287
1982776022
1533513225
1113325555
531810143
2010993894
1370630368
1727617395
576626720
1614600723
114995279
1692476534
2098752185
1336899499
1678955101
1831575386
1896448714
279796252
553059710
1157054909
1469137475
41710826
1225425910
93328981
1259217680
1230801653
1354582185
1621653197
856593911
2090474197
757808578
1882466731
1123364811
614022308
2107802414
581613240
791520793
551386689
461464772
1108038691
2107398978
260491177
493573848
1054227211
715382017
2025822794
2056474590
604995668
175668828
1086442637
1479422456
255970366
1421280190
935332714
1366534127
1513834415
1251466606
1934309789
1953852504
1218386177
1179034534
286918644
553305951
815204234
1809904397
967546758
812445090
1667414491
1444908510
192524902
1826305283
1724503423
1710837453
2063634096
765598222
17100007
1855012307
1235279397
620811172
1945007749
2132647169
671722
104937915
247288327
1737805872
446150038
1974022685
690120537
385635273
1450374086
1728603643
1467786257
1742931561
2095803221
1605610657
1232384582
358883822
14414807
1484971284
1657007839
1083093801
382900634
1127247302
1463956202
1996371015
1849900882
1638895349
626338774
1398752237
1280078847
98813702
1817719828
1400045316
1221850489
1038113888
1563760640
1917665980
1123618825
2130679123
1023655732
901552674
352814587
240314776
502821669
232617282
1918383770
1032848250
1186558762
1554484977
1925944531
1617254164
581939660
704272734
1167559431
1748295110
914812930
372283505
514472963
378475167
960800508
522517766
545791263
1112727664
1303251067
2085592796
1383406207
117726835
1545736304
1804927039
311444271
1113098595
1212755503
1954124557
851909126
1267559188
1506414958
1344980498
2108293869
536539634
626459607
801531812
393631949
1289140224
555706620
393693676
1948648646
1601359646
1825063783
2139872724
1029006864
2089065565
2104509288
2073685710
584634572
1789356305
1249966408
72113200
1991199342
538329821
2121921526
1739779822
825477492
808194970
1814587959
1399579
1788593566
1481644494
1551253608
231540288
507833869
1912282149
333334618
739891078
1013377279
2105281192
990653311
1833568142
479079844
399647097
1491050705
2050834413
1705181231
776916259
1498584350
689348864
2096529542
1351913248
1028857733
541604567
814412656
1288928700
349090676
820292502
2021806605
674791175
1972914417
878003744
439071676
2046972160
217529347
159106126
1366857192
1683968079
744570557
614661162
785221437
2098608747
1668598627
1781436831
1082251332
127181385
1542293930
1261438690
1917726701
1753630213
1567107956
1475068297
1578399452
1095437901
1543473260
828828906
24069640
196911604
1602810340
1273093053
709630702
1745293031
974935733
1274053579
1848836406
91909271
902622375
646415006
222742845
282024884
925917661
67536369
1859033026
2079384060
1086930783
521106636
319455513
1574106993
1080252833
781615580
1915340743
393546394
1753018625
1750958196
1709730817
421338150
1203834166
923296173
829098608
807974918
1109649249
110477688
92333926
1451870043
1625249723
1188983442
526154828
212514259
1165586521
2071203185
1642739589
120670179
943790126
200643378
928171133
945403962
1506068465
777189543
762331585
2013095361
23182061
1587698215
2028605887
1598262594
1876940331
1033021227
857168099
1204164337
968151127
2103289095
1054683355
1228815378
405574571
1064441309
1201459223
1769855318
2065277173
426830249
1466963348
1009593162
1729547874
884080925
2100238912
1741216086
1943184789
1309547170
371933420
862933626
125589211
754839347
1474195015
1701450369
743791509
562692232
1432070764
904070520
1924303743
217515330
476998040
402534737
516265047
1459231379
357542060
442454781
1615111233
2069995496
1197602326
1398754185
1805490150
539170103
607668662
2145134653
1679462093
409911069
253416138
1103086658
2065824235
1864002522
697062713
1068548824
716903338
1855278557
255313075
1249494603
374743117
2036061547
1966811644
183536730
819224754
2021508854
970463931
1561332702
1223541024
622014407
324289115
1410715082
981152071
1497238550
1260831274
901141998
578076346
1641948545
1729661443
1287293471
257109065
657662304
1951760475
1043334837
30495402
1118703278
1717415139
38769643
826043102
2131860646
1244087196
2138533454
1580563831
1771547217
177637773
834826196
1525052910
1065177640
658840540
2129231608
76833194
148796376
1054019799
1811793623
1865901721
1451515380
1235006911
262797699
1614493616
555957838
1777034788
275491648
1012650493
455957636
1118826799
1324713283
1390060403
893071712
370540757
971861686
2084421419
51523927
1712900125
1482314161
2125406016
736156085
936507377
1242012205
1712460904
454291666
1058113112
148466199
400600282
1323847566
319539904
113007855
1509931100
1018100563
1942643157
1456922662
34984279
2092643408
339889347
1361472146
831360203
1557830142
1126976521
1943771987
937525276
1172172897
1490387419
461938729
1107791231
930765955
776676310
889812611
80178689
649439162
101973317
145529329
2130233859
848620721
1524300251
1981395088
438426218
1539302764
352081626
317915173
1581187202
1958981049
1955980392
779064256
1363756435
1293128044
520583607
1100341467
235398394
251230823
953718273
1147266573
1552754798
231901828
1797084092
802944040
1939483212
1333714062
1176236300
441852827
1292996358
226349790
1309557919
80746999
1482485985
282925574
1969895378
2011053145
1890925182
1600692267
665329960
517831631
544812463
641150787
817130288
934612058
561796307
1059136939
1276242299
1754652654
491711541
1886109202
279266930
882479263
2052950290
1551898186
1050960895
1254434202
578944648
1209804033
343973777
1219807127
1336358221
122003634
444914421
930966363
427975813
2116398767
347983674
575000749
171048075
1726614924
896436450
930206002
1296143688
1668628584
944023642
1787692200
658336514
803481090
216249103
1287555695
1981849472
838301504
680712283
555053841
651208712
1422174580
1770116062
662858494
1170403232
468052687
1873449814
955726811
865933938
70976144
894861231
29977993
1452972596
1585932370
1919912226
500445258
1434595370
427581658
938143650
1853193842
1830811013
799153851
1237384142
369448017
1681770323
1962922015
322186458
829353162
1408803940
1713197127
104345470
190837956
342136348
1216300666
2101231374
1733445784
1845375334
940412929
254560988
1043487983
1002448851
1891909929
114755342
499782674
692538222
369932192
1242250652
1003236730
1244280321
211380256
1045459866
945478465
2096726508
876476046
1783227376
711099741
1642389899
117871057
1427720292
65858038
1586844777
599489376
1590453106
1967072188
20984830
2123268441
1815118640
24663760
693067297
1881343413
1371138094
31811906
1133142279
731519034
987746507
1641574406
1617960807
1423680704
332648949
778507850
1081849232
2062902654
465921375
2099210942
985375736
2064276461
934014340
799401115
1707365179
840490096
1014924266
559399272
227062107
1198907267
1237376742
1590490580
1466348274
1590636392
2096861057
1882900783
1909311978
1057045706
858518105
1599905803
304974097
233950386
286701477
244672089
203713114
166116545
1956304458
1883658538
242686996
1826570830
1289637649
582777348
10694229
1126496624
451090542
1942016615
1733941212
469895683
2046298376
1694329874
1352531661
313490862
1005497529
1438461704
107942290
1836346661
1676746816
772725520
1855991731
1862124344
584174406
669394167
371063675
157208816
1624492823
462134853
800747554
72985098
11996835
1855331211
1506066143
152232283
643698873
724571727
1010972383
16954841
2000185513
389334758
9260343
537245012
1172693909
1339985093
1651077069
2045772876
902971932
112310252
178461362
361579044
308813790
25800155
956251585
247340941
460776024
2054283386
1677816266
443476248
489093311
1480417322
1089038899
1502900654
439888687
1606694890
742828987
1743774435
1657580035
2104795773
1470460189
1817110374
1004195467
1172027898
64621764
398737421
1206290181
2012842615
902894122
603591251
299914920
2141489450
487791652
355444470
2033207005
1223949051
618216875
2104997172
530789681
526132709
196249256
914490184
126329693
313746497
882766266
912604239
146469893
134930821
648561248
1110185678
1178834670
319995568
667735793
1647714849
1318057164
1366601456
605670313
1740085266
524383969
427220994
2144665001
512271211
47723296
2105509119
933369042
1434052848
1393491182
1859303316
538666250
204841234
1129966038
1472631259
343625829
1499681755
832492318
502465607
1073187275
1231369252
1424554819
733108795
146890665
1770151893
701537813
452410730
531811121
1489455694
1950393374
1474024318
355696004
180725065
1742014395
848621795
1651058606
337196296
1789691714
1576075958
1539642308
143304528
1104602410
450138912
532392074
1811207712
14777084
605814629
60182380
1719491504
1992426810
1431968687
818630483
1278000634
948891946
1998012620
1473870261
1807085216
1745118487
682558046
1705200128
171690755
391580192
1577062437
2033457017
1071704825
337588030
651899713
867551551
201475515
1292285838
1573714103
979680913
1619822539
373441667
1909530301
261136013
1959442808
1838976937
2046373539
314199629
2137109891
1308454308
2021491809
993329565
1923662889
993117232
2070565303
1574217222
905882777
1093173034
1998099891
2041433734
1413585580
1058601837
268148708
1435619548
798391444
1715223115
339485014
1485611020
1830378491
1532640384
521330292
1265766459
877993166
942680838
1341173232
126891865
1081050874
2145450026
265778933
1310068336
1610406545
634038826
1514393536
1490064037
1710505743
256410505
1426411098
939052350
1824819749
1780949042
174100711
1830975862
1600176083
1684872178
2137565979
416916691
1482296738
2047858519
1945186777
1616400580
1638120259
1564482985
740613888
1884238693
203204816
1789032649
1666589644
1755009236
690016599
1026037957
1863629368
1575816362
1363496110
1535921905
722611935
208331339
1356760207
1780699516
1909813766
135932345
1302877040
1543362535
1601244470
931339174
1981541634
1914184378
827665956
1457529894
1336654731
206940663
1357804357
1102414203
1069010866
1328586590
1265073815
537054008
1957178736
680897835
489979271
2027667093
1873169525
34514010
1893045942
1131195879
1406198357
1927121557
607367925
1934689163
378863762
1108268144
1711000867
628136131
1756096284
1095060958
2108583623
1317659192
1388296135
477825299
1268253910
1029613427
406095693
195413185
1357974915
1984714160
111934035
835637673
1042320129
1143211634
1336944899
2059712711
1441250997
1486132132
1104091557
1838664333
335210115
969039554
1323484569
1411751518
1539543317
1555420646
1192811004
1171811145
267420720
1341529125
229684974
1505992557
1589231814
32131463
995892786
470583801
1622612295
1152269021
89903328
1046388845
956674249
149116403
2123519667
578115119
1805614418
1797482276
640569726
399780438
1252214938
1566372245
1194404176
905103225
1867472776
1879893731
287731279
1496564382
930218893
603920782
652970724
767627959
2124049627
647176347
630399399
2080666318
1604429821
656277479
1119828004
251645637
1290720283
990346272
378401593
1898365715
308336955
1142600933
1876063352
94428431
1709067840
1113371278
515673399
513477884
1054100110
711757731
1988857105
2002939705
86666741
15412704
613986793
943084519
1741685704
859999132
79812952
24603515
1863791366
377405433
999876423
776220218
771993585
1469341089
222212692
843030473
1275755231
945929331
1040189363
1895960375
736216510
532188484
408276706
1305187797
1644620774
23291129
1742654105
2014568256
1874136752
2010183168
101902052
109825346
1838756034
667002501
521736961
1342588885
1132022509
689427834
94964724
394093587
1221790002
1709002619
1325705290
85569422
1174982798
1215139091
928380599
452203336
1989895923
2033531070
909626754
1035167771
1893375248
1661460798
1890691226
1479969531
1146741224
141947141
2144067218
1275621054
902659286
1910437800
986918908
1580856175
1276336061
52714812
1369624577
1992769134
208827284
98715322
71407639
575263884
748878043
529090888
165892858
1999310782
678531501
387517854
1928623299
814474494
108477698
434474070
2041764783
1601697049
1605468278
1910346939
226432875
1443922678
855331749
1471070552
1971368824
1636658262
932879368
949972659
1317060235
644091579
1517398700
1002493982
1489924707
1135993141
1241845447
938568867
1341621894
1622527114
1533736621
1825569562
1094390709
1045717139
1875782652
1688457745
2128495923
1576743757
987388198
851813476
1347899395
2042015582
290117210
775821657
1924185504
2120048755
601155104
1195857685
144761382
1574946154
1684606734
598299150
335832042
1880818093
329721708
967580526
2052850737
1377223334
829874757
1947906781
1823632081
1366365743
1555527340
1736550449
51940970
1097304463
1322726342
537169836
731786518
1510757756
19549946
149722684
1969128583
1050349995
2036187038
1678941053
1274097736
1752923226
551107252
1684999012
12171992
1244820630
497659252
571688614
1639867462
581250989
294294121
400679614
1202536680
1509797930
1535070724
2028713567
1424449458
1914565771
422550882
2105642892
1873845047
1935389084
619249418
138154664
145408472
1045402382
1818571825
2061683829
391072784
1153569226
1782113699
2050417774
266033063
1019839038
1558048889
822505557
202181522
1197240973
1556741011
1460107792
62675805
203898553
1957575568
37123097
602148425
219095550
1166043206
1794015582
1018375002
882127085
1490400275
62091855
274157548
1584797603
1518143769
1692959559
72509535
421633056
1961950094
1768168860
1713168199
1196233839
1355485450
230195631
1555182230
1868633846
716121483
248275230
1239363523
359738451
714801200
1505877531
894146107
80428816
1368143582
1229241533
1558712257
334725789
235239687
2049064268
248482994
1293873320
597273723
492365235
1478750485
8171656
1713669575
1981093285
564950601
918209585
956751052
964819516
1450118537
503833250
672457347
2009046532
2014222438
163482576
669003478
1155300124
155005531
1042908636
1904876313
310025548
2096369462
644403052
1004825132
1228563279
639744247
1066964116
1489102480
1916445867
2065856057
471114305
462010685
1205851377
1241525174
191157590
1231364636
1149695497
1261564253
187936067
1394625214
1032703766
1785294398
171580744
1928213934
500503796
1143690170
59968341
1886067506
470172920
672862439
1314934247
1617843460
23965079
587087316
221147935
1837283473
1839526091
2034942785
1438021737
3840052
1196868740
526836534
569615348
1346286564
636134174
329662417
830543663
669227689
972694249
1986963305
289616566
1746206236
280576469
450283446
688948617
534979251
2023530565
1170656549
2071535497
963673157
2052776206
1647902752
328202220
1647661668
1644614883
1828846511
222127335
1077416103
1697272347
1799848489
1663678458
208915677
744137460
50992886
40302430
1890384100
1329959824
2102536543
1181988168
46156983
813088914
1299698551
745318029
602898880
998271248
2117156453
866528203
1425569221
183668805
2094292947
225902678
224429803
311928555
1290062694
675395039
305708395
1253692886
478133365
1567975039
1179844839
769845544
193220886
200551987
130573305
434931325
833723776
1963001512
1715545206
1225969002
1753980035
463000531
1645803381
463942958
818975718
1631576201
1427721266
572119026
363580909
591223042
970380777
1050086187
1497395457
653250141
898176951
680080940
908736958
1926629148
1733734688
2037804752
1016903482
408717289
910740948
1896582551
1129566451
1858167576
613973498
1651200798
39794898
39087115
774358930
1223715850
672593122
2099970125
1120052554
174965326
1290482450
1417969888
986188721
1433070943
1369974322
1509097576
1315399812
1290019298
934699251
730837934
1836858841
1227703512
1520028165
771126345
1645860646
1936638700
1313419766
132175595
68515438
2129737422
683846876
1794963227
1227694230
1822259886
457163989
1499670684
782049506
137210125
2080736896
1678303908
1287927142
1227200789
199491748
1517528884
626717726
814753410
19956649
168867721
1215065298
2100821928
757060997
916381645
1546238742
639254219
1652304417
550540746
1572298098
1958009191
1275658300
1109480083
412477494
2111986029
1313147985
795527087
1831171154
601187476
587589039
207340492
1423996363
160932713
847871816
40564993
616025846
1231099477
1141208799
869908636
937741799
1981183284
650483618
2028414012
2064082481
705465608
1859568351
618711795
1661481421
933969281
856448069
1562975519
1797006807
1541937807
1696780974
310606299
1470730158
14234087
1064104803
662041562
2085950553
320011982
1397579321
1025994025
1888179640
1284541150
413298840
76326192
1913727711
1281960903
361791848
726746127
1078703126
1680999046
568397694
331949293
1298091342
1401161241
694389860
1340150036
116566306
1256318629
2054428932
818857578
1415165896
1867176305
1126741263
515692520
31258960
148634413
35387271
1215958256
2096190001
2058899414
1789629799
1816311725
1820482409
1226864650
45682821
597827814
628087726
1151458650
1559663322
279578750
83920845
1731452942
916689531
515439247
1529458906
1756774353
729391406
167627642
1452168686
772366153
1374155661
1974824322
1631893892
989013794
894532381
959686937
1843818893
1644669134
427520614
216910633
406380942
1408520121
1170302509
1468481696
234827712
2086973082
1683151852
17367915
1352853193
1537407532
926781771
119218879
1057179542
1601457699
1703339420
229935968
1706044729
99365003
632776468
1028715757
1058716915
331760850
552651257
2092466573
1733075235
2008882982
1738515793
79536895
179934761
1837556816
1984792012
2052134919
62329148
1459480067
1092304721
1291255436
381030781
328107317
542031050
197660333
876155329
563273263
1461341973
1020318762
1370059517
2052531428
1201954146
869444684
857622347
1002925021
896436753
1722938862
11542269
410342861
1238258098
1069144401
764489438
647437108
783123099
775211240
1214122254
357173798
428577813
998961713
1517328380
1311626826
309813346
697119552
1999436679
1997231851
965254005
1962044762
1346447034
2112913286
561900780
145741258
1275336989
673043624
1000087411
715525300
437474723
1187594106
39567669
1448583309
847774030
705020299
1028252846
1649347305
174551048
2040794279
217243567
2000077027
70032585
1210729011
186034697
1877471509
1382299802
1145767393
2029029419
608514075
2052187405
1066783852
1886206169
1098075475
625867663
1682837926
1732494978
1518827424
1018449803
1477783291
1933007403
1407001282
1537456053
1701401556
1143725157
1946588239
193354530
1974942890
998425450
2092683700
770699698
1503285705
1067431043
1083630576
1960044263
539726679
240550993
432003819
1095565021
1162901583
1894003351
2143495732
45974370
1331948706
1276062115
717029450
1007781763
830019508
1369389036
1455509079
433193187
167185911
612567233
2030841533
652403272
1548107717
1285050764
1962320116
857183931
1773674849
1580024186
807087669
393590714
1156901636
1768241350
1556877484
95660138
882769476
993740883
1005650801
568713198
1313969074
635708487
1427951042
586167343
524940944
127190527
253186700
176623377
1900390036
1199096920
1621296879
2009402975
972205144
399082949
1762959586
1752161658
976140116
1201768928
814302276
1952321343
1078416276
1490727929
1618792642
1464474163
319491609
2035993302
1634361320
131347292
379153484
12784654
217026840
1453042642
1736857282
1159039065
58586236
1603350394
225275441
668944900
246429291
154729854
1633647437
1988623134
2144890017
1209347633
773837111
983101699
1625494845
323675833
1201369615
1312491986
646328081
827142051
1056889145
1578280682
173712518
1243627509
1377426634
1695934133
579295400
786895456
254404559
9779734
1047620968
515700924
906243655
1298043587
694103698
582829076
491590133
801509817
1605010046
1467441515
1257315988
320246894
1644939522
660106389
1503113856
1134093525
1675318317
209032849
907011803
2137285074
550103955
16700313
2132180373
1185590838
330578500
858982104
824774902
1781761669
1991325896
1084339011
349748609
118355530
551097315
1748574350
596300881
75420458
316247748
2124954808
1765437397
743592360
946089597
1231556644
1519137539
2089984419
994160514
336645381
623806020
981372955
129116652
521947140
727949900
1632136842
1354237489
183133735
2128669162
1505992201
1372268000
1807424064
692715478
1400313174
2134056747
588528086
996748814
954036652
1530358764
598636223
1050336008
523898254
1231686826
905040811
794414547
512803428
270648207
931735582
1809532981
533884963
1697191166
1279336092
2117290370
979691692
1251868668
1830609930
479379792
1476643594
867744743
1556963561
246757312
1603187924
1183437001
1464554184
306291321
36225247
550908322
476054396
1464478572
2000726671
1757303598
1729049295
99289152
710009027
2044219878
341595317
1521093783
2039051971
246113614
1031001656
37338793
1195541252
533797286
2032190617
1587908228
1344032411
1216905940
1613522055
1296148234
1589797671
1662308535
626733563
161701660
763579177
1602698436
468143754
1298799480
915033275
423208344
1807266075
1492270858
794668485
1820385305
1537549364
1323103119
869368684
1949989396
888236987
1562221817
647195451
1513960717
1452154399
1242317554
1063900049
493417029
1371521780
910175990
512191172
1346748475
423005611
899666961
1718891523
1837495040
1671658766
948876721
1623239358
1192908368
414151979
2089461802
1965614606
1469004140
621282786
2063410917
255626098
1127852429
138819267
1414605219
1202784266
996931105
779076177
204871876
1353037803
75801222
520417974
1190825779
1565712329
364196585
1132239858
357222412
1253649781
1117373576
84190640
935697148
1468953671
706092387
1773902197
908794983
892226019
1765819423
567250801
1308112512
2013584915
139941769
994970608
1182242093
498129871
1938465014
1008331604
1047423474
582912489
818521819
747837312
1519030229
476668954
276472502
754355147
494008606
1042145525
31849232
594408557
1420200969
1094571999
2106092055
157616202
832176437
540123869
1282944386
1557035881
1847065321
892381058
1269235876
1360662887
128233834
1719792467
1215078396
1230514592
884778620
670548818
2036184772
548003016
764417727
629201475
130788719
738403425
142700330
1670781876
459917567
679996453
1113696794
772960335
2039771348
1828781026
160170143
791759896
51603945
1912221049
650863043
417516044
286650628
275406041
2043586507
1291453784
1905011640
718060745
2019217722
105858458
1828356939
2091675637
1827768345
1221214936
514323880
765205629
1091480897
845465994
797868704
1152268437
1737254883
633057414
624824105
423399439
229294276
727859057
159457643
1805924208
1076313468
438761737
1332770035
341434905
1635519474
1960479348
179230890
1840379611
187603091
2065750404
213770329
984361815
583822624
254857386
487680846
747193205
403997880
1461476806
130733921
1204880278
1297926569
935160287
1861334502
1210109760
1065787998
572384776
1309869112
1434465248
1515377739
638321517
225820620
30969723
2037001449
1266585525
91211550
1798890160
837188863
188044255
407664103
303501431
269077085
1195338987
1656148222
1579243815
248489451
867086645
442781096
921875277
1420005012
1166434064
808163382
262158071
699226913
379806984
57034518
2009601597
105079556
1760771650
1897184459
292492348
504410710
2077139694
741930444
1462572900
174833682
144667030
1322798817
1727366545
968860066
1004222256
1270574127
1868347220
562981804
737346663
1520706537
1919282115
956556459
1371811577
1896322576
1677569976
1937548353
1479779093
158077122
895875511
1429175879
1018056548
199152325
265756547
1967699782
117376489
860153629
1129293944
2134773714
1871460870
1557719257
483973006
1297276539
734419513
129266608
722870047
1684171647
1539549924
2039893315
122455936
1816274043
554802182
2084263254
505140877
990533215
312327103
1950868915
1301549704
1196391194
1500400644
1800782205
1362956491
999527717
846773179
186848348
570021608
1288449931
605030860
1316073180
1598739696
1924000905
1407475860
888402225
1938282667
787975608
446644618
1085944391
1702564646
1400470639
997497495
676818175
26510797
1147585893
280191642
1678320045
489732711
1337082754
741853854
189620190
1388880691
945851956
1159926450
1722483395
513124333
1044615403
694099803
2012960498
1300113251
7000574
892616757
862624418
1818872781
723579319
1966318728
365948678
545756571
1955480090
845363932
1795792984
1276005853
1767235246
1288322271
372187600
541712650
86362036
534795023
770093344
301276404
1029625492
1918494164
905241939
426977159
27759771
1917326765
1015204244
2060445650
34664874
479142837
688328495
1788960799
985914387
2133265487
457965386
221168457
461954315
1776004513
1779365707
1146728494
1424282029
1349562372
459490382
1568659235
1185067111
1605986962
1114067096
83573791
2118973256
1043308797
1627681623
1496588552
1979625220
435751089
319507250
1026266577
1862365955
1330476140
298931705
537248964
1595084607
92849483
1468056712
1243427332
1494091918
708607701
2003417420
1887642435
45386056
1249184360
1840997231
587332882
2146655251
1047992676
1568429699
607709254
1950144448
1377332652
336279937
1954757517
141712667
463931947
148451535
1936610333
428818562
356625506
2037293908
1096793503
1546204475
31003010
724206707
1295613072
782882168
1457456419
1555204431
788001120
946060877
167505385
53547680
1156851125
1569598590
947143723
1179030684
1866269438
2059036578
1077450841
1483562225
800813460
1711749436
769028594
1520180607
1616896776
1220087016
434817212
1073446799
954988304
1998214119
271763788
1545999497
1815372436
5828572
930672688
1493688648
1771614608
1993922578
1244135606
1094360138
613428621
189850988
734046818
1468162012
961344831
820049261
1314719286
1894926456
980496539
480263739
161699884
652852890
1959030190
1629555042
1839591608
555757293
1381483353
428788488
1657982129
1074920699
1842382265
912181583
520101123
67514248
1555910258
1036024099
1617337695
1890533564
1830466419
720018179
518797745
1338827785
1685910417
1634777140
1947035035
1711849664
410809602
286040305
27762296
2022413725
1031797651
275106759
1845776155
893394642
447247604
1892252912
1978875312
643292164
1381539936
193677675
553115928
2081034317
141881599
954608960
2033980376
1364477796
533831217
1960895890
1888524480
563868254
1848315987
1496176442
605289940
1036498477
1681830793
19439612
1728792702
1989484905
788975999
1734073062
465834485
482574014
2000953265
449209093
336295029
2036343131
1529797385
1815361770
1709480242
1255542864
1855340775
1548121819
2047022752
632643738
769479455
1960403857
2124092749
1904146833
1988667390
2030945197
1049147526
1441968319
565017547
1114199073
1253560404
1488297362
1577535350
12752502
1837786490
1051699901
599357780
1816828462
959248421
2114485924
648542409
1426169764
1142204542
2090390904
707886472
86227186
1366433243
790178485
380676062
737224271
2026817758
1650945598
1755647136
503889110
1394539159
952726267
422174794
870554360
686693553
1817226734
1494587481
1986992584
443572167
843193211
1873473481
1067245869
2083137069
2138154264
1870002456
208806591
770519252
1339012412
535328889
1980062207
447719223
2047050930
439751406
53627760
264725055
749042266
1312078756
1786524931
1866588758
191402757
1430385674
455400464
848443372
1344040224
120625712
1123180841
379726389
1942294792
1401354652
441771915
1927409269
1503975361
842171425
1717764330
1537387989
1138951510
1709043342
1976035269
405674646
669369868
768989675
937613410
1935167543
1506571303
281566688
1270052318
206220194
574984972
843568416
1369502034
764652725
1232257091
927006592
85352653
1957416702
76933711
41183758
1809430666
616190202
957433166
509241610
743075529
899705672
1744486454
2013174579
347819386
1616568611
1726536606
1847184870
269274456
1262395212
1872250580
402110171
2019354892
1719604682
1079925900
227409655
136281020
1026296360
1169848471
17346852
1000773989
616965000
1058987782
1738220408
1119466157
1211327670
792969079
904208591
651661443
698123222
1777361938
1372822437
1447647283
921369703
646232068
139773052
411374942
321527717
1917872921
1511438489
517261957
1491173927
16924632
600374026
896361156
1008342819
1212646143
1403975111
82089354
1622863283
259973025
1338230778
1050903832
1636384080
2113154762
1179955704
1108245516
1656861961
512179230
1211358335
450945010
2069281391
2009976850
520770291
884838587
1581119595
1395518355
532864635
1483219012
390287309
1473686618
1536363219
136027671
1757127942
2142309380
1852985718
1770633318
801884775
548575817
1635643093
1627416189
1679363860
2133384166
364684790
651194972
640049096
305876099
150877751
2050792595
362737116
1755036191
1199479954
57920131
1911722803
1296851451
458462867
129998503
1923932125
2097958579
141048317
962258917
19781877
178172625
903510625
572719277
1540701870
2066904361
192084481
893732322
71758482
680964112
1861631136
1001940044
1008806561
1784305828
1621565419
2090572453
135786418
1358998560
1970662386
115829784
1502449192
2046977213
1334657562
407276336
63873391
353553919
746614422
1663778672
2056868229
595008856
100939750
823703464
901786594
363948706
657922233
248958409
720306135
1026165403
228436269
1154442632
1957664109
681942240
1535595044
1255192322
514388785
19343286
1697871186
2071589293
2048111716
1626868680
226037278
1092029624
847942596
769142131
245487778
2002212545
118308569
1483903355
1005824842
479906445
666878581
968153706
673296371
115554661
2061263975
815808081
1984918896
993969883
1684897278
244726575
681164319
1179848315
454524835
1226020562
136938923
632035055
77908630
1709349659
5677974
1706966278
1713383297
20083073
540023451
1104496164
406547929
2005051740
158500792
372964051
1275687907
1148031708
1829888562
1600128108
1915551276
496445029
2067762750
1369657399
156447509
471234747
1649919179
1592677577
2091829753
647859526
966786473
935340565
1429675686
774784346
1165950688
752471975
2006910000
752684902
780993375
1269783616
4286794
1502142240
725156253
2127818763
1088888295
1568351293
469611539
1746689099
278114209
118117827
251483205
1812692629
1671810275
290819176
870580385
456802659
1194709637
553907073
483397877
1471337373
1759306719
266171472
1026567416
55333276
1946189598
139271014
1826271503
1699044711
442651678
1639708481
439823932
1103489309
1335242202
100809975
374372082
1186464645
1578563831
111577071
1621837406
55737386
2088533586
494245510
1132581537
179847477
1265383202
952915467
1024998678
368858247
1712644488
1575764435
1379274236
1272986303
1353660279
2099863876
299803847
1832635962
1711202611
840391999
705917471
1158372021
1867833077
1594080551
1732663194
350431333
450428620
620114982
2078674556
2098458788
24563116
1755263083
1553250536
1265960594
238012868
492065306
2054141293
1027119605
1223044265
369939138
923661385
62517457
109327082
301271459
33324562
430184541
676132318
777157635
1000720590
565670588
324631118
2082831715
1083185625
1068193497
207019090
1493831250
1933390336
973352975
466189638
1763908862
631335803
602911320
2108730939
1974576029
2097632805
1597087473
1616233441
1609958239
393308602
555788977
275224824
493526805
789160720
289061671
973794970
1656711144
425010151
491627500
368466876
1133593054
1923183188
2014594693
1336794608
197063782
2111022544
1334000652
1355724337
1947582759
1445805752
1102968353
627469091
317655388
1266536648
1984456074
1996546372
991373046
880813771
779697501
329814456
1685894872
1030134491
1511718144
580553465
316083543
774373054
676535852
86662976
1524941208
1079077895
1409870995
1618603048
71855051
1748943090
1870403848
573605851
951158976
1844951007
1318525203
1248061125
1172661565
78340926
1681477912
882747031
1094746555
1855686759
248584558
244729527
914076723
918810878
1636161695
1390945361
901756097
564424286
425489884
307582935
1045758741
1213303416
2017063765
1927382311
1591598123
1464710718
506733892
163114064
1202953707
843729406
34748991
2070132170
1745438192
1484896386
997925238
1148932697
590365763
1961742037
1340568009
2062021992
883398382
403751719
1434620626
2113520849
482510175
2023646928
635193551
1908231586
896117507
118798850
115277013
1853243666
859868905
1395577400
224142899
730501018
987431670
1863803114
38754130
1267555517
1652280940
319191122
6223894
1684894750
646773170
1173526255
1743454123
443937994
936521979
1252352320
1534327746
2101987993
329612163
2139044254
1988281930
406003656
1936459851
1273008042
595507235
1858272067
1545943914
331763848
6721712
565667710
1146774926
849637327
724983329
70959500
1685361383
454956294
1254262525
660876728
1415624759
1907658609
1715329248
2000460391
987140063
781397079
599657968
2116600706
1870034435
988479672
561592848
1626923412
754513637
1439040228
572849662
1327580576
874554920
1133164802
512455741
927062099
1668933893
1950190516
2111036511
1478711675
431497940
13385384
1646275335
1395991318
572717865
964602591
485271481
171281273
526977197
562489043
1996113040
1501127112
892411472
444781992
11679240
1978232010
168337402
1624853022
834974987
824052422
550995361
1621022946
305653589
1233832890
1867514433
1290138147
1968709240
293777773
1124497741
1033390238
518201106
1158638878
518257611
1637162139
1298160476
611658979
681924023
1071842032
981002436
1317156029
6414335
590264332
5129960
1137799142
1512526174
1630770308
65839455
244652784
682687950
861376069
931199883
433304299
1844496714
136802841
1297389942
1207457247
40990907
704161547
1065381098
1082084705
1816324598
1361380749
1941992231
788661051
1819951173
1110542572
736902568
48722401
2030036333
1520889930
1875337797
1434393784
173747872
364810324
1065548004
443107545
1126389150
1095912989
1492949197
195052884
897105839
1552484271
1354549466
1228593546
1731463512
824197687
578178512
671049151
1316467727
1027780979
1414723066
1154644126
99177156
1874447447
424049600
2018153900
526310433
489676035
1256377508
2124288750
428769245
1286383291
96123492
1729200178
1381178233
1078060331
1707353677
2081568741
123646932
1955271550
614616409
1215942150
1254146084
37609604
467094482
534205414
1168291520
1489073656
640518709
1519433297
820259507
1416902926
936684627
437357091
1655139758
1011223154
889634678
1295563754
1802746995
387418707
1441374608
1456924378
1425928283
2104171073
12304095
433959678
436526657
809831234
233436590
640571405
1156601150
1175760659
409824413
1379790621
1911149470
774467212
53332434
2094803594
342875969
1921017433
1700598919
569778563
816547898
995925644
1383380988
1322647927
1045317386
1181399227
937241839
357651253
2018479939
126522694
46096700
237515575
48891650
287808072
1573685206
1973384084
11026782
1328021143
140715230
1640989074
1054177802
29400133
511565488
744655771
1915754735
39510424
748524675
1942825050
1382997208
247950995
1926023
1398847706
64392172
1582292342
1516106117
811237589
1499863865
653174106
359089056
2031997627
1937518595
33515950
569480146
356724599
1786239273
213985791
1757229585
1813928294
2036753985
599548551
130599278
1399809860
487367335
555885549
1147881824
583830225
1787234771
563450101
1270650669
49308145
680062047
1125775584
699260113
1081761329
691435689
1579693055
1806993423
990252567
413666443
2021373563
1115740810
872060211
230814695
1052105554
1901495010
630743358
1610599396
1240697945
1699017751
2055287645
641012559
1635529142
1384077356
567350359
1616625255
1295351139
467695313
1404502825
2017563311
1608516417
1357041139
840482785
1791106423
855561011
600434234
544114749
403016938
2111960121
189986953
842220611
1701975820
1624468591
1517886215
1371263099
2124315422
314797627
28757135
138170600
1263552445
1731016155
1707438666
1587182438
2114219665
1831950690
913005641
526258861
389595638
1524078487
425739835
188618014
507769391
1274954764
313737364
975432749
1574173658
1583388877
1500260566
5567659
1928642988
1413782415
2146635646
2107077826
500316195
1709806603
1725391554
1395317555
1596247046
1620380843
668204127
1302265159
1163661239
1323003487
1299992496
460653673
296263084
389864945
2017337029
2140406276
2106258434
414439321
1311503392
764370546
922670447
2075705526
1048685520
1696246987
201717145
2037925893
1529003418
1118979192
1301256544
1537500819
1748779612
1685074657
2029039883
2022035725
125389263
216232947
729667299
1705409708
1387428050
1658964456
1306037777
619014221
149098074
1489505266
511760610
508248018
897387705
1557828476
335904801
1409031737
770904234
1595854784
2078860446
869766863
930067335
1583105148
1117418118
304673940
1220965231
1448260232
788777419
1958432678
1173458620
194108898
1597184068
1346724767
2125118214
1668743478
177297181
765637834
1280739772
1857509635
552834755
393738248
1181926076
267591021
1963196840
2092863736
1975232225
1572664783
1694243633
2136872364
1496264520
1220320371
1613913106
675506432
1823140248
377493444
1593329944
768716085
2075688327
183819220
115321904
1247393025
829198890
3866176
1071398516
1506570541
12087691
678182869
513083068
921819698
2017315217
469702100
1936573416
181006548
69655181
1567566308
599209462
1877085090
1044691200
2037129474
646383039
1782731263
432448268
581000971
1159162620
1200479792
1838489380
454228343
150860745
584651761
764363488
1252124524
1520699347
893749323
782092675
688621318
1992084935
972757747
1080944232
1054377409
2087061021
699016921
1211946730
2020298767
476556398
1245267664
1658419209
2103856107
788512338
1412943728
1428216394
648295250
1138693092
1106722172
2136124807
2074591469
1207591966
658585429
1492645278
1835651811
1426276866
1818992066
1052170690
538206547
217676367
1720862262
1799759638
1533431688
512881611
1675247849
327482196
1923685891
668823185
1652916076
998374515
1506948028
253096659
218235586
1773356251
1654508832
645382574
1731341940
774642984
852472992
92870168
2128165945
80740739
1255172642
1437528328
424027052
426745111
99857024
1388893430
2120503401
1938119170
1981794009
1806083775
198697085
1376260077
199348503
440670338
1480606139
333225401
1604677384
749041163
1894277156
1405715934
1046462393
1120335189
394851084
871295738
422792188
1800636881
1933817582
1893449471
725644871
1283701583
1597598170
1499872872
1606681884
1866067127
1292027679
1706861371
667116827
946112647
109780242
1409645499
1939741121
1192376107
476744764
1312481023
79482860
1773473958
234633766
1796110254
846039502
1189624289
2081903833
1411916587
1722949750
912984592
548285641
1469036398
1900289667
775872709
41685679
1798814412
1513220413
1674805009
682529252
1186848715
308894106
722397156
647980228
689251707
1980103707
1503906082
1772723518
2073733232
1178444244
848664780
516351482
1573061261
558010666
673256835
63890804
1499919939
1935619943
1333425409
991760746
175158271
437345567
756520177
259690713
430209674
1821330835
885327450
1864046968
1425576536
1859064253
339360457
1947466451
698149646
696500252
1929978649
1313604343
79725963
1922796134
1382105969
723857205
781357924
1604438165
110787345
991357279
605886681
1329485576
258455128
1563295683
923551146
1753061872
1870000103
1838101828
540821953
1472958426
2070164027
316056525
368507697
445074578
336736984
1939362620
1295962439
178846230
510835767
1831260914
1813695215
92403078
1267511723
1098175372
842617395
1142074983
1161797979
456611485
1787761303
1335913373
444989262
1313344140
1923765907
711038862
174164534
1448604975
297637413
820555254
771255201
1083543715
1241702715
1430441028
683401738
1547816017
2142023124
1933472968
30897223
1428017612
842164242
824870392
1398578068
2048670151
857479367
1133730467
197139126
527698311
1770228298
1542575729
675264412
853796888
915665001
1585125303
306720424
1558767758
771955595
250776936
550837295
1313456804
45025559
1478989533
1434867836
668391199
1211978204
1619462475
2105706837
1524962736
1584392646
1567331495
274386145
1085276416
1195636480
723604327
1416680093
1071123589
12620453
1724082298
241570407
1295871930
696586942
805009233
1303663592
839376939
579847412
106041797
1066113821
599671613
254362037
1896833593
991907733
1060133625
869850477
1862518394
145866619
1810302137
581133998
1522107507
575062900
105432148
882574014
1889153863
1975731752
527034984
1025638484
2099117091
1518115269
950690086
955784368
874160401
1105075532
14181708
610656035
68258894
691860515
365956834
611810390
1495588022
551516446
1033296032
1737302008
704024608
2048277485
1273225806
1868644205
969438553
1554059265
2011446313
1244675983
1100173676
1880634179
487738410
132974549
900767681
1107829149
1321807716
1707395732
1937348772
1664060909
2081312230
1562409476
975988671
1764188669
830754142
1773149285
648254986
547248180
65500552
1285234582
230045765
207387610
1826649148
661441129
185990635
1890843808
2068512251
1331115290
994134353
210786456
2136716876
2046797251
1396065602
511583491
955533155
1581666897
1674925118
377375024
1911375525
878873597
1708339961
1935840409
1692112488
690854280
1019407302
1873742283
932361045
1718570312
326822383
789485673
1852980542
1712066621
937845879
1680962485
572744020
707928756
87805218
2106256454
1549991298
1561118544
1704249660
1270890480
1384777300
693501919
58924434
741670200
2118182559
1270552974
21013352
535190067
2141858553
691212217
1679289062
885635576
1683753213
1942576904
1154343548
2014867751
976481228
1131546138
1396505676
716887178
2038889160
1563527733
721329000
1148798189
792549960
1974871680
545486504
1507566486
2107540042
1592023387
764268215
924718920
856404825
339467345
1504308277
1006302316
963305044
45463168
2016244005
26307086
759851187
1503111927
603179828
1557538559
317344686
141370073
43282884
695908809
1680654229
541909286
531399645
1789465720
2112008702
1660580873
1058706942
1487442890
1203675409
774014550
1628605273
918471559
739412228
907499778
179664286
781908432
2058458147
1702191347
1604262470
750909221
1694740262
646940644
623173663
556480469
963530133
166343730
1890276648
72354285
1244095238
565052923
138727897
1445033559
1511977276
844461278
889947981
1349311763
610502037
1853982999
1870240684
2896027
584712162
1346238547
2052522323
2133450217
1032243098
1895315752
194932290
455013357
2088028292
1100431842
85526012
1094353762
152732913
1069336118
251066909
1916141792
598439805
157248905
2109025814
1958355183
1826334702
1430933555
726612970
319089331
1801042966
1399977125
522640455
1566767525
1213909776
1827707767
602508915
1409431705
1897215679
551980117
1484844739
1448275155
95812579
1118126427
1401875210
1794033687
1456891954
958521412
2022698883
1504031079
456807886
2093200278
344564751
1126620772
719963975
1882009209
497014612
1949286629
845596762
1672196626
2097657272
1139588500
1348617891
1099377090
78561764
1977023675
872177234
707051581
1228139207
1267929417
397490374
1662262798
966132444
904983687
1753530347
424420070
195200364
1941734741
938534769
1994526261
1198578585
771721058
758245222
671924165
729324254
1149568630
160974373
125387337
85856647
1473303700
860067289
934115760
25268188
896552251
1005771567
1813024408
431313198
846535580
1217403580
1746485696
1595163251
1260059575
603798588
1220868540
1637071385
1791310546
97385386
1575616019
1690541198
488660344
1165759514
1359882835
1665235580
1872406103
1104537410
1339817299
2001643022
527947239
1982352654
1665149752
518460502
127685214
1677401289
2027026696
651236681
553873487
568526379
2009326321
203518135
2122547487
1384762181
1759665153
1849146387
484390938
1790147637
237773685
1590029999
1362818639
1648442569
506556522
2051519422
1020832416
126807693
1527201038
2108274105
76796082
430692372
2023001895
934977016
1598976883
1354259478
265706826
1617102679
1829270010
970656561
1400743423
94816747
577982513
813695637
479927704
924646203
48000736
1111400751
1298188868
1594544555
1793941695
1677004840
1706060787
683062773
1769807371
1055291562
878807557
61482646
1739970537
1137953910
2050037857
1458024905
852772073
760163465
581969969
1471314243
1061187959
1298970336
1701945552
448863982
240437362
1276060364
1869146957
330224391
1867846876
961700996
340842303
930745782
1702073165
1922896265
453641261
2053773914
1469270044
603947849
1228788046
652243861
1697136500
1412646171
1297323471
269034110
1033164995
1838679760
595305809
1461003798
596680099
2055833307
773436972
1658668122
1112751515
631056643
1296024305
251944105
766632557
454914869
1419110163
821768180
876939196
51531997
687408022
494082184
861712809
1127911834
288937058
1856744027
133281965
1647716779
2079770182
2004140788
421017745
670124347
598183908
2060658246
466688053
957478132
1362468630
956209943
1770011813
989838861
219649652
1500536827
1982810232
504252685
451456045
1488556458
1635191931
253993489
1745334090
1064500872
1324871022
1567133869
1009675429
2057388204
329147344
922248195
233722413
1408026944
32667745
1164403222
712509116
695894932
449877828
380793660
1842397313
1415766791
798952838
548203127
873266783
278448577
132042248
1878326284
1187871264
262081886
973308083
45890645
108422961
465634684
1646387097
537466502
463465114
476665881
1768728530
1985044152
332137575
60722381
1080754932
1298735995
1176269953
906818028
1523208487
475729346
730979187
1910009581
920178619
994581903
36984880
247600184
585988484
2126694590
200987447
2033117940
1114717595
1240274073
1796775534
1582189562
1572598277
504760061
306927247
1395774490
332038802
710717357
1668919750
1468119947
2141336407
1487249923
79462170
259345092
1885540520
623440067
1625825925
1197541772
874041541
423062556
724916476
1555710300
1209098732
1734570501
1163109043
972160438
1950096832
723918621
479495039
133421656
1840358135
2077445284
233996302
732748869
1510661724
1644419178
1131686275
799875921
1777110171
400562244
2082961361
1375548251
111079655
944077642
1307756693
539545300
1302286472
1924374187
1150700355
35501014
1300866924
1189553316
666244745
558157897
534594007
1556123614
239384700
1961274556
1389847876
1012595182
71078357
436694845
752441456
1447251137
316247583
1165519963
105557863
1933331509
214948142
1689256827
957276706
1544939675
1019381789
1007753623
173369105
1321629068
1796717261
1937680448
1317210705
531111983
1374731495
1248221815
441444246
2074454462
643091713
704554778
1063912623
968058579
538939932
508196289
1909189356
505755781
1794053221
1153934652
754912749
932956077
338705160
1237138218
207719836
811017805
1561977383
719415474
920598163
1697636541
1149959446
1714217602
2041053396
454747000
155178934
1916355837
508493479
931931782
1840374970
1815978753
101508255
1273681789
386144054
85598014
1394807335
486385972
1560841646
318870657
914568489
2048935960
1997221673
1089656760
881829604
1003606416
617335853
1185607762
987367334
1914725465
89818754
1247797525
1362105074
1067641567
1776162146
1490509819
368575752
605932722
694015667
1497780590
2050727156
2126273903
1611597863
993845945
1158951116
103731241
1219141837
1461688095
1056443166
2047114717
2023487840
1621050377
1662710844
2051210240
222795010
1527220114
1098468261
270683538
495301490
286363733
966387062
1081961031
351726960
1865893514
1789858014
1198981076
241644360
1086361026
864449364
213262375
476927179
1753815447
1621150284
832530014
2077438918
561187744
2056169329
1508637754
746822150
82297267
574913228
832884297
1320896602
2098663247
700633791
1387253274
1127316230
606296356
691429065
994819442
1250042487
1797075386
1171929985
191083570
21392351
743161283
1340386899
1315810836
1956416779
1220291684
1181384019
1428560586
1452222979
391487282
1441144574
1487011544
886861628
350460737
504813263
714605746
566802719
583211845
447653844
1966624636
1702846395
1220755725
1206098713
90330988
1128430976
950757060
1609988898
859409884
747406207
1696579452
62817507
113276320
2014359163
337734517
565299961
1706712382
249408813
15235710
1733223350
1447235177
471710549
1992473809
1987882358
1153036971
1587346342
399540101
1620542817
1669369029
646070501
1189895705
776485138
1943059228
406203192
430725747
272080208
1295577582
2098778793
1437829173
915516096
1824302381
1689271971
2087231640
1291232202
773828419
2063450097
469096023
1063754693
1518575663
556201497
1510135139
319189072
1364461282
1892372729
1308044244
1420386386
293663835
1533144337
1259957948
805137132
387462473
1063884267
1749020352
84088791
986722609
1583416788
16994767
1574795862
1822237332
1463118547
1209383609
744616103
1052770154
2035273335
907555856
1854579724
186421925
1406608958
759247413
2029188418
1602104805
588719563
1879637884
1726245636
1571460656
1492403354
252147371
1586901547
279573441
925606906
1777941120
1896982758
1511958296
78153569
1511139097
360923796
1837301052
1373303511
299627176
1959543349
1012640712
648625214
262437207
1458818742
206530646
371715389
1169080661
2129772761
1952568082
1426913761
1066268822
1836122397
610822768
249074954
1275343508
1541494790
1316359470
275760111
1379883399
897183199
428637106
446029986
652408026
1843646866
2044321999
1725062467
560780231
148123614
785111345
458460784
1113786186
80197342
630294384
1053800977
1524534692
454671445
2131363144
719399992
128551553
1212550188
1298949334
1149624012
1423958116
980402985
339777213
1354474008
1046305375
1249409418
1784027650
1061721804
459626408
655947219
721270952
485268178
962083774
481004916
1326120155
171995323
1824554734
863757689
1508816228
1109496776
842388602
902562582
1576222383
1302423397
1778066627
1526916966
948845454
158129581
1855000909
611757590
737670607
649486084
977479613
1508603587
456538686
790679497
1769988695
1312340641
1245452792
1087699109
228506780
1593133090
574442424
825841627
1943808892
536796967
1637032061
1550597287
493278747
1722301742
1488632773
774621306
1045480762
1178593058
335272288
1445736128
1113504028
1172695428
1975157091
1156787695
1779644120
671840679
358507014
1659704860
713277954
2112844445
2090033370
1436951875
875264796
1923176801
1897563970
1501645305
729941137
16421442
747895734
952692571
1367566426
6949388
375804998
883776225
1907175481
1954815470
301422766
932402347
957508472
1706838164
871081470
1130806879
1947081945
1464800468
1715708696
1585383998
121442914
337318168
1409823649
434381001
731115400
709886060
1375882536
2074265190
429643804
67021208
1835497536
642257535
219172846
1532325043
1733782918
491814938
80395179
1643889095
197689164
1012236967
1796054235
361792290
1899720511
2124645611
944525345
1660583656
444527345
1852242043
813446825
2141691321
876001868
1427763563
1517610591
1321082247
2141015363
1232023185
123653550
1243018124
1789820459
1274553806
1726507684
1399850550
189355412
1080817509
48911909
1956653810
745708413
232152527
842858052
43584640
39644988
1269523487
880255261
660931409
493703617
1903143234
201423607
385166192
171706770
1596218482
1489719551
1352151458
1489057853
443709156
518221051
302812477
917318767
1742341910
1733476705
209563542
1158764066
554875935
891368773
1539284654
1023585485
1845413128
609377102
1423682740
142397001
977343816
169597419
129986070
934088480
951575011
1690126701
122795570
998049675
968432790
407367411
2012884842
1688976379
1806911480
842164529
27069079
1739284040
1011248019
1501234620
1582628067
325467856
182734295
2064355464
393337717
1903938494
1333473014
1030007352
1119658653
641518686
1484551966
2098492057
1640849977
1238301179
1665124852
1632371791
2052525095
88147708
855577119
1809721354
1689911611
1990594875
1943382979
1925606099
1967792330
1846928082
1348644040
1673068666
190547580
1009780357
1235175785
2094436296
1406870811
253448531
2093848761
561612863
824730767
1254988996
85390173
1033806625
282528306
758366964
1262000437
1216305840
1124421582
1699909955
1757803132
1584705649
1396184580
873427768
406678181
72248453
923051838
2117042010
251742559
220294383
408417304
960997723
921766398
1004849647
2032646122
96130880
836687421
131786746
217290715
873686141
1996517920
2091703142
1168251664
521552722
1747782338
1265325084
600624423
3171373
420794454
321798435
609801012
550738128
1993436351
1610925391
1608753367
1630082581
1422626006
1161914428
423293546
1284962869
1326609911
831613691
1411901559
1330176888
294943783
2131540402
169503544
683239518
1698048236
1594084248
1837292673
1146511930
940080963
491644706
2106456988
1882743738
725453064
357554706
1121106692
1865680334
1821030598
1818021495
557006400
451183641
990133219
1459438860
575976146
903898686
1330954134
2051706192
1687513124
1887226297
1129930130
788564235
1433509734
1552147295
453355058
2098546089
1658511441
1764299103
205464985
483151507
2140717860
1295059327
214859798
57365872
1572679071
1870154488
79990015
244606785
1131411083
749088074
1254250004
638940005
715571576
1141186428
399936793
751114861
1338241374
1061512145
1332595245
962443678
618055520
1738526115
2142199006
917042058
971722869
1051049066
912043818
1644700872
227787912
1438389280
1615182928
435975405
1524499513
1982771148
36875932
1999833630
1802876994
1623561650
802650693
1277476847
1035209967
1931473084
141343075
1780077857
1696715599
1883053814
247779788
881993528
881266252
29080612
1679476840
1324970126
885807207
1199508752
487865893
1085717370
1899002925
1721198624
1211277702
281696869
1778513611
2008091932
340850682
130988637
1736570350
1799671602
1245090422
1932084839
2067557070
780896400
1118175324
881976621
2060692510
191464724
1875730492
1288115447
1805864663
1600437697
998314566
1261874119
223135533
561079406
263158595
1931534062
264634209
771094361
1368670816
1467139077
1561247917
1209871369
1364935115
1366983667
1438538842
988861370
2145811035
1530736315
522489882
572755385
723713638
48904984
1877612157
153867395
1788584027
872094378
1250257549
451059453
2115237548
1936375253
183807877
1192805546
1383180072
391745044
1203130697
1059406352
1299307399
1786548567
2055640781
377441683
824429772
1153960605
1920701225
1235957940
237052660
127028558
438584450
30323354
2015183849
482836822
2063725161
2107507834
456670802
89591798
1167245381
1776028679
2033226920
972007481
622963843
483193422
1691682629
2078087858
1247685375
960837921
990633395
1217596980
117375737
1815846528
2133088013
402786843
1494609661
49622529
766507832
1935235241
1943937443
1094977466
1014695210
399226968
873765107
1541823482
1873143591
1172940888
230440175
533165545
1384951217
1284655548
1704183204
1329401337
2059107645
866909090
372401665
730675330
1232624239
379343100
799261028
1518565433
1367467761
1292142949
1365331984
677883341
1165981007
1803584097
317795563
1445271300
179656419
2012636687
554088521
965400700
743191900
1999602305
10734500
1764294380
697001935
1452057279
2035560023
1565721143
1088701232
648738571
393143684
1325236896
2131548094
870855403
536071100
161111446
988092724
1607432177
581186479
1878591773
950460044
574562492
58301080
245920943
1545269188
304116417
939652709
797517357
380413436
857961441
1429315573
1129793844
1163579181
1219352073
54196456
932485174
1176080723
357620186
38554501
1541660950
1266678140
1794439636
226244302
2036595935
1419266699
48590397
522034300
1413897044
152266362
2079211792
1285160295
678581294
1100075727
123744126
903362846
1971344525
999918440
33551210
792403703
1784823245
634864035
458306875
915928392
891954504
1366084174
1277685089
844698820
382174864
1466301928
1843314282
1490949107
1101428205
685721131
231902720
489630374
384753819
1797079290
172877227
1312815843
1271848329
1143456916
626036599
1968194797
1949265417
1137715692
1496857499
1603897886
987173433
1798690603
402678409
512561372
293183566
1381188398
780097300
606227674
1587878807
553256941
112941931
1119326468
1397374527
1790358251
1245618481
850320743
1519680240
199418552
878464300
1435661186
1927245854
625835191
1961882249
21605070
1002931953
1092209538
376452155
489543108
355940166
372156348
221201930
1877583972
111984827
981148537
1349083321
1526143257
1715156669
314924659
1214893856
1795047952
351364018
99327711
582202664
428045701
333303674
1124228381
448076855
339917306
1408811657
1029354317
1944700698
1341280674
1462618689
706240927
645325292
39914748
913831330
1424601712
1562165048
1631672871
1961348558
655621467
1739038480
1371451930
1180588467
458615109
1605753205
159644960
1829981019
72785533
1149218176
383636672
1427275532
305462815
1580297136
911022646
1782948423
1033375853
471262694
485306270
44922555
905737017
622538025
268231927
1688602313
216646222
1953897770
1085650070
542373649
472755656
490037432
401688131
630642456
1380215422
1177008243
869211243
727387312
1744980673
1187318948
2130076104
1433526061
1741564515
296123477
1031302240
735549838
367436026
1291486160
395490370
2020775032
152724949
1131343362
1522286343
1584863378
1772440390
1296600661
521831891
1482980296
1674548305
1181178724
2005452662
159749681
763207902
28481830
107400380
1042473257
1877540119
593616635
862270325
918371042
541687812
1679330454
837856636
1689297883
859905896
1081937599
2116239469
1629973393
1172698750
1931699159
856100530
1811936663
685829758
1458042381
1473999151
1563425307
1569099733
998632768
774552337
407701627
1146529417
765090994
1980401294
721219895
978751871
1090259287
33554123
1616715112
1890733643
1258038445
602381128
1041045863
1874545569
1904938596
1470204457
657202197
1518679363
535082733
1529346721
1483918100
1906709579
1375609739
2010518628
1290380856
316076470
2054685327
1414182768
941693383
1294342599
905120650
1753669634
1957112390
2082270325
1031376841
886307933
1517496456
929821304
793817741
1883625266
749226280
1031763413
823724120
1257565293
371591894
1727887107
1028535739
67275098
1919201150
495811088
538495327
1305036705
802052730
2058975304
1550936372
1377164812
744064075
1665663340
816740193
1030471646
1840667807
1489537934
341874987
1606476510
1717428983
926801002
869403763
1061883866
1880222899
2024283912
866471133
1179571640
1549187821
1685476555
1576187870
125404988
1101366374
832671388
752243673
1378864087
293644182
911001934
1117010151
1334119421
538871257
1660306648
831157813
1675117324
1486843785
257014715
760786726
648387250
349171873
1290770331
1369188165
1736519160
441033193
1367149905
1299687379
1077740781
1320154275
112766194
1370473986
1656118413
1619061987
1819194918
1492749475
1204465395
633610407
971739979
786283531
301229074
1210956388
829703385
846533850
272304965
1025791026
1395185479
1275557577
645705690
757372974
752170467
474103188
1135475355
1523009465
1124304945
104447103
370104284
1449873546
491206950
1302571632
1674413660
1291223073
1938887582
391487236
41870259
25184431
1432804352
680448067
1447527742
689107243
613750046
1995546869
640363905
108703406
931543614
1026514021
888511990
287481421
1689016292
2023936074
1059816912
606259679
2122016001
408109286
2074519536
1856626803
1094434495
1357729420
1916395666
34024378
631515305
253793503
2048709554
573273471
839039307
1709301016
1141684666
1595055543
1073713190
1616837276
763848267
355449312
867083213
657305448
1130235243
1281635067
571206263
588451689
240010787
2060496498
1396892888
1211033651
116003125
2124595870
1576571689
570713316
688268550
1900169126
1088096174
2060023134
1063043723
470227464
2126355369
1168847430
1992692895
1198922594
590333280
1753935521
717157777
1538230945
1686599231
606542541
1334908472
749708308
1535361174
967600699
1994285133
2033476156
1951892215
2047756427
1574843985
582549860
1048346347
1201399087
806951972
857507222
680786869
1459599007
1552703083
2090511131
1644030187
203232436
477031149
1936376592
1041195446
1131378435
623416455
2140220898
625879206
1917560044
546857417
918727358
940743301
445797335
1988022531
866258311
1681129558
2063339557
1640333872
533412321
729867829
1328596968
2059690898
1273399331
47584278
1112246553
1461090289
1646366064
45687892
1050965866
40888604
1776094563
2052370236
1063414164
1819091027
1559491494
1050200123
1669148680
1742163100
1300433783
1156763844
2121494676
1358143056
784934855
1438210912
1989232804
1574993359
848917013
758407905
1871717872
1185108974
685091383
842742438
1084615590
465841877
495019284
1604511186
820739126
41816634
1265875021
1583916951
2075666648
2050534218
168454092
954299973
626815931
72501872
142106180
1802754115
1955578878
756088195
1982638596
583559587
1521233497
578295338
1916962787
904908149
1110360365
2103805693
490692810
809825094
724118059
1326756938
395473934
230501901
481783399
1686772786
987549306
2047079589
288603720
1788733391
2047780636
58073035
1113106842
1441721433
2055468130
876291102
922013872
1990876702
1310869322
1008558518
2098903745
1485400114
1744598219
635886470
944919447
1559397152
2092588161
842368279
1048739120
1483335959
342917711
1312536226
1525953512
1001861123
283894905
460579553
2057244365
405483551
2004892888
2040622793
1271525673
1096273046
1477364434
772011104
958153637
2143098443
1015865107
204166119
708495398
1878193066
993065684
1408931312
1752515304
779550648
1383156053
1631731641
601514018
1798320017
1682681899
1457638232
271440103
1056834296
1315698766
605430445
2042843327
1485706323
1245186972
544165078
21486968
1891902033
4584754
1506736432
71154726
655364845
823435138
568818061
1226556124
147600686
1553587121
2058564702
661473965
538360446
1029796778
848746347
1936932928
1482539139
381004170
1856191294
525395843
2145469018
439631856
597983527
1437214034
432447091
250895620
1601263811
1917939157
1123813631
1036595342
980464503
1306976453
266586982
1582933601
1193813734
429706996
538407926
158226661
563216417
1607311451
533717255
1530836189
1153385486
732507003
922055276
1551515369
19127920
938066206
1510700447
926906420
862961634
185079259
1644293142
647289472
1949906282
671634487
1871828729
1473001436
3703482
1657133409
577431046
66372413
1975522534
1261833258
1190764585
470398047
920575658
2054412506
1049732599
734408720
1315021318
1264714446
1434358424
458718631
1832103682
1098309065
571648883
710081227
1325977058
688442150
926723104
1154215625
1849133377
273977681
1360195474
1959472699
755234768
929715927
1200137262
870437587
1894126576
1192649167
1619761497
1846237955
1376647077
698121872
157302770
1952464195
959512985
1276745277
338015986
1312038306
1235829743
507670492
2009255658
1634104048
1984995319
957679673
1038824674
1583434184
1248428759
763213406
580984361
1100189300
671827315
409119173
1880898310
1694426848
1214945901
15542837
44437174
952639516
1456084203
1558908154
1451616038
215214186
2113765558
1116625711
401760766
1836572855
1685764134
732461417
1320911035
232179248
924704523
1544523853
1614399031
2125238709
1009963311
918940963
1602120136
276859672
1442641162
391127683
202945567
845621652
270214169
217751279
741636868
128027347
196870640
84476295
412842638
2066148526
1473375014
412493870
192817183
825309779
934430069
1412875796
249499810
1276538722
1237605216
1539980857
851679430
930982741
1469530877
834426073
577922965
1426966973
1779865665
879369112
679005715
2097898470
2103918687
711448562
459448218
1599359497
1310653594
763444294
977396203
46314926
569740399
2032655587
74581823
461752956
381650252
38499487
158685274
1925234594
1906597699
1900127399
1920264632
844527501
1999333566
220801632
816293611
1638198655
189755889
305237127
1098569532
614661832
1595392205
1411962224
756799626
557868405
1069291005
1788585803
2020235227
1243898246
1616201875
1659954766
726665775
1056878463
474101448
237757095
2144618767
2005535729
295700199
1863625036
2079647649
1023385826
836576002
144290712
1063531111
435314069
117703373
537240119
388650365
1393664657
494459302
850024657
607191821
855850431
1285209428
1345610672
1450260656
1310090287
1087704727
1403378564
762774215
857318475
1830649492
1328466054
323399654
853204643
2100349029
959196481
1655515610
1550319245
387247213
2020960434
1917724058
2107557650
643210682
1085848940
2107731824
1044662031
331684733
595782048
474697758
572159197
1160559829
1762432008
1920077780
778486719
1007635372
1676546447
2109411635
1642237580
1658811788
908955214
1549029990
1245424259
2059935496
1292085841
1220659022
1462848660
1708588704
335532924
1341385182
161783274
656701479
237617602
2015877109
1635620214
2060865866
78309350
2000928670
1596475661
1155772311
951046893
541133548
1123301057
1610039184
958465495
6470582
1228946064
421321601
1135521573
1003590837
1599306599
2069411214
2065408920
373294543
236832372
1487706335
222324155
1503410290
1276453782
1522980436
1508312525
873574740
308840692
683436415
473475185
1573176910
801320463
328740587
2095586373
280554160
38894467
1104486972
1819860545
320583397
667451112
1415870675
558682233
42026568
2044872707
1315735301
89506117
1635611945
1415168859
654598584
1672238073
351644418
2041817203
1939085359
1749782478
700807346
270460709
907810534
740324196
261048529
291006065
1047285248
497386842
1897627413
1828323012
782198944
973677648
1956445561
184104829
2012241792
196627708
1993463419
1457712222
977176098
1618724075
245921444
596187382
1881571001
455248002
1464390971
55783441
721680049
353664535
1849173963
412438386
508779171
693900424
1699343660
241693417
43014835
1038183629
827840366
852357044
1558766951
29206924
960912062
130025053
998632006
1958000862
84120181
598038861
2108678142
347178763
1416949757
601436939
84757656
159839360
1105084842
1731354153
427325608
1833672218
1333423676
610674418
44246301
611891126
636604990
558966865
825441974
1383736565
1663724345
2064777458
598137522
1093973466
687109263
5408154
2011837551
2016796704
1953286875
2138685405
398017580
1812054393
456931143
529968362
439856878
823884283
774390735
1139046021
1492850197
913338863
408455061
727080032
1225333596
1310530207
2105819376
608041369
1862899850
1096951784
1789955914
616600482
1935227011
640809706
1118272313
283076862
2010369396
2137167936
2120171020
677676589
2026281550
1966260636
1021740494
1526246454
1975836362
630554158
506325357
578457978
1625908005
2011638748
204861157
2140421574
2047735763
1979319203
564782944
460631966
1001821722
1331534251
427032575
1907310572
690767058
147934607
810792799
1466642370
1191909003
1249698064
1055137144
111720689
483848012
1262577127
640720871
106815568
277408405
856942574
1821558129
98976683
42591169
921262133
1855642192
529421778
662965432
1140852107
1373726533
971336661
983933716
534974650
1136004165
1313595109
833804654
752932144
1386294755
111803819
207841406
1462716259
1842121966
848941868
32173498
109347660
1958460283
403227105
1395842040
2038861628
93505430
1033199776
667021173
1452761123
361156143
353426304
455351982
1101490529
567840148
1311048330
432821563
103253621
238933810
1181518515
1731887016
2047186374
1578027202
1136446704
2108417371
1010335623
1952605529
55200768
1800212670
133987624
1260141034
371149154
641212150
1314071289
67362655
1346031772
1368778005
668903332
1439989573
223371727
1522995795
109013721
1909667991
1513674997
1205050657
1063851334
16440518
163847348
1475169529
113653489
834975295
1278978404
343085104
895830920
132980711
1768398072
145257008
544167248
518142226
644842260
46982790
225870343
1402044591
1782215969
1396074617
1652052501
1205708643
1122592255
1206770337
1558543183
1553441222
864447916
1730869220
344041836
520820128
1033356742
428697203
1905185816
1734163507
268519996
777668065
1449572809
731554834
736346221
1231110402
2090740014
36488352
2062306944
1698485104
715934322
555251891
606563683
1912105509
1588873230
165336747
2028247292
2145241388
318662235
733944208
1162899735
1948018477
1717522715
842373605
682375310
170246348
1374279022
1271827960
593285673
1685004482
1921499288
89944314
471058967
1242979768
2090897619
556366262
945419095
312719453
1996331928
1139478633
1216897069
797501604
2085271891
1365586193
116327887
1821862553
898201520
1928506274
1818352076
415930058
1763458133
1685049373
461680865
2103876475
678130695
979417217
1110174504
688744555
1174815338
1143965276
753145711
18386081
861470456
218957591
1827374231
1073823410
1595744286
1199129259
410736666
2034789843
2064146562
1042901226
24632253
376650667
1061065324
463604519
1942821756
650100173
19860789
1705666403
1335263547
2090395679
156731050
1516838903
1977862123
240380802
461480458
1606467216
1639878843
76667024
629885429
657119041
1313311862
1501758690
1692065419
1162560835
798298018
113142536
310158482
767756738
1784813361
568200488
1170339570
416858050
630824268
1054397859
474235857
1959075606
1855052188
443755379
1386773414
1532095133
1970617354
678354087
1298397658
1345329924
1459453081
1657108373
1173020856
181111536
987186383
1294785586
1598195236
673050507
1238528375
1259835773
922338136
698610435
1552676259
1318708751
270474426
134597620
256953573
785177178
87431830
149029441
1910608961
1303462959
37923041
1996335692
673930399
2001518564
970815981
1454075718
1116395598
177207026
1106188895
1206106401
1719768646
1995199444
1955311358
1112154817
1143609327
1964305314
333615970
1764172800
978110708
1153743479
1165265815
215481437
2114668185
908920077
1886886431
1626460208
1539415363
416316651
1485486548
692643401
1693022608
1135093325
1442277691
2044480483
916593181
1282237524
1569119649
775094315
11648633
425658661
1013842776
639552772
473375159
713779944
535312633
1198200007
1723404047
2040995447
500618894
1621041920
513371966
1826813717
1715177989
2091105041
989294115
1919325705
819133096
1480173874
966377483
1139899706
949602968
982013243
157179026
302630838
1703008408
2005960330
1255108741
1707752405
1084905934
1032247705
1192941371
808008661
1126814266
1128992440
1034342001
511256426
349931110
1869071591
737583333
1490145667
1100531395
1771112415
168769834
1603675512
1247880799
1312211392
158791975
1292883979
496913406
2145885674
723712178
158076794
663104708
878319533
1438793371
843617021
678360019
902001350
334525942
1089478782
454755553
751939158
1055077885
1013079694
874399423
862752401
753210999
327954658
306447995
1380703621
1116694953
1996902772
113091973
1430063384
2029209040
911681591
1683460798
553417126
1054000170
70644841
1937848660
1740328473
1353541082
1099206632
974065670
1005754064
1641879333
1566173813
815228440
1812764802
1913877560
495660536
27226100
448271726
315657226
1782790617
1025037927
1574953037
2058499468
1864983425
39364212
523787541
8238336
202215940
139776542
2100782490
619554406
1475367237
1461537401
1355089125
1165466515
1822846053
1267126254
817299146
1965707820
1590581707
475779227
442196732
265825955
894001797
2011668185
165364552
1207172924
1426022045
589605674
511541983
1511137024
790990003
857158126
465059037
289601954
1986940033
617225211
1904984262
78639498
808012510
586031253
496570988
1154357886
795196140
954897484
1887418138
820097255
871688460
338157475
558347962
2075380069
619897392
1420658860
1330777080
1435068622
1671367745
1921089450
415522511
1113303352
1738148960
830318459
874528947
363505558
1480472512
1470580478
420493837
1470150566
358229631
1061428522
591746487
1917234646
1726083001
622114499
877442900
752446791
2052799945
919377012
1378953654
1293353251
1174033965
1930107975
967453414
563695449
1688515694
1960320747
1651972923
1888675941
638962433
2062877215
1840530927
831567589
948451628
821923975
951884661
1822152913
277179760
177066778
1085968235
108370701
756555123
1533552503
978527407
1369328707
1987398217
498929447
1634592728
2113612097
1227633912
87451355
41851703
450291602
1925808146
257811774
81746873
978647367
1290121997
1625749804
500249876
2128147268
2016472067
841864665
857590452
496959619
1709747825
1614621
1348518696
1361009718
315321851
855292570
260277058
426407710
2125910516
991332549
1466975720
424645093
791481289
837632882
1902686969
1816656247
1347452134
133815839
1148494666
1664272026
212478222
776260375
1426362727
685626344
76906631
1059268909
1258532334
2086725428
1681371522
512019599
1121094979
1924830505
57032504
1228322429
1656875636
1667362389
1499069637
1337491558
118256800
923259063
730362278
512104261
1742285304
898581704
153178556
210809039
2042229735
208501302
2087208559
2116386579
1292649004
2145192599
183153800
100882164
188059784
964049656
1919573132
2013269962
1485050940
536531185
988012235
78293717
2002357336
379547949
386670423
857252624
1461040008
1663001716
1143368980
1160673999
1331293705
1039483934
416024022
1868593555
1991568733
730449512
709849201
74918182
956743972
735348164
1782739942
846525081
2090315008
1909278015
1623722030
1295784378
412988185
1414255282
729067553
1043961072
383370457
1864081972
701539389
1878950124
1206160203
1875563336
79577719
492296967
1882587203
927921826
2072109601
1097457486
527559735
906616387
810744891
1876203978
2134438031
512587223
879204961
1060301730
1955427227
1601142100
612645523
2124660926
400415490
1615411147
1150387645
1741474435
1951573811
992278877
1163127584
35206068
1206652574
368867896
185379419
536404602
48513665
757262154
1407229919
483487957
365114476
780293358
1955268196
1417361312
1354728829
1712875106
1206967634
1130630846
1170828415
535119462
560893202
1990840171
1027996468
605788261
1403236274
1011902384
727276798
1989802579
442305907
1104899129
2097906216
1270834688
982868037
1585673906
1784393785
270587554
493906492
244841614
525066136
1320260601
1434507470
1274170103
1210430406
1736058844
129582868
1783468854
2107042349
623809303
1595079444
628732019
1515019282
1769723919
879629764
1234672103
1240084948
1676843823
969354108
1126911967
2033968653
198190135
1352343351
534725410
1633171069
809452864
1553346253
509352451
4991525
702113604
1122028738
1940443001
661319362
1111677626
1204309178
59368632
726372209
1596071143
1418691131
948420216
1595369731
1400634649
1088046727
789519752
316706748
840781467
864021427
120167972
969351666
1147523891
983093443
1511607140
1549646911
858404899
1366761194
9866851
680307522
741744132
1898265279
111591954
1102697850
971985880
1438042842
948190672
1424208987
2125355436
71840413
1218806828
1300715327
1550588907
37155230
209667537
1016239743
842095336
1620223844
493196714
1294390512
1574033494
1646883362
1226288367
2018790322
2071634705
67553561
187363399
2084791536
789759007
214249254
261250120
519148463
1626963723
1815698894
1368304213
1294986150
2099811598
1632120985
1955104237
1242551284
1437724107
956289001
449219024
59572617
1066791806
496152781
903119819
413933126
183835188
430431794
5684059
1136299227
25391267
1620200352
1706342887
762197614
997667187
2103398385
1716463893
1993755510
1755260174
1600719469
170188097
48079987
1142920992
1250559516
1353374499
385126125
179763631
1021732706
476465743
1821984418
2014693953
198942746
2038569412
403543839
378457674
1264652450
927276646
1123533580
1723497523
1596674926
2122340847
818243622
1931218169
1256101613
1272333826
33881388
1292550581
1064621437
233369947
1393128508
1643834992
1260425331
358164869
1975524757
1840872441
388720586
1919284535
1254842364
112165129
46884291
607977313
314690161
332497788
187221095
1031786753
863884934
836092574
919573383
1360471506
1662727591
496145742
1499240994
1556510340
1729010359
919170643
121400084
1610157032
798463629
664904327
1451082871
42039544
757163436
912490992
1808171014
671427572
1843599506
2074486210
1538854399
2061754398
1787414187
975529893
1454129731
196205935
82458040
2034587925
1908782630
60087852
1188615728
794771524
1723386961
828510042
1389677191
1506758561
1561949265
791903846
1938209145
1204418077
1002353236
105778055
369216277
186884318
1469368905
743602183
1176450102
1875031110
1357898157
1310547207
1740864498
101492656
847476133
1503008454
1616690542
242832457
1949461463
1291116114
539959634
1032763136
644936662
442710886
1447214984
689768846
981996840
1338293916
1559904293
1664892734
1386051193
533129424
1565228415
217013368
1095473148
314200261
193718057
2117549589
2110837174
1557721903
1842824172
1702026732
1026414239
1179304436
1384124350
1175463952
180691873
927817138
1690634730
1447608401
722587981
623430827
1607198860
1915665575
1029416928
2102666257
1315954526
2016725161
1702342761
68703547
763493689
1400729344
815063171
358969363
1266279483
1812635689
596496500
1056815400
610634778
16098374
846499713
1095536680
100688912
2130181335
1938188031
1973920756
421576329
1591233535
53431045
1756307665
961239159
1970773524
1259370697
1507662298
2017529507
974132409
1552868565
366141297
311927199
1225377353
1763075816
668984004
2117865030
1210445258
257602926
924661505
1315896042
1367965397
886362402
844182226
746099869
239460760
498944658
933947640
1266360947
979935341
988810601
1487422699
1131686277
903991691
1172381573
1793528933
1281378856
220410
727455472
2105743298
744025120
1696996339
1275207262
1866716171
2043291034
1370236719
1090571103
28378653
1336110027
1471948134
1098505030
807188696
331747153
1593747861
878906632
647558163
446109372
148543739
592269812
191757450
1201259671
919024727
1005804202
1399727909
1291967325
614152820
496841566
1483417971
1095420474
371958771
1341508789
353339320
280964835
1772977708
2062858256
942407620
1777383903
1392742314
2046748092
1714533287
1771732636
1464521744
244566453
400426103
593981358
715765665
683382225
792574787
162317589
1631484896
2016893263
1290480663
1929898740
255169648
1593893268
1102449646
639223669
1065956212
97123361
27208820
471771040
1014950485
2069332808
2123083853
1342084251
1759396152
1159121940
2010770513
1268586340
1853850538
1857196551
849982278
238616165
468125167
979610504
1509148559
1380382921
425638097
249057542
1823334404
1928197001
578344998
1589656720
930341421
1814373788
5534682
657345784
1192915782
727891859
294027206
869429272
1800394126
633203207
326573576
375919711
1981226063
1424697834
1991813005
1818437784
238888720
1956535280
1834937549
1966250243
1992364276
468480023
1637146973
788518327
1138756925
417648399
1573369124
1439677580
1150206462
1063940017
687423394
1157102453
814740543
1645148046
515533002
2019994518
603415182
754427751
973936363
302999733
889222303
1322750356
1119558885
190148310
961547944
1328327495
1498293653
1672853581
1486768266
1574786887
832240344
376245205
2084323412
582140940
125644011
46412722
307151512
1972505320
1765249908
2094756538
392948362
12197403
370170735
1742692437
1211011160
1532796695
911963536
120370880
517355517
667411939
521553369
1523095028
849617805
624803108
727237091
1682762934
702080316
120040857
1966169628
1462835133
1900097221
624050923
558716755
971175423
1675628174
234841424
222181550
406000551
549960543
815590218
1823370158
1089892580
849938548
746538007
1698696403
2121004821
29973555
1715365106
648338236
