977380507
176692404
1898913833
612412061
2040351086
244376649
1067345367
172149632
677873106
345065079
597171370
213109761
989578264
541314204
1750439804
1315956422
585811613
1911811709
1006551902
1668496258
1494478535
1657666206
194857958
1407575838
1044513773
1995656066
1372750591
787399108
706082418
704440860
1566386466
2094772184
1928730056
1300512148
79162035
440159657
1034175473
1799140022
503643332
1652541809
972327037
415956693
2075516041
1866297004
1733830273
491244975
1587479145
1065153791
131303942
546129529
1755945709
1967877124
656379569
1383173528
934765378
562506795
1744551832
1738450717
307996163
474235335
1834817073
946353935
1759777544
1179995627
560142666
243798352
1026090636
1724934780
53643419
579165421
1069317148
1869905279
2057191443
1416188634
1207306232
218947050
943225058
2042857618
1273444056
352474340
1049957414
1672284788
30208189
1561953159
1420174148
1082128365
192256905
1242147026
2146956579
1214660862
216422936
1098791707
2076277471
191751600
1864963649
730619412
1955521833
196634462
1370305803
307827422
1422439195
1436026002
1640529645
325557290
2100574708
239565226
579463396
2112933443
1255764631
1753836594
1949625541
911631472
194236994
1456412225
1090480719
1264313272
1099463465
36135399
164244352
342935007
985777532
1796140979
1507986870
322772545
556812905
103472507
30641092
1579130640
1261662594
1512371830
1863330412
659859756
15279164
1785282176
79575248
894291071
1285932027
244066412
174695771
407829390
391764137
1383041795
912900931
1705021863
407627815
1513100213
1063140900
1246423494
2143132581
1106346599
1450076549
1857304428
1874720597
1622957409
196533933
1277676392
465052361
10783415
40412899
653428615
408528296
543963552
2040327496
1142649174
477905063
1257874978
1092130699
1055353766
966784614
820485020
265187906
1451820769
330146753
1040846086
1514531719
430126262
1119785848
887359924
872641859
416243256
621249739
642020089
1610758046
941450731
1408336960
1524581124
83085007
831626001
888833445
2111706865
1879069029
271802408
2078318823
688581300
393360688
185845621
354994306
1098567765
1743519458
788530845
520345500
1083930314
1774988093
284562086
2089351868
1555153455
1652999301
304631213
1257622693
1957962782
1821341119
1516221033
1684048951
927075492
334740932
638678876
436321026
1868871660
396811182
513843269
1364220295
1724247234
1869871444
891738550
1371367779
295270416
266563786
1294465054
1193758524
1905391234
564472826
265440358
374764678
2132447818
208270718
599979627
1630469058
1678736089
1560951489
21424645
1334460858
1633205000
913200442
1964995786
1685745709
1916732291
1696331977
214131119
1414897903
900756083
996220484
1039378739
358670254
961392315
1360130196
144867709
139289703
460637640
418808701
1990088663
396724110
622505927
1737848867
1563961620
582585613
2031496715
1080391075
500327898
1991528677
1135485278
1657063364
1597841319
1823623273
698943678
1119544495
1626320767
1176682446
1280342475
1724043616
1672573457
751484627
1376615022
594044561
855251090
1603653128
32920334
1119362998
1009727509
1498311456
799927416
1450800150
139152277
270843855
635953431
964685161
1534204916
1008437131
132380634
479506596
1292934222
1112675771
2034597479
1713237201
1892517254
980587328
1832291105
2121097797
1386283102
1277013411
1472053033
2049479196
1730171271
1090017843
441932473
524940442
1874722126
546867253
2066133844
50756390
1981710488
2094117184
786024480
864243949
2128598706
1179876520
1277212998
989465313
1737104532
27979675
2024866118
810284521
2560668
593057180
1791029366
1469582929
2023941823
87277238
626566429
715784248
1758451054
673518495
1010118955
784976157
520326695
1222374165
1821836755
1870976194
623078496
1551625205
152633917
799643013
192085052
633956663
1984157175
1830337822
1000516419
1280215250
328191939
1021830470
1003309898
139568983
680710173
318228591
1187778934
555912353
1431139295
925517181
816230580
1068360465
703620240
16302827
1775647002
658256024
1027715496
1956008900
1460940897
1961020512
638201560
858622817
436992036
1812128387
867495074
1135177724
368848250
1118697811
2145471906
1032882917
520972488
2102818655
1163890480
633405401
10723778
1796158943
217237992
1831030534
509629382
299179628
1709709824
1831231237
70556760
613856056
828671942
89252592
1907379183
1452340817
1261482406
1156466141
2020499050
1187646584
2036084883
1408267968
2024581756
183771745
714982062
1852521372
1246034517
871358362
1766599893
1623731950
229769461
2063503899
1663446049
204547268
712411774
1362857221
305959810
1257336325
1365098353
551221528
224575893
691277173
94981068
1327281560
1445837006
679964324
463414514
1696226400
690078682
1609313076
962423208
2124478256
752998812
1578993672
1224718027
1967353438
270892706
2098453462
1078626984
1632401358
96433902
226568003
1444733494
823813538
1265625844
1228941596
1603037492
187058484
960931467
534143273
570292047
1088771648
215055600
1110778149
1354517000
1021427032
1507383986
52782403
625986616
163066570
1189334459
266673182
368297716
427624340
1791722271
1222652253
513600828
659788588
721776608
1515130168
417457696
356611142
1548350805
67459599
985341210
708727848
582206064
2147242862
1127196268
1500773550
89837402
389008020
2114360494
1162950825
1328142224
991275363
1982717402
32653204
1021408976
134889070
1882068357
170501242
932896031
624008709
404546776
1640355268
1238214546
1334601390
1751992811
26381524
1767417353
2003956844
1017805553
865302009
774927239
839889480
609333635
1087107660
237412669
1823654531
586454516
2049133123
953284828
997997540
388137510
712235672
265777387
106788385
234755355
257504898
1693901805
1074370534
176506743
671308640
1334221727
1825181173
1130007768
807955628
1959815845
837872019
1893746559
550479499
744268219
1740405103
1664665216
1761937711
232260987
638926788
692543008
783993649
1969676776
1396893922
220372778
1628917135
1256041913
2026898256
699275221
1590861601
146595300
1712751859
254864346
1465368916
1978303303
119850451
885270169
2103438515
1750400738
92322240
1395221454
909087463
1445803987
1693358296
183253274
1406744373
1396497539
582239940
17898598
1737392872
139573875
351056851
669049785
1111193922
1440209822
68845921
1704905280
115962518
1379236645
105374539
1159246512
62555974
441300141
1974353189
883641670
1460121606
1683455277
489503516
759911388
647540385
836201284
1089407705
1766572219
936438480
1998481605
888827917
635556555
1452254664
1642170496
1279754250
548734652
1519910414
1989415164
480938604
1756828510
1528431772
493725226
483441885
1030712757
608596141
1615056922
1813572162
1903162817
1474259475
58396243
1438432954
433631534
1151699448
1072192807
1222570236
568389893
1091293803
1246048937
189189982
869304836
169378981
439962190
260265155
1504488662
1743068639
1432506644
1865918928
1266100054
1955871820
1927448746
1940648705
1117429574
1422973156
405892756
530597186
1784974915
847781333
1912062480
422542679
1465175589
199392516
1517097948
53027775
1641679654
1104544518
1530483353
1499994955
156869701
260433112
1013640409
954891864
220659691
691006926
100320387
1731087461
1451134184
1006671483
1838005387
705835332
1249773768
367768824
2042604126
1067952472
1545217952
1632351089
2129058953
1506745315
775830008
145955838
2063978631
920657408
1943357755
567453764
613185287
2010851581
1088139490
847632060
409340246
1234808065
1027894746
81098199
1155264901
975940276
1198141956
559000851
599727178
550411919
2120879879
1282668864
1752867627
457840159
1316594791
624776129
1814288996
177215644
1974041898
540783888
2032166760
971228356
1355084797
363355653
242254201
885212337
165724285
738704472
656087064
1911357935
1305165454
1647261837
1104201190
1893352771
964067909
1303989852
1658691956
1428330235
588813098
654315616
1811810225
777920311
2006094469
220193546
919849113
1198415545
1443617249
1055628988
596228846
2018056670
1366940166
560290405
2133976026
50762355
439015862
2074139364
374956894
1239894611
423661933
1957057373
269623907
726527414
1508581341
2137236089
1793023957
338270198
1344784730
743055307
1193528983
351382140
941425550
2038047015
1896347910
1406058579
1357579491
1021537249
1717880830
1384823106
35341636
803712393
367799142
34973505
906518121
2081274983
922384884
1508347532
855142008
2021439533
849125013
379230000
1256644000
1912688737
1209837755
1253522506
238089286
1269590813
274885177
330474102
83810402
618490692
1016576665
1997535264
305131947
344324288
664297306
1767808662
1148268001
992742865
1151204079
1193869056
1073554323
237900101
1612615723
176435270
1493238698
1484364269
1064179804
1935905739
1896711153
1220659938
1359141694
875497942
444169627
2128532572
326031603
198974227
1533102271
968908949
1480781484
73375683
253027014
1330939144
868237231
783530312
626737247
1495138948
1922276417
2115463393
1367553835
2008482478
119540425
1128888082
2099398191
1205664754
1121387200
944598141
1589888456
539036107
1808969610
1853660032
1239117389
313853186
249670934
273147373
373812740
1942008451
142028861
85776070
622669985
884333471
1939706379
909106104
1234498346
1873800801
388708524
156734149
647526342
658988303
121323347
541179337
171820808
2045789681
1700795102
1510464822
870440278
659856022
335501398
902124792
2136632386
964291918
1193236143
1103262363
846094258
445984246
1021244403
2178961
905394037
642307887
543339884
272468501
696638119
539525667
742877924
387006348
1878806911
1938897811
996807560
354271325
1602183283
117143802
788752383
1591046336
837996413
155851153
1063594381
603583801
322068177
142938275
1916118921
1473565728
526606809
830132580
339928041
1298354756
1729876053
1069857651
2107071924
516175312
1641823671
1712429119
1547633979
168643138
240124381
564339013
1928745430
181230816
1497422762
982554072
1937165953
2097049888
1790609482
406089643
881014842
2083394420
1742152901
780589339
1254494370
1252726825
999978736
1639713256
439553550
725573993
1714511604
2133703492
851840710
1003758294
1761448007
936427746
1929981434
283588837
461595586
1040910189
942352412
184803886
339638636
1101219069
1322758727
818988298
248875789
806479029
219209470
623516521
1900092154
508738370
598614977
1063463198
622909001
307312285
2000070774
502743223
886676518
80478459
938478067
1786980141
1786136948
1608168041
1704767416
1556828157
166733841
1306797584
221942793
803499089
850486961
602184296
17295160
1488137413
1152315165
642990880
525510045
240257186
133485020
1519338709
461047129
1480480736
714562589
1335842144
785114683
1569243245
517755098
2125824264
723827798
1544781779
1576938363
1821628437
56293404
1389021735
869081832
2023477575
1148692969
532710509
1089654260
669841564
2092101260
997183850
835024450
31486125
823371225
548979541
1381394444
1940298232
1502720167
675666110
31077761
1165218314
954591639
997834230
1536816443
1793261166
643679475
73114173
122588666
1937167708
1028303765
1008305077
1195985286
1539503251
1713099802
1502916872
1926124519
143933756
607208380
1671311733
1514463107
1318508996
558781178
2082841844
728633059
2055064865
2082071036
232205362
113589162
1523409272
1303324641
1192392719
440010297
1317872079
966271350
282388227
1584407968
1962764198
91478304
557653077
40494670
1192018432
1158572987
1854874907
856348270
956836101
1907884808
981844620
747610513
1901634766
679531721
1963901444
744704183
440244231
1264457067
1849320299
88751098
1468382458
47467812
668991920
605183069
580017024
1866319551
1957061495
645085560
1243283481
907134001
1815120748
1545009457
1683303482
1752724836
150762819
584249654
873905274
1360855914
710305985
1876197704
814043589
1410151541
275404613
1896394611
1656279106
4619915
1933198906
1740228827
35430777
1447134221
656050530
1357831220
1542371915
1558187956
647114500
1014437679
334049993
716067122
1893172109
226627290
1360485466
236568898
549833638
1105755892
1679526902
1630422682
1700700588
296601521
1750078118
2115900289
1250436555
866657021
2069347957
91224234
795352356
273476041
324991439
582942910
46379326
350552761
2115166537
1371637518
1042458983
1795216442
1275631932
287899347
1558271089
803588616
1347572289
960418223
2111282995
416262661
602220776
1005157402
1301123677
1839559188
26929610
1067978540
1778359112
1008100357
1010173208
659620560
1086139917
209411854
624771636
733020441
613508953
1031388745
870502117
602134781
475031119
1827327426
1461393433
1006893876
1965107795
1689503682
950878277
1882005687
1813812130
2132340410
1118559582
1039951089
720421031
214204683
2048792553
291516383
190139644
60164789
444230791
1293479251
1594994993
52157466
1326452591
951451732
2137774836
780395401
421988392
1756447727
1941025320
1798294225
1476386635
860570895
633069829
1159360847
949994832
956346046
31847712
1450447349
1193996459
2031703226
783519108
683847008
2073057226
1998433534
20799901
38483524
148045256
1026045483
1980443888
2016276427
666539965
2006249795
46420438
235329110
1747165214
269396783
478417150
2038437986
1415057333
1656459318
1615777876
683536633
679978903
1596327465
583605049
1868742411
229567290
415485296
1216257774
1393970675
56360334
669868931
1731803761
1276561345
14858569
1836586534
1139897372
314117682
68194747
156261867
556480074
805906190
705858479
201181525
1858027675
332163031
38048375
1752310297
1349660445
610023614
1230459704
718820736
1041970476
1643572174
242700317
1871210664
1991978370
691114660
95106846
962981438
426989300
841075834
389776869
1402706673
670945094
424293820
677984873
678000712
97697307
1781284776
1872910218
1218386589
2057040604
1128160380
499333042
626441033
328830342
1216837990
154458226
270165858
1616316877
1343535131
1991555866
178142935
1627422593
1933432436
1428802317
1282441088
1698865079
372403862
2094959936
558738887
422014745
307012290
155970586
246367886
625846800
1425223362
1629583621
1281287239
1343746447
1654189143
1020440572
340472608
962378568
2056926288
64667360
1376602523
465039550
1181975087
1332519191
20284880
211874916
161896536
31090840
1890370440
1410066110
53108703
1234726793
196349229
2012017441
811959958
142401175
282209214
467997542
258425097
1058743333
1435353025
309248908
1420732028
800844244
496752734
249805738
104820659
141133751
1849402828
681884913
426375474
584731076
1263818178
1336151045
673755026
1941346039
1068164959
10185474
88142789
371731809
126020823
441684491
392071022
41518446
621942791
1175806221
748497003
1871734134
2074240914
1565963681
666173410
1343259912
80998990
271273605
41297924
1294086871
2040458440
467262607
1417486064
1660927444
1905492863
17708911
711045131
17232837
1575443062
1013565725
1548277156
823428976
1182499295
1300972625
1336743402
1110498109
623917716
554253851
1885376971
230908362
1517770212
1889278356
1529036685
667304211
1152000513
1830979864
1313239238
219156643
338863715
11548199
1627883831
666099354
50630914
545095922
104263535
1804519912
360660862
221773975
1118684764
1969818048
1751073649
1322416168
1586750349
1289446649
2045803934
1154215471
201680213
1975397446
2046743576
1435598119
1830889712
1350194087
525591329
1546047239
257691603
1340061136
1781104833
1662923348
1845708762
2000916590
1526347298
1725268427
1445416719
290716218
978139432
2107476034
2082129845
386605048
820588193
151013359
318157704
124074755
1038850566
1390495898
2016458190
1215782955
49909647
2140411749
1105372508
87424063
561439976
712312410
1321825343
1071716399
268490673
417749547
1182202894
975173493
1094736621
1180280320
838921104
846975550
958071127
1823209071
2001629005
217246750
500244316
1773218228
42895859
2047268806
1613123714
2133276072
295743200
2053848306
587535003
542306962
134525527
201738651
80476962
1402618769
1087358220
1940136734
588534813
1602170549
148577054
1788105600
1362311210
826005709
1612666728
1186799983
812437659
928700221
2024459644
756982983
1124075891
1913622022
921091671
1628901958
1429121010
1006575835
1434566843
955137881
1889089756
463802430
2094512282
1651859013
304589819
470008983
2145156619
1119685293
201535849
59056997
1997445256
1918231403
1388732649
2113316355
357193242
1283022819
139792889
1360704943
990936097
1229302966
319477595
1530197683
130760324
165792354
720750442
1236039120
1514787099
292916442
725882780
423595761
231241894
274513531
62892367
602258433
1052067204
253971062
675370203
467996399
112251303
186200160
999720498
1429110584
1507535436
2137601554
1143987630
1741316410
1962948144
324951774
898151829
958978729
857144665
1626464597
1342933123
684392965
1374614954
923903879
438295613
1677006882
845782874
1096584724
296078861
506913730
1648527917
1972090117
1626068061
1264082258
1323015860
2146776867
592444609
666510899
565012366
344479166
1030441569
1243218383
1284642612
1398700735
2259895
1986790738
757006640
814821742
1617567092
976598465
646093887
201353202
1668897685
330844258
378608374
240219255
1017992734
1520184352
1248108881
1766560619
651040030
950062977
86720126
1046679704
1989751772
561051201
213038739
867915958
1595982772
818615759
1369137230
939765491
2005239382
1602627276
1227549345
1214828831
300228821
1512610431
2054162994
853610051
1497152033
724822247
469071844
1243770833
425982604
1093005950
16363470
1498686069
201620318
640709849
1106121920
2086049851
36673326
759259471
1238679671
1516988195
1115424120
1863271265
782221915
1156682089
381501290
242228790
171776575
352277587
618881885
1267461863
1651430168
1204621744
2136758745
1063112632
1951357201
836214597
158050733
839379127
1673884423
1647313611
300255010
345485265
1906250852
1715036518
918333185
1042547037
1632212665
1164909485
1311556099
2039385547
191635965
1263158933
714987343
1835784548
2128898259
1824506916
1386694716
1212328249
1669428549
1915013128
733522731
1216043157
1320522298
1919265645
1857258793
1284825150
581789391
1786515206
1942230953
2117109179
1823112533
1823522855
1203716464
2081105371
1006552200
1397574962
1800997948
999534242
864660389
529626466
378934422
1019544694
1800441786
1899909459
530303837
880960963
395893601
222399649
1931096725
1456239339
1686147969
836109447
1908207821
1264674022
1872267
814748844
973150972
1424071409
2139944223
1860997113
1266645893
1765894210
261795888
935551503
1548678670
1940485440
1032645116
667860481
1115553662
1608689584
1292970550
1843011294
56088507
122349540
1690389829
341427398
1865276945
853727005
288961015
1343759606
2116837646
1088273403
445594147
1570667767
772544992
929859098
1252007795
447600106
1424375237
965200339
413981466
810369933
1646468729
451295922
1168160973
803672861
776512098
1607452927
694754404
1284265497
1652556718
24204901
730217131
866517382
739232103
15468511
730468429
1911787865
1482104424
1048303498
1509351735
1590297481
21974332
704209710
1910924508
1218510155
922465868
657065337
1251809131
1246439185
1607649152
658146763
1828435614
27217330
114177892
309559190
1837965244
1736698736
1023180067
1736564220
1753548966
40049051
387703012
1690413165
65376711
108828699
731470275
1261555047
1922561416
1366285529
1882213902
70571756
2025487586
356462354
1462191872
776061765
2040783269
1259493000
85213834
568912773
1012887509
759444361
723194086
850476453
1543507451
2067185745
1266306535
2013786106
593095796
932223332
1066115344
985940800
1684288474
1146528134
1050530232
1294660172
1723064607
1658496806
1733963415
808305006
1655681644
1531605621
970742703
1276649078
1833725192
2122829572
242024778
2119981240
63817439
1093252588
148230876
116077114
56430131
1197825202
123483283
1038014583
1031966107
419880089
1626702033
455268998
1158535281
1558410661
1643207172
1113309092
1697699642
61098767
1381780367
66307625
521891059
433092291
1546882714
1999874584
714284405
23551368
1766021962
1733836125
1784410563
1742596496
1543579066
1497859378
1029217579
374238958
185479254
834358972
1010704027
1472755467
738039342
1392274514
929295108
684449027
1753302351
969287537
1131956667
298840305
1933816792
1740327818
633669729
2109696722
2064562647
114868645
833823958
30218726
614517421
2118233798
47147297
484863412
563157498
229561913
37929933
646465085
1477199433
268423912
1435200024
1501763870
72316710
473881085
1835322145
1892192350
707102069
1666054545
1085606216
1580901334
1956546177
1631847976
1292289181
1851871182
2024294541
1439087817
1607714180
1996328502
1823831484
112521713
595153952
1862733587
431400331
1798184117
811602269
2129847365
228460823
1105143348
1164286366
930621327
299224126
21521209
1269004349
1001949807
945144456
933995572
2011647337
1322609211
1530470549
2109092445
1030186389
2069957917
439336873
1423525393
1590145756
614914271
1760761831
1967905725
1369762420
452000171
1203108677
1839216139
1852753978
534369666
1304261881
1077215925
1530238802
370996521
1714892406
119349781
1924361148
1598519150
1114892086
1179038016
2053968762
400686120
1130060881
518846032
836170460
1134490424
1771709322
1298179997
1018809981
211973205
1380626028
2127771409
836965755
2062767522
1398863745
1048062067
603273520
1202581537
798856189
1261871997
1001055589
1844767240
1206960622
931877556
1699478245
271994408
553348890
1058703087
1743644083
1812246849
2039169448
739706248
1396984428
1051447132
1536321555
490514242
559201181
1879995494
1134886662
1209979512
135042385
1618252036
759072508
1357654710
503583638
1015670582
997584016
1949946890
2058200545
1496955954
1111090155
112365675
1564694507
999670827
313669789
874742971
474186057
21556363
1485933874
187798919
55295493
1942211975
1249534675
2142619754
373584987
223043688
162681724
2117295838
609079488
430091686
1713898563
55427008
1580319761
1094749952
2035606132
1886436344
524678528
1964336751
1496518397
1734548750
425550196
573887882
357736779
1063549108
1043316204
1682848511
2043228465
1596109315
382777272
542182379
778552031
118275366
1933587332
1790054545
104840566
138786403
1303265589
857090170
984084893
1954727663
906245908
1846865489
638260084
1340398980
308392170
1330512186
1898097147
1414578229
652671116
596946451
1690573162
524734726
1741399120
1818792634
227641366
2047834339
363906583
928647380
1543441453
2119110532
290806761
654824911
877989960
1519506300
1357374261
51818565
1148362872
1166894874
1203054298
48603627
1539082698
614923807
892246311
2061717693
2067133427
351097895
15697537
488110005
27260410
263291476
1198503770
2002078007
351531519
1587898563
2014942157
2147109374
132113640
2032046508
1062259058
873181818
1072837470
1998369769
1333058590
1050880058
984216957
2100251566
1068185475
624055954
1285620207
1146934757
1430374315
1236066872
2095046054
1424656695
1273763908
1614410627
978040310
424380935
1483530434
2046642170
95237414
3764316
595641200
1838621022
1668725035
124176603
24594858
34619379
768348937
824767707
1624715335
1066842076
811417204
73037420
475831259
2047468598
337476077
524290951
895904663
1307487235
511714776
1716621928
663858076
1250517606
258082602
138363898
917309197
1086898249
1702808190
986234220
1512227476
862006519
719071583
222549736
565051857
1894037694
283592629
279010208
467855069
1275919955
1832619740
1766661751
521297463
1712375738
147796244
229979088
331413952
411200425
1308672937
1033949241
1812335963
996132620
1247527707
585120512
418433478
497726237
1493269178
1426186561
615634329
255963749
1532499962
764569687
1042788485
55422312
2077343187
1709077633
919184036
1358904044
737339731
2136512839
1176589528
598132717
730127436
649408072
1225121471
1644034526
947485454
2131887892
237503582
273832977
659003681
1575154276
1135858736
1835709855
1825674843
8185726
969778946
203549752
502641779
174077889
803733968
1532910614
1662327032
1124610192
490281519
1618478280
48120578
566071718
11395002
1072307411
301701229
1088249488
1211333637
1309960791
835770278
433946892
364240627
2089047058
1121194476
427615795
165154177
322430059
608758612
919545094
1446066973
1793940455
760476132
1039026804
887676541
718716983
1115749869
697358131
1789680162
860143187
1097687750
1169367358
1147485291
1767923462
1679729349
1786509657
549470986
297644008
802097218
1125339885
1617373953
459622814
806362164
819117622
400630458
1256654593
829418341
89227666
1013311853
1124882107
1794429389
821733225
1773305588
2024307333
438256440
1982385307
1588289895
1436859619
419523580
1643198359
620565627
565161403
2059904682
1983032874
1729910512
902380020
1997253632
2061492564
1260754913
629159641
417301698
1997576391
120843578
1961854790
1669454226
121516738
809797871
1483639023
775710758
1441305495
1115734954
1242237916
1811667730
699131913
1029778483
900985882
740921178
674497786
852768933
1744935569
1700513064
2080664405
837924077
1292956348
1345382009
161039933
686777520
58963299
1527044940
56206155
973995855
124030249
1162917184
2135699142
761859557
951329855
1531862054
1855323304
1907385384
264472661
1671262856
907841663
1693215938
265086968
1860470814
497104352
1306707793
498109045
279535290
85788165
1724162326
1903612170
608143321
1288842066
1997352928
150752029
954105217
283490556
827663120
22873594
642067186
1612405315
1625912807
1854288110
294487031
801477765
92786710
570937890
250396441
685185355
707447837
1190058299
1727349969
1731482471
715676024
1803189537
1275525310
1798105781
48608507
891357562
138348922
1993507937
204669001
1946503930
773465382
1804327067
1424877992
371320936
572233765
202200246
144172552
2053160291
887798858
953295661
1579918168
953412399
872380911
875493895
609921092
1364080294
1024850516
464563371
705640310
1955665448
1278389230
593843582
578141837
1079670302
1025370715
2088359553
198985906
367852156
1367131556
765473969
898029787
1891654920
1417345128
1389137270
2136944070
1904094195
925714011
1887452739
577312586
807357966
1580021544
70993888
1101283004
111688105
2002602671
732988152
1023218122
1407087711
286150125
1237731296
1662709134
2110344399
633888503
2117562606
1035099399
1236319268
1392204403
1129668080
1561539873
248772797
1596581998
1236366097
1823126498
937752953
653856508
442822481
1095603339
1965973281
189801435
428643182
1749998177
544478412
887016793
1278780290
1896626691
362083320
1709949760
978571959
343185123
1308052858
137306056
902093834
1426242115
1970261035
36699216
1439048050
297991819
24442738
1328145829
1846180972
791964741
1392134596
115382448
44615072
532143042
1067791985
850490413
677026319
1031950713
261254214
1875917161
501154514
110508463
1750971395
1337754392
1931526256
1713755776
1863544159
1865202013
886702418
66284065
1763958391
893493268
1060633275
615471472
270532159
2102219235
1989930922
45881451
1866779032
1933478025
53881039
1241375842
1683352901
506259306
1494283860
684654726
1348398214
1228397841
833638492
1655052713
1407789284
105810167
1661333320
2095758796
516788711
1457539095
1935462058
934455365
353312260
291014622
501504488
2044314228
806168972
390969741
231498557
1037513658
528733640
680768428
1390806197
2037177507
2033214002
1878363244
1535940615
2055088458
819573965
8741402
1498206240
279381755
1992945774
1504676918
1882138820
601601678
1238883836
1363351327
787529199
197894326
1533799863
772228155
635890133
1833719100
982296043
966061097
419138652
1075707639
1413651374
1653387613
1996848530
2101596545
124693607
390592580
373422770
432852720
1816802636
29574751
796702416
852805185
1810540880
418082053
1628157221
351368046
425879864
1631026138
172747653
895362330
280534451
1971491450
58279122
640379131
1891261061
53971265
223712152
1400901586
157321962
214421496
1416178899
108337342
1017013396
97691313
1528330241
765852737
1782550779
253595711
354072504
672462683
562650197
87422965
1571903711
1075756627
819428066
1986539254
803804446
1823563131
116701889
63569375
1016279490
140194071
2109552610
29361062
74930705
256190919
1274594123
711321980
1240330454
1933119665
1227310296
1618049703
1706474625
852145490
299108442
89214650
1571370872
1332022654
1642868861
1352487103
546630393
1853964864
986687180
595301115
1767781036
1803908711
1782652138
1895750534
2078022551
1957046544
633586685
629552159
1876017363
160431640
1560995948
1412560112
1527116220
8222623
15136806
799840841
1753126112
1620983413
1412571081
76549321
1640715878
215155754
505179223
1210209457
297751187
656248328
380461185
1736771353
767548173
783546685
210815061
403837621
1987621565
623340176
1003293314
2121436918
2085361159
750773473
1562848258
1546143649
986310537
748568309
1185671949
1904869163
665572916
972055305
1634514931
393743461
1375459238
2047285550
855492169
394791251
282435034
1291826073
102945452
1634988540
1927198275
1862011730
473547154
370261409
1475341409
1249829115
1960111475
34913522
2143714164
971828267
913931580
1111708241
987231688
2076327802
1899706075
954884096
201775831
604086969
680676172
1281258817
1165221563
2076839415
1724012871
1750649695
171623170
1259945494
1167180065
302087492
1200802230
1680944062
395319844
68483706
78958946
1570993173
298003375
635222059
2040472545
743974262
1026979799
1325997874
220533257
220447728
409809496
955050408
843674670
1438239294
192380119
446700429
1010640077
1795695599
1707565308
1161396425
1224355515
535891115
414792933
825262931
1808350832
613477563
72115487
1924983471
1513295420
1073608785
1115991205
1181874639
2110161480
854060688
691037056
160739393
822974212
528566634
1501154580
587058846
1488491806
1192328807
1079929853
232817465
1928251857
1856232108
477489083
904430369
1515451995
61652843
16616371
256272551
1840063473
1309609296
399374541
695021283
380685483
1434959760
1700350448
722993588
1704555153
1258561995
1987554188
399239598
2059679542
470052706
1535889132
2130411682
1590015342
1530704260
1446237133
549135344
932282138
655742232
334418226
1689834337
2031205570
1281999384
1362301242
1390420973
2124354408
1412591959
238580042
1614065056
728545962
1502441950
1404369315
956834182
489946000
1756685327
204454533
1310958777
389557541
772560362
2005195221
761209466
823864827
550672157
1878570669
7197573
1211810340
931065750
1042138412
1865931212
611732972
1351316380
448643492
251117986
2106125626
697637680
248683370
1552763089
880546743
561937299
91207802
13233176
2086538204
1386483814
683142563
392089809
1125909531
1693761418
1865768667
1530492215
1218954894
1810544627
1783444239
1312402094
1261450393
2040327628
826134015
544622082
1062169888
1485205096
2021764518
87301429
1361217056
1406621178
1172554132
1108008270
279193455
1191212407
873858037
1523404462
1621260158
1643544877
769274052
804109034
1935301526
2122470137
1004200973
1615445489
428655339
689553011
1016771928
58578147
50406773
210646691
2025098658
611141600
29300053
2058521789
1612786459
603039789
720803691
35307939
1662188413
1034249388
432103420
1810714157
106316344
1866786082
1335166228
1767752673
1199211692
1252901438
227737515
2085648903
470274097
1039563777
1101144100
1252185395
570397326
367401932
7439265
1430575338
764157671
982534928
939420114
690824920
1495033996
517120846
1167574469
245900870
1358604115
75804706
944743813
2056843993
1497945654
417446035
476890991
49294274
839867886
429935112
972770417
1396133269
1132512444
1076435477
1056953034
1910157117
109158058
1820479844
1595190781
2139532802
1861068571
1598206406
1779172083
1226622991
1088093683
185952466
62249105
49362161
908394102
584189000
367928677
1192382680
988768826
1217918599
951023827
858043315
2036726691
584696510
1703996866
374795731
77876211
594345941
2058815758
2020888947
1462501830
762352134
585235402
112552113
243540307
497835093
529977552
1787986892
1273459277
1311473391
1915975567
1573023095
2055205484
1654271749
1834617434
1062635922
292983190
1028031346
1918107758
1436676057
524386396
701065545
930845329
1119238995
579426643
191117532
1419692835
1325424589
1483876311
1531231455
766640276
27868689
626558274
265802112
1074206350
1524455669
982703853
349403662
2092156737
1810566249
360428855
1371130443
1084511355
1038026324
1430868628
871214454
749062846
615795894
509073683
515801860
1955296417
1609401790
371362117
871909447
1991810491
634307780
1293863139
348675461
339158539
1647164071
1616541636
341767403
736622761
762438543
193256642
1031366715
681539999
888829258
1344945450
1746659934
1103211299
977381364
1978223737
782952948
1958961103
528160211
43579743
341622855
1097349637
274305796
2010163802
1571400071
2135940338
2142562831
315770613
1344558817
87504300
172160515
974910889
1117991889
1406549810
2020431953
1108450749
107081671
1568723908
814427129
1814146500
1376846576
2099209910
1623459697
622311313
1728985146
2114576315
724100847
962029433
1502461018
1158837853
2086927830
1771509937
912608575
930363274
593368961
2010613641
2090306918
1385385409
1763144424
1031331517
568161988
591075324
1811221441
1411363215
785449761
1133865868
272302114
1096320279
1299642308
892355000
313131265
1349318614
56935874
1541623722
1932401671
418577448
942084410
1174053175
303838438
588433410
1943589569
650162089
753384283
846204255
1397698654
813049467
1212807172
1834304329
1288536654
1244914916
2100295985
1953013355
415082919
1764813916
1565189995
882334031
1223806902
1203294091
397087098
133199190
1366731111
326292260
58185003
1454452221
415721179
27467191
955028177
2089922125
1153625213
349546176
2059688001
2092653653
536496535
1952767304
676824136
2022945317
983958424
687903845
438258443
596334172
1740070872
1857412378
1256230520
1319502149
685905724
802014180
1942319286
1975986277
172478041
376344944
2143015625
2080913641
254789815
1539392303
1831440516
722662543
496236524
439317364
1926549881
1978209061
998427059
1516698286
286665680
2027569534
831009708
1631808701
985414166
1832744960
671346057
865592132
150810388
1136173463
2048525561
1347150179
486005730
2118576814
791671836
2112648673
41646445
197918509
50972360
1755912359
2021545701
1138643837
1937133390
1558105741
420394342
468971817
2082391785
1140815421
1338582
455234872
492005779
1193559760
1182091332
1710326065
1917119847
1363099385
1389587953
656953296
2046869876
947342227
1539818898
1027000129
1027904658
1690536241
612427333
1686914093
1522248275
1410578889
405473299
823695771
790855297
1982942703
405909252
153818863
1570741571
454403133
113660903
912211647
743996873
2007290374
1784198460
1393500522
445708276
1435978124
1227617528
1200798594
1855899859
712072997
1509009854
555734484
2034632661
1759917265
1050741712
947538789
511581055
1899117203
326073467
445504967
648619275
1401394991
1751302767
422480704
1543219033
107363957
1254079623
801482367
1483951564
1221641416
1335877826
2012875761
1148708836
815973224
1005737084
1189929650
370727924
96274255
1798793522
281682200
1137971515
2010296947
739657659
1810019642
1509143735
604180305
1645160060
1531685177
1433426512
163188485
297948905
1446027035
1793969888
353669603
1989391626
599343347
633328657
941391165
1094377027
26731822
65968150
516642007
471047157
50338055
1541385609
1681765751
1672255026
1716208670
671613762
1114489587
305932551
1512964426
1071639067
1650029343
1426790546
657093062
670536938
301183989
934673112
504114964
124666321
1011303594
1521824742
1517981085
700637406
1719775571
440511143
391102813
608910152
1648653
1172969101
251382679
759884968
2085062986
139585255
1746874990
637585066
1210965778
1680031627
1635780905
1501691867
521496123
408419846
1511574350
2095798229
619338867
1463365501
358265061
1720104674
680265732
2022555338
1210158872
1266020592
1159921858
1452959534
924893594
2900980
1156513411
405342688
28820769
1999878458
1243037908
1710776274
339559495
364300549
733004033
866207650
1943425680
717610282
1639998072
853602114
284213468
1638476758
907437275
165397366
14204295
1750653895
1036807547
36938674
1316384889
1272560253
1682865350
623927884
1054016599
1833607190
1697726998
739691325
1686166962
1566699501
950237447
478689899
68822985
1089272525
465481351
2146568910
1954589416
486332712
1377732855
1901032858
74689161
655166688
1387033617
944442427
315729198
1360975487
277358223
39357288
655173056
1685410326
1881982507
1803539138
1967420159
1702131489
452343842
1993815561
1900296725
768652882
1088534615
1476939933
984722888
282844074
1183446740
1073191677
206717087
1023971771
2134941499
888408757
97694947
1854472244
301127555
566980148
68372541
990929789
778305256
757295262
1822690121
526849684
1194699867
845069351
1951944894
1277580239
1234473874
1701196564
1656102588
171746174
100465311
1248090776
1045024684
1669632844
1689682951
434978193
1614154204
994171561
1429305239
958029259
141386624
1195468115
753726131
38402856
1948009746
1671161392
1687979355
1995732770
454944945
502405914
197656535
723184551
251121801
404962130
2034619039
426998880
1001452632
214608711
1660553719
37735340
1608010217
280964762
478989999
103009360
214763982
1981344958
1331685069
1164601941
1871614258
1281456102
927543153
1577950624
681303204
1381323185
1848982625
1155906105
167853211
1686347483
1646663905
1647118283
1668054335
1148571819
1949091775
243217388
2130659465
1688875383
1297911063
1495492230
1444269035
1408351084
1609153734
24246016
119385707
693362292
312723117
787521286
275188892
1671190329
359162637
355339257
967145225
404633804
128738206
1664398147
293290160
873345861
909744606
485399737
1376900960
1505636715
1517875827
593958581
1698662463
1431519788
1826806433
1987053874
202417878
618090246
1183971247
876606875
1312464748
85501804
214489845
1886452431
77323767
1613577790
1832037443
1522881056
1549620778
1591383580
1030726787
307420091
1339330245
1904238077
1741945266
427388005
1742154437
2018724185
2065666121
734465561
773465894
572187231
1607653390
680637740
695729118
1842700126
304011426
156527050
908976228
792901506
508348911
2129108070
1516073021
1257043451
918388355
696087873
1224576580
292381429
2020384260
634796652
1916492454
156309549
2023333646
1894590090
909167267
535085035
94534005
232571889
1711840726
2063397151
1827045715
813404144
2034338669
340025338
201055252
915246036
1141317523
2130880518
1916432714
1083913927
1855487048
1155333731
1139352093
1401523295
1888995485
1053795358
1660431677
1875103528
1622596223
1509054309
990511339
1451525255
1518298169
1094314534
1152964736
227390809
1413867502
386192357
869108319
1965512097
933055360
1024305033
571634314
2064357392
1233410982
1209381099
165725353
894150683
2066867374
294332591
1990741983
2023507028
530005403
1843803780
1480672706
632739563
1913443289
2086552216
446710708
1451398022
1595830735
740823122
487793664
635516156
1471702092
1780356543
292821056
1055439166
1827571488
1054233004
1385725360
435840878
238141894
2031985980
1207732398
515856199
1801427980
1374601403
1562219714
1579482621
1039531134
1292643897
1774560597
1123469062
1549760178
1050128063
712618867
1480278972
451964398
1898535547
1489606448
691486216
675341964
1340376482
1459455455
1485446470
95347148
1999276914
2048751292
1855663532
323187057
527251772
475142888
381561887
1498799879
1282770141
2043532952
1699533008
1172443987
1743414173
1839775737
1806981387
1215816537
1636341578
1386720359
93795543
1642733416
1331865194
1930048266
80175062
394311494
1607832764
1199721049
2136423837
1721090079
941835571
357437913
1989393149
1336759520
1822996666
94316955
1268249458
1298540153
875370061
365363244
590923277
785232913
1085337063
964609947
1678011081
1991983225
1199326556
953368095
2075976682
356043636
1025209
345997045
1341695531
271400064
817311492
1292652298
1911837099
52856990
1924911038
1639586354
436503055
74840705
1815298286
1459833481
1468660200
592591033
115147039
943608407
659395320
921583932
1512258235
1079768176
271367592
411580822
2121218178
600840527
1484514001
1510568550
538317286
1343684108
1114470769
1231620356
1445855346
1341950602
1702113105
897668440
1609017704
1831371580
470848099
1094705341
422542742
2112402210
589229684
799833564
930517446
51290187
1022402817
1485056705
403740932
891333900
2083026535
1511586762
33379901
788148589
359114516
1516141150
2110622557
1491752939
318763503
1780565789
871706501
1427604811
1363661706
544454427
385451487
1194801665
1547621882
1948342177
424362040
1356290377
1565036179
745118120
1699493818
1938295786
1408162660
187768370
1160937039
1349576417
1679069727
1597854113
1318356901
666070547
1807506696
2142892798
269975542
1015344318
957419083
1932986808
652276115
2120880516
624121083
717872690
1411103320
837718976
1843933759
41933227
536397160
1901209640
814999241
1467545875
1020977439
67231068
1016733927
1002465925
286555904
993528974
1588181715
76533027
1040316510
388987461
1843526692
1102605732
599528711
2020144913
455187218
2088100566
937300753
1524447777
1078410376
65665025
1364541830
1684346807
1822357709
2046879152
2042207907
38477205
1006711009
1975560219
572718237
1064124388
1898946698
409608269
240563654
1609223365
1528844312
140209579
1093759855
380626445
826252163
1268152572
523454216
614914048
867959799
1365538858
748756991
1359560247
991896917
1616538534
1569940937
1348667329
171918087
1134373732
492301023
685708390
1774420499
1324973699
244623264
947857519
826353366
830932085
1618793617
973117952
980621325
196182406
655830818
1236062127
648566478
1628100971
1926336655
1512807980
1985286816
1272761646
112121303
1736760438
559519625
1454397163
1894650207
128773483
1068072493
1454076075
1245776703
522570872
727846344
605132196
56426636
1982770372
1795087912
641533806
1085624238
2046758087
661886022
939961188
1866609430
1440962962
1506219678
1931083555
879213984
1607706133
1506321166
1031723762
962423814
753479835
1965870984
219739705
1116203722
1449410413
2057399057
1758591124
1804588661
1979112232
1460941996
788485675
82303729
1929562515
926946160
520213616
1641443368
1822924166
604594690
1105812862
1726753275
1658873390
1599209484
319952998
792840802
1579023047
397219504
1794138577
296159010
872024404
1263631032
957073506
975814274
615574497
367430110
840766186
853693193
734642373
147299709
1504489660
467843453
401988214
1587817728
1466126189
1652185753
1540951952
1479474412
1916284426
675953716
1955823546
1984118425
308158059
1869707568
809960138
819765851
1008273175
760077119
348026753
1886971337
1053917174
1154689817
1089794528
1222529037
1155804151
1724329103
335517902
1948820952
1995901556
1587471433
1740845794
1169007274
1475335373
1039438065
1690403572
457083643
1510092414
325250071
659978940
1658165057
1907553314
403050454
796597288
2133229686
2097940332
86752437
2083534200
180122155
2097912636
1657123730
496587813
1672376581
683231861
949818556
697188086
1704718952
2080009195
1339681338
1236536757
1023217389
1174656162
215858307
669297254
459864974
861764005
1366790873
1574115130
861718128
1020137131
253404587
172053676
115010119
1264016963
869097688
80802645
344366371
441567137
1203414655
1599146809
1312636585
1240627985
1613444034
1372825758
1286928687
541725546
1779743558
2104411570
1067489956
468031980
2043728441
589626440
109874173
768844798
1676397957
868907180
473144148
2118050029
1263770562
1064507247
1962045638
678530322
247173358
411234210
797249626
528905056
1654904869
2076587278
97780802
356042401
601405740
1054286523
481650694
10360312
2064893910
195369597
1936168218
359466290
764624118
668419126
791554993
239093222
600401837
56497498
400900622
964353042
1908233587
418845278
1041953952
844876481
886522027
534678203
50357133
1386799860
1772592767
1995740433
1829906830
2110666116
1185159316
983550170
155877438
1596959231
1783412864
1188213663
1953094457
1031986681
1887917692
1472368657
1039165024
658776836
533244643
777431633
350365495
1767933453
497981949
614110178
1990864874
1638405096
1302757883
1133940816
627559506
944277013
1531541691
747802626
18768923
1267539433
765442247
322536810
384439564
863299258
1460868555
450234031
94341813
363722496
708882489
654387594
690309646
1446453733
979807210
765904814
1943267237
691631529
131504865
467394942
778559659
1471336562
18775982
1798525649
2012609286
1229756676
1102678365
659316230
1612497732
2133240474
669552422
949934921
525075226
530445448
1074679095
1729628737
1593287928
1240203270
146938720
383110300
1126242640
720242488
529618956
2039931725
674621911
1006884117
1506177423
1455748894
1433492294
410270629
1929346040
1092932203
869786112
40221236
1123654263
1122615458
1279525317
1519056294
185713648
1882105740
1397899928
531667500
2134661390
194049059
2144462132
710311865
194993878
279529900
2077865778
1405280243
1112910405
1792002395
1957785461
1776340749
2118668647
910281681
2035504952
581691674
369769289
466487719
707980234
1526265087
236626370
1728454869
1535887886
1383566308
140168954
1526388087
2049700026
142887438
71424244
18343788
1526384666
1758328890
1733764101
752281920
2007258536
1553722112
42090579
555509357
823582919
829364994
499397789
1266368838
1008920683
1547773995
1804790498
1755823873
23533957
1307658679
1572149738
96023639
80204496
891105234
1345633848
833618290
1008366766
134386906
1809476448
1631814839
417009060
1057590745
2128955241
2053907753
1356575909
350953128
2132576546
235298572
1636533259
960475221
749930027
575797236
256111461
1183722473
788953459
1448206162
831298389
1032094306
1745189346
1853671387
597510563
348039938
1720711044
1510455905
1323387036
1144584494
805503201
2090478344
996121742
195496691
1000901867
527628896
892463092
103188356
2119043728
425533367
1796874665
1207583932
271469923
2034023822
225010858
1607649519
1924784811
1103002572
755838308
77187002
1273315838
887590080
1878447510
1604444204
300220342
1183127812
48172011
542039189
799480890
469277428
290100029
328929507
1666501179
1304212052
1887665216
1127953944
991229719
1358891712
1012672528
643512766
69722637
687091261
793168827
1173489108
1370854509
1150340219
384613985
7060445
1762347118
1535795740
2124931744
775900253
968916932
1864646787
1557299102
1745408710
2071239361
1865656008
256468519
756862140
1380388068
1956214154
2050809478
743005292
1994001593
9065531
1256415004
1014793359
530974795
766363684
1725730793
564206719
1280991619
760039377
78111542
1894179414
1007785720
585451964
624472044
1173681376
955798520
685894703
375726332
1717153050
603627124
1810102953
94118126
851581390
545214309
1183383253
410852518
36694770
1025050368
1688659135
368162711
857387884
1410157043
166010137
1568426818
428738747
940920720
1123178893
1907665157
1235339664
1975638189
1803678318
895838117
651841181
1124997100
200161850
1152648802
1601595913
244450929
1501151460
1203938918
318755365
275990423
1812897147
1665419251
1109212062
312427854
410408667
1232782121
1981029837
1993431610
411552525
1816878885
62830100
2097763396
934314128
108804099
743849189
2130299188
1994460613
877119410
877725793
237017367
46906831
1914264133
1712390336
1973746572
1982000250
1721360854
2127716544
1295015221
1896247429
1731074334
747272743
1403107918
1474201528
1481246538
66129261
1159102231
1006257454
528089528
2089749494
427285763
1190078784
497685586
313446909
1668364803
135994115
1020367147
1566331878
1370795254
1855995867
332284394
1053260022
439231583
1479018076
1122478124
1344608262
2066349533
1457067012
1176329484
352933350
1054535529
1201374339
2065511967
782530200
513570989
754894309
204609777
700747382
1463245586
1620642507
492134063
1419262832
346113637
73632269
1814044102
1019459140
1825961571
566526264
818714271
108246400
59169452
1100761630
1595863173
1694014094
416054835
891986280
2031724204
386587100
70794307
1983202078
1277453780
54895449
394940564
1603964103
15021981
1461242676
554779859
1011412197
1811616760
1301285680
1287432989
2140566491
983513469
1797543841
2101846219
1486724270
38289891
1283429546
1690831486
824231304
1537131462
1711231483
1737012900
990716623
384258041
1786781767
1884521524
1763590072
497353070
359126173
1871938272
1229358646
943454973
1259571867
166719352
544977656
1470257827
326719650
749004541
1275679835
1654619411
1798647252
1750841152
1646374860
722646759
252114588
399399702
1051522640
1801616542
1159911944
374717091
804952857
756618167
696835649
1172209839
525181240
965967142
955777641
936289392
1923503075
535395616
43931488
151375888
9703516
1473585739
1193512304
113432315
1511778786
1717822153
1250561858
2090520168
823994607
714385672
103742830
461796561
1312429372
1065084110
1613575288
136979136
499024586
1739740381
951923514
1031168796
1880222589
1385793024
2036123538
394117845
1941693642
903422052
29624307
683954869
707615677
992062510
1911412787
1036083158
2001476133
1350514434
373067542
606068823
106830115
1114371251
1084917704
1125889527
1567630894
1445475440
1039753448
1492623287
1399001715
997070506
438779505
1350940243
1678582926
748784367
605860002
580579619
2055576445
1585611112
1756218728
347207431
854604257
401658622
1919932024
2146016738
1938431544
1753922326
1772436898
244027999
750670716
1085904128
373976943
305298147
974015701
533802819
909511783
1541603866
2088876763
1085576631
1383431877
711223148
1134910703
2062922523
1277543842
398637300
191142324
168800276
1195544825
159841433
1652074323
291591172
1433994455
836544080
1041182084
1278564526
2026914341
611127388
2077107894
424191260
1932188420
2132832624
26161747
224450165
529320587
474011848
21591457
1507175759
1578272571
1007202446
1225533183
165022017
1284398719
932083843
1005806894
635295835
342657035
554089362
220672568
1902784067
1175353647
1636865441
1215256763
1692196490
1747447463
924360471
1343375002
1757890782
939733911
2037878296
278486828
190554595
854165898
9860230
971680202
160566775
1025449041
2042644726
1100869358
1436192264
928932842
62181256
227152561
1652757332
1838022710
1289718726
440348666
1637192183
853148258
2022426354
660878074
1453359229
1214476913
1908032314
1770274738
1815193688
653932238
1780295889
906692949
1497725306
2033434824
678932167
1811692140
957100508
1133576429
1920201296
307677278
969295899
1358167196
1123328651
694552765
1412428732
1481283727
144613792
1077006903
334257067
286390909
860024310
44631611
1612156222
424367243
1688591157
1710680037
288902701
2115116049
1584259940
1666966114
2028460691
1227889662
1556601099
1378454205
1457943715
130384378
1216946047
1612855705
1123509590
523617831
1019367551
1087321242
360572305
148036056
842142381
1277927066
966188144
2058950758
308619705
2132845351
635837152
733536343
971384122
1159261747
1777472290
1583344945
707756632
391997278
1984694127
1523169671
1992287778
1717318062
1333514217
1589291615
1012196347
369261624
1451186381
1435961645
282086110
1827231899
83847160
964920126
1960088828
1089245993
795822863
233478305
695017794
1484108318
187605176
929750821
431993313
1081521873
127458637
371885245
1049769126
884622274
931147596
1159920818
1169759599
388310137
1292455014
1459092809
668065750
1706925500
1655883843
1220578429
503914031
1246180059
336231110
1618627296
610506120
633510283
967958692
216476742
502631900
1192060972
807076374
840209892
986116342
1630931694
82603156
1784348262
1769274565
416927573
133425052
470070318
738471380
793373066
1739856059
160133740
2110597375
1942936002
2061302909
1949502726
1963468428
43087265
1817004023
887885302
1998871489
1790714635
1111446418
687544747
1551772582
85948627
921570208
1658795786
1475347596
395789554
754535829
920467404
762753280
183544160
1111834932
1473498473
1692207301
647617033
713121561
1564491236
1329243461
1797202571
858681171
1407002990
300037412
554668421
1773775478
1797729108
1417487303
143750738
411175621
402311376
1146932146
56208347
851057754
2001384946
1276373399
127863342
1782995237
1301665573
2046407399
2139654072
1309383618
1306381873
273724971
1811142661
2027279412
380716607
391576593
2017165049
515058266
729143229
410872158
1695587453
1165008877
289210909
1443666163
493289985
1408973543
481997502
1070520626
1874066927
1032848073
1942814315
1740696599
1632957015
1447835484
154235656
1663640662
1926098654
179345641
2072386515
914899548
670244731
1789266221
1206573929
1310733455
646722552
1879186875
1849171048
1123566701
944791046
564780437
2042514283
997506014
1249342650
1215472456
1128707732
529616689
451678449
659227887
435018605
206065540
1296534903
2054204315
1504997466
1498036153
1638579311
1466167658
1108219766
485381498
1920528443
1104080528
701596071
1216609846
123016633
334918674
425405261
1827267336
973867645
1790428614
1215461475
1374304001
1126200604
2146367990
1956554118
176236575
1971999267
900475266
1838403814
310968536
2004050826
1678386936
829844823
133398815
878133558
1678763867
1146489780
868436321
169105658
1185963100
712933547
524205566
962599804
329753435
685410097
615560939
714405806
1096475779
1070473343
1152453097
278565054
1843704189
480726237
626265382
669189698
1481368725
1802775287
1679313292
998539283
1697119395
561986374
1032995059
769915383
798926287
1632771780
1024712834
1329883515
916867834
977607897
2051658435
1792806528
255863326
1260966713
1814328142
1613751909
1483137325
953138910
186882850
1781982587
1510833832
119216759
2039275621
816160311
1148535086
986733475
720596163
640418280
1035203819
422864237
1915688452
1676169007
545009757
1539224730
1308193202
334081809
353694325
638241197
558787646
862567573
2107130075
1947654146
1051055686
831089596
1671697768
1805945296
863024245
1859938956
237349367
823360311
287150734
711580329
692333111
1608925919
1182915157
2061549762
1445636883
2020452761
1744529319
897374181
1649186845
1372195141
84472411
1142088901
496747087
738162488
312203267
380957923
1449346604
1559628269
1687101684
460574780
1280195547
886485932
1196207889
1862158807
770812217
1810433503
445305962
186108491
922901243
1418678965
1675475290
850730250
1917724577
1589518704
1962594539
717090671
1825455984
831413395
1344086274
1440647866
223735979
1285152058
1829852224
1553377974
1580546558
773661411
1462960601
31160139
1770891176
602281390
708788667
1147736910
2143820983
1419808469
216905344
1839539250
2104687125
40313143
719520419
957736552
1595358286
418035147
1887779974
1329721763
833099952
865155282
2065644253
2058095417
1466494486
1018548820
1629223395
1763232226
2076516506
1785406938
1705223950
1918977979
124724244
341472913
33525455
1125022200
1221978019
1984177882
285885642
1086361083
1304130823
1597756324
1144728086
1092946375
1725368739
43660792
1913151039
1045430326
1495288728
1103709571
1843727888
2045989477
1633481471
339590131
321698856
106193121
806004855
485877529
1829396411
654198688
1757456453
454399494
460126966
2035888878
419590434
704214015
942293082
809570649
1962806065
2031821010
1401251672
838753923
286423372
18030104
518772468
401227271
1988500702
821400953
2128830527
1808742576
1567196869
1927521103
1246742159
485902941
2005866772
1974159555
1574111535
1057939252
1918974454
1289191247
2082375880
1354166855
373288251
233188999
1534121485
1834546870
1216098717
1025520187
61977461
83951830
1967470223
1635786747
1539018506
647767345
791305264
737909406
1868104965
1387031521
1609325384
345798062
806156709
1184515962
361862537
502981934
358449253
286028717
1407779639
795179226
276503785
987143091
2143583487
983272930
672365230
1036625759
1338567527
2061626381
405355915
642279522
1900399743
1466679047
1580934663
825857230
1883986983
1817551882
533517606
915906909
1897068933
1320732692
1223486632
1134623174
350487610
1341696458
2081039008
1934566757
518612021
1568528389
1879946319
1590595748
1328164145
626445373
1399645511
1997600271
720340175
312645979
669157160
588821492
676132913
537805780
1736423025
1538870135
1750774455
1381696003
840688570
224621325
129087623
1313588361
1538122255
1679087278
885820909
2095733126
467327620
2064015285
1433039729
918212315
625848970
903119907
356636668
676529819
395827628
2001390119
139707703
2057188246
1164885230
121282438
1748301199
315036311
244042779
1930118638
503017488
209099683
836775940
1916122496
1687896018
1883507920
1398705802
1914485112
1270223774
1093702917
1207035531
1388516377
1553864172
1540077639
968164983
1839282746
1163748836
1066046352
377793572
1619698293
891136622
32691513
1513595007
722817682
1787970404
1466644561
1427727125
1750631966
2054322324
755323160
380006310
550186982
829322880
1239088913
1002487352
1704212289
1735123930
1261184506
1970200336
1469477435
1771422862
1070497797
564480244
156399752
1807602754
230696854
39539791
765352828
806642870
741450795
1351178503
1639671786
1133969953
1785125578
1787000828
1668439517
1362693579
328922447
1798725271
140827497
364042310
717828899
1481913644
695871075
1610417604
288910242
1321624764
1680045256
327306080
1683059252
543524767
1468500379
380649695
1564649183
1038525876
1266172503
1988734275
1395548100
1373703370
1137204499
1011100167
1938218986
2039783651
687125714
261767984
382159526
414208194
882175236
803502978
654291661
268867906
1635564066
783093038
1528092571
946001459
2028674146
2138422588
573955226
1510770352
210983872
1120000518
1961207543
90015195
1266558810
1972773682
1242717060
1276505220
826445200
148072288
1127810915
341156734
1091086434
1556003019
1219249668
1744877699
1008887516
952449058
1510480300
404469569
1134188707
1910925428
992342007
569532224
1199607112
1087059715
922410770
1389767706
660141109
1229447695
1257838724
637111328
820907400
633310778
628053386
1159866753
314591708
1852825029
1432692012
684874083
1629553899
136040994
1638922440
58435466
509445336
1875269610
585069025
1127323732
2040949132
184723988
1182177535
101646627
789567000
1271216347
644415257
207939834
295354652
981326462
316555346
1114140061
4484349
1710225220
992243375
1759096322
1956170355
1865288357
402405834
694650682
373734419
1146224409
1710868244
625597159
620942690
322834220
955091362
362792398
1050808697
928513980
786158095
911086513
94803009
2065982718
1676441147
1943183678
864926889
1219413972
1632957914
1286653021
591765592
765393961
523120087
763969247
2143935724
968044085
1689345380
483337419
1197186237
797108617
1390171429
1329959047
1586646036
726339482
1440041891
751493645
136626548
1355811105
1368638681
648971543
1400045758
1287810262
1231566765
915417170
573084617
2096402016
1672129949
641996288
1486417954
681748489
544368921
1917054430
967571323
12008335
938796378
322680772
1115016037
967687897
1988004783
724759652
59736275
1547077399
1639198361
1034196589
1997079986
1201702286
245085344
286228096
149888140
1850962288
1192575220
754580904
1863983958
1823494921
526825475
1690672667
1530923387
902141578
1331436142
808306772
2106534150
1742817521
632954424
514927674
41248235
2006148899
698303619
1336508647
1139459445
626654125
276682334
423875282
784979599
760447630
1120453505
1250432773
1886856571
275112577
1884507420
531169661
1517395182
1669383873
1467800523
221065114
1447912869
2089423174
441223179
1297905823
993602263
774367180
987904275
1750789143
681212568
1954696700
515831832
408677920
674023885
608091641
761925521
1478008116
1264488740
171245090
294329915
662404081
1350318865
1034158476
1079379379
1339485699
1595416693
563831595
1258686330
1255786679
1070323024
1448677350
2074164056
1856153455
880948739
1372400492
1409862827
1881433608
627764956
165183160
2081406264
1656973136
1372262237
1403585372
284348647
1434792245
1726184043
724790826
1172168728
831780674
460589696
19109932
1260024081
1931339401
1626326403
1978998537
170563390
187518158
902400494
1921090184
1358769297
1463311399
1105226509
206186860
1879473529
1622624820
2022318837
700868077
1397700733
559369100
1831147132
1039258815
1496833377
1033973019
2102042353
619695097
358085489
489085145
1787873760
1964150266
159145359
818087523
1979026443
71700356
1931966977
1585487828
1521380331
115407252
1924329351
1631268898
1485067557
1443031241
1253195586
1700531092
1680731052
791709138
738434828
370116049
62299626
1210440474
1661372466
948732646
334283841
556809312
1129111977
325314188
152685866
1325566705
1376468052
1497989486
1714823705
10354243
551335395
957992531
1896541731
1902507460
1454502939
2115028277
237741578
13125421
1106225135
1221898649
559381292
1289582485
381894985
179657394
1193835599
235316906
647535067
417723234
266145879
278991306
1181111416
176838355
1101455472
1741282888
867778170
1082027792
1766716830
411452329
1961728250
322342227
575934890
656182628
1187304357
1454411281
785499932
1639691680
1565157803
152340380
1107920294
1043029161
298573084
1709810722
1059945659
494862790
987641327
839222769
2115606575
1221964351
920818913
1647533267
1706316583
197646822
205046420
2103319448
740388663
1207521823
854370055
1781933104
1069675144
145475474
503816618
1500800371
1118915019
81520905
1172214820
25616445
1462066863
2110138149
1390628827
776131770
1351575824
62649190
1944002632
591918392
1383409738
1316936020
875260455
1771919066
1922484005
794928774
1119438971
787698905
1346534145
1568266735
938847480
491915957
905475420
728968197
1715244921
1954396393
771677935
1396998701
880619904
55888533
207088456
304316879
426681953
2100118618
503286711
318913679
1599893824
1800368173
983732
192169508
1879421651
1141151476
1570782050
231398299
73996936
2010191880
265399062
1153061520
138732094
1639527379
374902509
126003061
1101285614
140845271
1330463746
1719918876
1309647303
1877385988
987458420
1521388138
1168476784
560951195
270301311
246128567
308319881
451667650
1884235450
781134158
277909525
2101710179
2020252826
792762390
952400564
2013405086
2023370360
1140098511
1312880523
100141266
904953382
879610521
388684904
1691926661
706140303
512647368
842458210
719881709
1693681474
1646351224
2027516191
1982783046
597968744
1093139931
1548131331
998291236
1769501233
668405022
60286364
1077858009
963698723
1940780928
264486945
1689389087
1331335968
857796787
528130985
946754260
1446331643
1705729851
1277925168
845981856
637084753
1709236308
632072403
245980173
709984868
2089204579
2043142600
2124562343
1941311974
1590633143
619649730
363990717
1654943536
1547530184
786916544
307653962
1816632179
1985397320
216598307
1305882118
1762385945
201596395
679500934
354067563
629407318
572388806
123494309
673405607
2018400162
1934716367
488595909
1851880733
434358959
332581635
1006601712
1659552128
1330484952
656678094
847245722
865671533
518211647
2110140584
1930789690
976839262
366841258
2102749638
2059392045
1374420135
1404146070
820586930
65970170
1760753590
1326666869
569258705
2109809897
1651780343
1968229659
1383317900
1521496185
1902122214
1038076317
784747609
499834436
1503580830
1247453557
589997316
1741447892
599538040
1416854436
636391805
911020626
711075162
389660502
473141353
253172986
1356395156
468297661
802521889
1257183983
1216982399
779873683
1521386196
1201834715
1607731939
537161887
744481086
974723901
1173356188
366109006
420876926
588578881
1730436770
887247579
1746007919
1787070480
1388953954
1129916235
1031366094
442509327
15391485
1367852354
1223532437
684274729
71089907
2141333983
688380931
88602235
690885023
396093750
1888898274
1629401300
1394935931
1611010223
217452517
70446606
244256397
1051624841
346808106
1287343488
304468013
1545501845
91795156
1522821429
151477682
349129241
598501056
1754839494
168342633
334745766
2099757292
144265543
562088894
1420973323
728347997
1160210378
1146688067
1738916024
1438839649
1462075243
690214995
1200265570
2008510748
754922347
2004406890
444096626
1993643597
212796182
761071422
1677990509
492355245
1084579423
851342832
768325622
1753593177
1980823213
1212060268
1759707832
178974017
2138684622
1072403978
66943764
576845061
56554462
326777616
2033405510
388729646
781968578
1800476157
225777303
67385057
981523464
1612484560
972651817
399600052
710575951
631895788
520240555
1029584344
284545164
617864152
2087582932
591839379
381883465
1415458644
592174930
966723425
141767401
1338265527
206524951
1036513103
1651260571
1989321482
1861484919
1398823217
687492993
939112597
1971627116
1562170712
1764785524
1288273153
1285862280
1252231883
730616084
1134342703
1771490974
131862560
1869051231
898801392
2017061130
1143351342
245864291
748691456
806074372
1223898570
128702420
1665998778
1534556024
1248071033
1328697387
2079669410
1154156632
1202754718
7901664
766794914
1983079241
631926246
690416309
316417518
1407751177
364776548
1401195900
1597038806
373868899
1851198706
744777031
2036209049
735518739
919895001
1424153459
1933352423
2119770340
1982950909
1361857796
2053132150
1347731992
389102029
1425588220
601862712
258295372
570378649
987775984
89937504
682281456
1937931313
849199444
801459904
18454650
1875477722
1623642634
114403948
100223205
354669767
1532457011
2144877580
1208518357
373458520
1672262383
478000068
1128050610
1722981816
1009083138
153489390
1897164860
1644434461
58489560
408519165
84517817
1696907991
2078844815
611871050
1164808091
1169030313
2042162472
1313757818
2143648021
939454796
1829726714
637151100
2119793935
813963684
679640952
2033090132
1303960153
1773526230
71198156
741823273
1685807029
1640876652
1513645550
619525051
1073109515
1721454010
301204954
960263703
1895035710
1226161865
1961821993
440214094
470373771
1263110696
1950000041
2131743336
751534598
1234251075
2090767375
1793129968
1524581100
186286029
414736430
1188465353
1005782160
578946403
989266059
542641416
1123604279
1786066926
89226230
127410235
1523909586
144562533
2002065434
1875716599
1840112353
637513301
1658379885
565987202
1122973452
1672860532
1280228777
1107045450
2100169889
2040233992
1147990389
1553920973
1230323223
1034033751
930760862
307100126
20947339
1713812758
1446365281
290560541
376006638
307887479
33587058
1760306040
151128434
1336593351
860613883
1602470592
25858295
880921040
1345836323
327973515
1512488410
1636419325
725562772
385364587
1993338970
652644149
1658311430
1959924749
790000598
379405070
775475203
1500200177
800538353
826809849
849015305
659337728
626490354
676212151
535755574
7478709
515704851
494523929
1933118121
288589165
2096090128
1476359165
222184198
1851027911
340454472
839877949
1542538259
2056848774
1623982179
1551571397
1089037277
833183431
1236082480
400012976
940068584
179398888
287981355
1184229859
1302218247
1738174707
684891991
709172826
951698192
1409929239
1512066671
340667472
2118256670
180404402
1745872486
773119689
67354215
1268098704
48922233
1763888819
1802378542
731740142
599610946
748189167
1912798341
2083611819
986054834
789124838
1933962524
175413205
2068303497
480883082
1761753049
2000888983
369866312
93352247
719017916
82013123
1143200876
620964195
29155884
833917054
255941864
187468643
1213800307
2140657121
452763259
2017468288
1334794978
1310333971
267036120
361671076
10722029
649100191
937537948
2063434348
2056743149
978227002
179037624
2037312569
1895705886
1534995131
1609607653
811564678
770051224
150183070
871605336
1195262480
156213057
1752324345
1867087914
450887952
609947294
1218744858
1034378859
1399044880
382574827
643936921
1436913417
774396407
2100767170
535673143
634118685
209283
1541720461
1689289221
1066210713
1689772888
498075294
1071529624
1054462966
1696223818
1747674697
1272927294
936714720
1604967305
987506655
2106015289
533764263
540630752
1124785418
1780579880
1307814870
1767584345
1137459641
1531865263
1088998304
1738496464
1562445586
1601258827
955091031
1205712167
460629077
1896039402
372830853
1645959343
290679802
1854599404
1090119653
947237093
251109165
1379690671
136052024
1741869890
1528778493
258924905
443548303
1145079965
262200418
283625683
995912003
1827783116
1269368987
635830081
110046293
1966162992
69945470
459422624
644593991
1892659092
1095668251
479895859
586823670
864920670
1786495630
610264895
255693003
1298963142
565253805
1238893280
1194314272
1854014187
115647834
198015381
1423607904
690566892
1215995108
1616799688
1190908783
1963187144
432085159
464916611
2043785927
761775044
1079768384
1495425166
1287890308
1681072224
291209858
423547624
113539726
75851017
116692404
1962239553
1943241377
271156366
765821336
1256668509
291784366
702882803
1409968600
1841258813
647641288
1834945496
830504719
77264312
1073614102
497296042
1878940513
215746377
543856068
1685129394
1453384292
437647981
1355137356
1537861994
1020542915
603966455
1317418612
1675662341
1326551117
80753576
1082545091
1027420393
844574976
525196163
446292787
1677849525
1252998733
1328211369
701346881
1887122805
931521085
1180053093
948396666
758814172
633401253
1088108499
519885773
786493262
2068259752
911935889
1365149374
1484452225
1301038813
1570113762
1753574341
601584420
1958933907
1553289861
70743017
827331596
582789782
326661813
415178311
2128777694
755784793
1641220098
210602314
1871868578
253641660
1533317489
864906330
1561968982
1399914747
972691334
1019819305
55424159
2075495383
1466546539
68008707
446635975
87758703
999667945
654980441
1171568607
802985478
1007324991
538588389
381998826
425985851
1082893547
189027118
1450033962
477431082
1413429861
89927389
1144759980
539448884
1615465271
1083648329
986232467
1152841192
357562539
456499368
235008269
678788281
1168353033
1374049846
696343851
1590240762
1778779540
1322675222
1449558986
887958058
1652421656
1382290108
1994613582
1577093071
1620459360
211856666
2004508443
2073611649
812299606
1809222392
1399349811
29914082
139057545
383443540
1027039851
1268210488
694528541
1032021111
2108975948
209854986
1719591860
939106519
1892687494
2092172406
1584573130
1927299906
99451081
327235228
1805286665
186609219
630560523
372510862
1091723690
1991585101
1462950404
1585876171
61191721
434068679
1666922579
1489091634
1055653302
1186252390
884562775
1806583713
725387913
1937196757
933779117
1448784823
669875382
246454611
560076167
12235786
1987427524
1079265765
414800885
21274025
2129167228
1332698163
526884113
1365568558
767672734
324795775
1856241384
1720681526
417754894
2130176029
1429466278
946590051
1578478437
970855037
441107097
1182310970
803378308
308429700
187232206
1086940003
1422548100
784347728
2131025567
1019967888
723212745
364371222
1999698814
2055790151
1584276293
203119014
258797648
1898076175
69041249
549368458
163617249
2000432940
1372686715
180042868
2048425933
1504143219
1279428979
841028132
942408113
1245653651
1794840654
1442891486
1410211554
934444274
1962894157
1592851665
1900691668
139620733
1608223785
1847231690
1062074795
1018397896
1778120340
407316282
1417365263
10044040
1245984103
185493190
24499892
1718660025
1989706929
674094342
155441840
957558833
950955331
1671793789
591096225
89133117
1088247743
502322351
1484202008
1591690140
1963122264
189396147
434386605
767764197
519061621
541546980
771047444
1298684306
1130815921
66968205
1752927828
152919313
629164932
38617538
592928133
1293926563
1394491765
1625438034
1055571015
1865453279
285618881
2023483929
427002423
219791837
808478274
695425751
2002914674
1566917439
1162846375
283707918
1335204454
1632170013
282169568
642286316
283917067
1272056570
542103883
1594457955
364684999
1181420025
629425750
897502901
1437181970
1692938725
1732379265
782115257
1567818917
1915642894
1117578152
480250538
511091207
2146822098
776924576
414107720
1317151491
103437709
437709811
912742233
1595332806
1718750165
2046860314
1873860408
300874119
1961140861
30397505
1299715415
900897646
1475881630
1495782401
1181982979
1433775001
1363860502
2141644108
838231618
563625620
860780334
1500582314
410090324
1160635029
1289388962
154058302
1958772350
871803074
217307886
1867666161
1444589898
627731545
2099423165
423743341
558075266
833923385
972195560
885202715
1527364147
648741399
43757642
2013585503
2110401561
624298883
517051587
481122824
1617573136
478475766
1226570990
1688997757
1505306157
1272521681
2027286402
1878690589
2109303978
1009278846
2139491749
2041709819
1577188344
624353268
1405175914
446405009
3866443
1514059972
579454064
1893760815
1930742678
570684280
551758921
771686985
279631585
1687029691
825354637
242905850
850535353
976321203
764441006
533483312
1410507268
1180135732
428251115
2020834614
2135616058
1651347580
1367499572
1504610812
2080937961
826128663
1178236569
1119697189
1244897376
827172932
775774755
103505627
1401698275
96158866
1307220446
702767094
563910820
155008750
919986363
363549177
920861800
1460538159
1072107563
1022783876
1201628415
1366543349
1938641587
1815833358
2110194946
1031421001
2027970292
382043076
781696782
2066314454
579829407
1119938020
921742756
1515202863
886330598
1388547718
1249996070
288004873
998174512
1129065593
619337892
765423635
1069838618
158181741
1025590703
1478722153
881348157
1155890361
843847099
1024034575
930133451
435130662
847917209
201984378
2128194767
1034628665
638358201
732194880
397673611
1099100933
1363383263
260148030
1022691284
708547983
211670553
2142314205
941931845
1679935319
750706489
270044828
867245008
1432265507
2011892018
674769584
1038180485
198360014
1138515030
834243452
1037995422
927432503
1165619731
1722044339
1734514730
27806776
2093346217
10387730
1866429491
514297434
642305766
1056854632
1360811709
1024313687
993841940
526871827
1657512286
1289739725
1994554018
1690003156
69117220
64340069
1508902241
594419102
210328877
624347317
532698712
2072613012
2033850499
518013499
514592688
1179143675
1840223271
277948621
117559078
1515382322
283870820
1896991201
1440971352
1952778356
582564227
383867092
442979104
1927196061
1418548331
1145238588
1070380910
2142242687
1072016472
1026135532
1937390766
1160647172
444496415
2344548
700614310
868232796
2143948619
756359071
1317380079
64009147
1144269767
887226878
1076572137
1855949580
1359334995
28210463
1978605442
1845637198
1474990242
2034216396
755224253
2014823131
83523708
632288891
1372232078
1279037462
431336694
1804709599
447571309
1245111304
2103545437
2084179423
921349917
1987936882
1147699296
2032449640
2067076672
1209216240
1793277085
16450949
812794976
588741394
490051026
909346985
764590136
937995170
688250583
963003037
1573695179
105835107
504955096
2007910495
789794985
350599330
269023199
559769137
64222054
1693147141
892233336
1391960588
104775687
71748900
1221341976
488944067
572304802
1591071171
1389021316
2013424174
974688138
975867318
1474035960
399522163
1046768542
1255869458
561151347
809428960
993382805
180129145
353116478
779534666
2020140408
2063778457
814213155
130019330
949117458
1444437831
521591402
550203410
1136847498
773615960
954364904
1302693062
1590278980
682390140
565713135
1843084214
1961934395
1662997560
921047993
1665531911
1085509086
412220828
1340496692
148155687
373677492
943169
1279423574
1481934410
376246999
1647827565
962590823
701217631
111294447
1434124648
1363543444
1795012308
817509543
497445586
636313195
1753941929
1291394196
182714303
820097239
1451373799
168919954
1409663778
2108949927
1261522472
764979593
731111322
1095687159
1475952920
39444717
627384021
1420133951
1568099953
1474945703
1871714703
497943695
1684945744
558384245
1527693954
1447411211
878672862
1994346700
1883347800
1444573523
795562315
700877897
1592880709
1238476497
783161213
970265920
1595466645
691503276
1240690655
1675469957
1461939926
117508802
1633352909
822563216
1450144649
253679969
911258364
2022704732
1610446882
1068649283
904222749
1705155070
982428775
398463089
409896167
316205979
331033786
1349495226
1793890638
92025422
938942921
1496709115
511869045
233941582
113214094
327975113
801890983
124471497
1717684477
1589485248
1430648225
2036451103
1151805959
1820333074
396259473
1124766717
211601523
733704398
1754865929
498625885
1928845867
161796185
1207207167
279565943
1851742307
489759013
1001259170
1956518532
1138669412
329693756
553282615
1912607929
1415170136
141684233
1172702413
535811807
394794222
1190849999
524213000
1330528219
1438926300
420002368
2054829714
580881600
324085968
943867707
110643437
470289482
1599569587
1288931952
1940121345
301526167
1326878230
369397067
625489222
64697166
1110842876
553954578
1911118661
617971437
114967414
1992502224
735182552
1320897489
415909429
1818522396
1761395730
472742808
1837761879
1742244602
1488431113
2045658200
1843459364
1707175767
1318066234
1437451205
541708876
122805564
2024005022
787432062
83340713
1601569992
882299998
16504149
591711274
474263698
1825102522
233792087
91255288
889051175
1679289949
2634810
662579892
1424872028
963923646
317328109
164988145
1227790435
1189259480
1656095188
459770879
500153348
10497045
1284264412
1314519604
695938031
1338494067
1152409623
1904512504
968102055
2002515210
693795474
1470027024
1035511056
435699710
1300815733
594982169
321375229
1505407724
65015746
1356119282
887505761
1197194117
2128340765
436570843
12959897
1896133092
469412981
350775637
1557815598
1840604511
679615836
1978704185
133223970
95351531
429645739
2142790640
1280063316
465880390
762919232
748986960
1030989734
14545683
2004760145
497182531
305750962
1936871636
900230149
690862692
275787603
594148062
1793754469
1999019092
441172623
277904163
1584109284
402679344
853983283
916717744
1173516020
293995266
1706819004
399764309
1516583231
584734721
353460580
685497209
2105822222
114700123
1696191997
1668217147
727394082
1535092964
1681107375
210150810
579911489
1923364502
1898325793
362724988
78774972
1833857629
1415953151
928879538
1961997636
492337568
1795283932
672953959
565819396
342441429
1244543378
927539129
1001102983
697196587
768207810
1219609154
1749352547
1277409684
1169070622
494462361
1769526774
1563419747
506772732
1385567541
577025211
461853719
1527553978
1709714962
545855293
1246238163
1227682366
1391622390
1087610682
1941353032
385003228
1214813810
1663376608
494622464
1063066444
731336966
1153866221
2114365615
1480353727
261979973
1308134550
34556804
1729913205
233729199
344205276
2021286875
2060684316
662916867
2035428836
57660598
1698765374
680844886
1419037093
171872388
1514607020
1018729507
1771866899
1202240478
1965301382
827487403
1514149445
165310406
616612155
1973478256
2035801349
893796839
1779944117
1818518203
755429196
1811928460
37953922
1261065065
63509130
2106341240
278120691
883772561
1745689490
415543885
1245237612
1513250122
2051491672
1562145160
912800643
2045886105
620957543
582893123
603530023
1185514865
1064212577
1750180201
480094147
504653084
533912949
1997290328
1459931257
1136815132
1475892646
1322931720
285980637
1635197700
221388398
1523916153
1453892132
1724770185
457338922
458736435
1797281615
108573149
1847976982
1864143275
89689088
1402542007
1269487898
1850858097
1131875218
248096504
845728670
1737362200
1751446328
1783764895
1174794931
1516757621
685314998
1461407689
1691581435
1660120808
1544794234
464544419
1603488527
1531097490
1247806113
504028382
2113530349
968750301
1210512606
1029517174
809497576
185239658
1982562696
245755528
1527961259
1453714419
1133642316
1618743526
1346039666
103991177
348249038
472995830
90809452
994200390
1160002246
1599484034
1021268316
320221510
1180177106
130473369
1477700067
317777774
376860345
668745405
95210304
1637760945
31883525
1904970089
1909583129
1362429359
511523298
1201778543
244199108
1703629251
975299254
481056839
638275624
570707498
1469108003
430863868
2133911703
1806780551
651735821
316915910
1855676268
200899442
1802194861
1209981961
1200981086
2133624158
1809654813
622633524
1412791866
758102955
2064690209
111977433
2005818492
1043512560
1523017699
786898885
1450380362
1363897979
720157308
607717067
716502629
1113757620
1016107382
1060937420
143451789
874540100
1655589812
696284934
1057426189
1955258524
616041084
684935019
1217167680
1698742015
1770121811
1074126355
1170080473
1646154845
1905320658
61630530
697079298
410166442
1920345403
634949592
1490227125
569190464
1266842543
579834450
1450087948
138294725
1882732947
450298834
1602174541
117760041
2041852618
436046332
584028861
816917503
1894213679
1240526942
2109402697
398677255
368746300
234905285
736311072
913541615
1399473146
1642725679
837907677
321378847
845026249
274882067
302613269
1188399538
1183196153
882050742
2131794416
162656524
1709110697
543782461
512487253
2009850073
248196514
1302883594
1676199479
1662678838
1426881139
516395062
644184520
140205240
1153122839
1205509416
1042852104
446480750
320872044
540675247
1501649436
1754493123
1657731674
463299931
757411333
296044504
1753485961
515223779
1198056193
1201292428
1725733568
759067492
1726620646
1195327725
143374535
1887839382
983819160
1481318080
1484957742
1561387134
1672622601
489294561
223535907
2029666532
1800442293
51337030
146239370
2000561760
1650740074
604983242
231375462
1787829475
1316429918
1454603614
398959446
1374380161
693280740
1688872924
669752315
1116020941
696988566
1077145446
1975036608
602115888
961343539
1466211228
127365269
322890999
1766073749
2068002586
1680417042
1314832067
972192267
1612162996
1276688143
667696527
1749581898
463612300
280304333
1298769026
1539058673
911880343
199439386
1874117397
89774460
247600257
718962263
123216867
354447327
641038473
782778003
1805560298
173011839
921550860
1407516770
2046784937
504631514
52971512
1514596685
467782252
1576526416
2077740136
1199341639
409127788
697963247
1074987863
1856858565
36937010
1008490099
1605461836
558769755
818161676
1793375430
443633043
601935566
2103405997
551884620
1077881289
565873218
1975965952
2017352962
1307896564
445941667
270824518
738109281
1161316102
1487867106
1575960397
310155534
1799290872
1822800928
1546085293
174151359
929417668
940697561
279121618
1903198981
181039389
1096767111
734812489
159048505
1589618362
424537993
1670429824
666713621
286793207
2087196140
401258198
1448920856
1437916315
1017856624
618434308
403090985
1908625197
559374195
1450827033
724701925
1464912140
446561691
155183266
621172552
964116872
1361879080
632621643
1873967419
1510171347
611965391
215644876
1700966012
2138270408
549828804
1038807470
402068319
1056577915
1506598758
2081617349
658301765
1117815699
1353258546
85693176
1426286804
1558373114
1260200482
1309838607
1534471016
1854692719
352173191
2051391386
1856867969
1591292341
338009450
1657124025
1235894318
663852209
1685436783
26174849
1123563442
2035280933
1451414510
1821289839
414690025
2037802100
1148257068
899124494
1722466185
1971209408
897992931
1396083497
434023550
1824984311
173481847
1356357152
1846127708
26272044
490891857
364983028
1330843908
1751926261
999829865
895386948
1566950153
1716096528
1981772683
569012557
1103524068
415498316
1424744970
518070779
1948226241
1611309069
373303158
2023616852
1634673639
414260794
1943822247
1248950497
619669094
1482646886
1114017076
81161
1396095551
1955367027
236869762
461712783
1634852565
1465349829
1015409590
16090170
617005845
1984486169
966259211
382351991
2056172780
565031361
841182420
287785827
1516319484
1582151447
972346649
690785092
1738463694
300444395
328163631
2142791292
167377126
72505460
771563032
1085037211
1852059659
1133699382
46917160
347266687
1931955006
2099158636
1114818207
1643994516
2063782780
496900004
1627817655
418663601
554996693
1671240688
2064526984
951290208
1486855238
2000102419
1711157581
275755632
621039870
1424035374
1864251882
2032289365
1203964861
832121431
970798081
1956823082
1319958266
392427135
1256286600
1649173643
1920083819
1461559504
958187770
608115274
1098173370
897763336
830148811
23630165
1321239704
1607723842
722975887
1476798862
1788457280
367240753
308221243
884836482
750247663
2035541538
563742735
417347922
740982322
922131397
44934758
1898839615
1175447241
1684960958
274151699
1779282509
1387293892
930667356
1271724931
518829381
342054076
1277421057
135302172
484095821
520618444
332866583
935167665
482870774
997030348
1053292486
1319788956
1262807780
633711558
1747898094
1545463490
54623374
1894685613
516500612
1986854167
1604196654
746785307
1037585666
1285523813
855915434
1001209989
1314444334
1732477129
878690310
2010556563
185658541
193014227
1474446797
1747985696
1752684826
89685786
51630363
1192682
203099218
1998299026
561285014
2023347124
1004341229
2054903011
1760762565
532284312
890739783
1577654658
406017337
1687202071
649856883
543490365
18437563
1683414269
2125702504
1874014029
167669859
754204979
1843076941
1637740625
446528799
396255828
1313845048
820984768
1485246118
793181011
1714218190
1091197958
1975875843
155898044
1858999439
243144395
491360150
1461733316
836825116
658990618
1097599003
529651557
516447498
741309646
76153737
844869212
944919800
145375764
1267511825
2139740599
190288289
1634056236
675216559
1399302381
335201270
742312847
1642430827
559696287
1139384087
1191785745
1365534227
2127402470
875035132
1469781509
851791642
84097184
488266840
1247015813
1206836116
52332252
45746501
381037838
2029835385
393770587
233192659
281882058
187802772
442427331
177005661
726341538
1122218216
450891933
1422367989
2124510249
1471049357
1392518123
1093058129
188893214
1340900324
1977120423
277947412
1911168641
1530028144
668421834
2005333193
1179682075
1830371895
1995049008
198056661
1548263927
32363036
527945679
843165394
1031257866
1637130645
87111727
840986140
851098316
1202684608
286488413
321268364
1987225489
915408023
1248158625
1235589078
898894442
155207094
339214871
704036329
594405173
717535105
995576470
1923601829
788571921
398268020
417521746
442803269
421004981
969027927
1365367855
1888622150
1454744944
660732706
265501090
26213231
1379649845
1186427270
782070832
168896631
2069867147
2096665853
637563674
906421274
1018409564
461696830
1017075131
1234604332
1937393356
1069216462
1524210635
1097428948
339270264
818094984
2020632712
1918969708
508472997
1309100903
2019349085
130963313
355856496
1121791537
927408045
1559334719
80916624
87413496
822281181
910065732
