820161477
418982078
2050144803
1659068924
851358452
1828161765
1014934676
1476496143
1991540228
310654130
834643971
2016847348
863086475
1128196972
339548221
1318597108
1888000712
1393983207
1888682671
548419684
1427278620
759866560
687149589
1232118217
83170791
1305117683
770450177
807643591
1595929043
1753421603
1805405121
2116627809
671588234
1876518814
1077094352
1197004073
1295198230
1279216198
99149814
1704785150
481648821
1010021794
889646858
203191293
1159412539
1385435708
299358651
419787935
1651213084
602070419
2094726401
335588853
1928229233
16219461
2004609490
40827552
848149129
1884903671
555061911
351865577
1317832755
1625893461
1207187607
1707741049
1803433295
1956593826
1063416731
657124379
1343518857
1553380589
10574465
467551927
234792817
1900816270
1299639001
743228022
353957191
801375509
662480777
2060227869
542753132
356248380
2041917859
1239823498
1051147827
838691067
657840095
1499487799
1346565971
374191621
1865385093
799797351
186092701
1186260837
1825914177
1840676115
2007421491
1904723992
681954325
48870999
1757967477
958334328
1925068422
403663409
1362761091
957338942
1685941642
529715310
1741848131
1185663949
1908525575
757200580
1633303356
1287236333
1715726403
1757381761
651249819
817618196
870280791
1866723192
364552016
145179602
712472769
1626788005
146329
220548545
1921413381
1900769426
1081045383
649566595
463551242
660932744
909238162
1645380151
1491427498
2064900766
1256553725
595718291
1787889426
1891147043
30580882
1602867881
1706448430
1094938664
1802370178
216893661
239663447
1525782617
2048709835
1352190118
636995638
731198192
1153245330
1633981016
1183716463
1545668150
936407211
1405204758
462159511
493921421
1339336332
40187205
355224463
1061805210
1064380160
386872736
581700527
2044026043
1203732705
840326941
1726376006
271505997
155347321
2122542196
2027859827
1250526168
1672662584
1860647388
847425000
599195878
1212487401
494483050
110829025
1561011878
482897429
815220343
1427571036
940680
372878033
384597768
960026092
315389922
1681242645
613172302
2130780401
1778576344
746622333
18565144
1142562397
1045781475
1652987470
1528276421
647903433
1891050708
1990725667
1009588917
424223999
169827249
123663643
595851339
639197456
676682489
1244727501
1196225942
1974167230
930267132
625182487
1898819983
1785957140
163846680
846532327
1403617392
1505494877
1962140742
1466789203
1565756674
1739244035
1932253391
921268166
1087943722
878131566
224534960
727995609
1378358535
1850573538
226385527
215001527
349753527
294101902
1083474693
1874894343
1291512052
941966160
1892113727
1366178893
613356347
279348616
1414073830
2027295094
624853508
21177618
1154788744
2073056700
1659266578
838680337
1773855834
1115154657
344868330
1298431474
1928913751
1891704076
1137911220
493516245
1525502996
670597575
239887265
1476427044
1106214983
1848884101
513906275
850640161
1780437876
1938023378
998666104
926445694
796237264
829790158
1952236372
1254474425
772991646
1781614812
335737043
680814446
1729246052
397976723
1999311716
1327237719
1288174593
568617846
2140379614
2027191049
962436489
890794571
155176278
1256893365
696264898
1323010841
499484355
999845330
1506983354
1848419361
1501338476
2143573905
1168589106
1805404777
1524973679
1423352750
360424021
91913893
1721903649
264746143
1644067559
2122741951
1402989292
521039435
1735696852
1130566904
1274783198
1346669293
1802749054
740067760
1995539218
1229293860
1194318448
1724658409
952189864
793031657
372913484
942242268
525822146
1120373055
717598407
1255877578
2121132136
978788489
135958608
270369595
1070568860
1445583476
68338437
1180538245
1045540491
89174756
810185092
1047934203
1363332567
1554852170
166758924
1176993874
1528314969
165759818
374493089
441092107
1598884528
1757452262
1228837062
110823381
1410915608
2083886722
125238148
382955828
780901404
1679194466
44762142
1476899718
1737568798
210964586
805647285
348335883
1975544522
1197528129
1456379569
666425163
1039925632
1730917789
782346514
914159889
1646798145
97223976
748423030
2109095944
1601842631
1503488042
1078373618
1371635929
364580279
1645957614
1737538857
462257589
1097727646
1428393976
1200230736
1861132820
1313865362
1905259163
1383479786
593566336
959709969
128664093
1457934458
695491145
1610768712
1470613535
9862621
1764397182
756281762
515720041
1257261731
1867860336
1833547099
1337375402
1573847590
306052001
78290664
1474468784
527730254
1311128126
1351892400
287882574
2114818840
676848842
1140464309
172690021
1056065245
667692582
953068889
242180863
21810435
1612742957
356193593
649185137
727257553
339551961
1423889249
1693830151
2095137844
203878338
533999313
1565041521
1495366780
1086960031
250014348
1433929473
1023825238
53246703
1486265460
1694906949
1452968224
590635025
1661567026
959957151
42748739
374738778
1602531419
1430221338
1957955588
452693005
366697014
1674356787
1294636203
1775324100
1777207603
1365180600
1836224492
1319242109
1175636907
2101132057
190278802
101611398
1596118736
258246405
586379744
68669957
1400373360
1053029597
336127112
1270605276
2083167819
970244046
1059910325
391359013
1584237874
334562674
1299466872
1749950204
1200734743
1388321574
1621142923
931759807
219254258
703147335
199636971
50421987
1470177518
42062070
1261689405
799845582
1944004527
910005418
1233564548
1228236590
1809622922
469992854
1175623116
1853610172
1852834962
596399013
81506587
1040494015
956434649
709745217
191694441
1998609658
921036635
1316884449
1302740049
456679765
243077844
724861407
1396149268
996314994
1952698580
358349336
1559116489
493303543
683922564
2114261850
2039741293
845978142
618472974
1271995808
2093990272
359649989
159562300
1057383614
1796378394
763557370
763076686
1843682798
1844165010
101566728
1831260828
957090807
813327146
994352856
2082942892
185782415
840222032
1427835419
1403623333
1055752760
1201450132
8223858
669259451
520126278
647329254
254239807
865551090
1847046008
1744849053
332766402
899566297
167361478
667215406
57413100
924619783
560717750
367750392
1637921659
865937978
354192748
1536649269
1894866241
172981604
947266934
796719672
1531067376
1516360600
1667178793
1879340705
1657371253
1493176766
1772666924
898407397
1799820519
562179445
230366907
1467986668
160131342
1910029124
866895641
391801628
1501170413
1506719077
2091051911
174882210
1787730020
1845796654
394054521
2089995391
176202827
216843463
476569625
1813847552
266103077
602745826
17748729
788294556
94000483
210276038
129748432
1377132229
1421697459
1157752301
963098925
1772173009
1115581778
1871829175
782081865
354708925
15019191
903463726
1897495345
451449848
2043043561
1830658087
685237076
1666411401
1638375117
1496983709
2008729333
105021456
926585189
1476293547
207435956
2115570760
476212256
858414352
114850798
367395746
1056626537
465876252
2138926828
922191778
1098326053
1847080118
810948512
1656299576
297494053
816549472
521682592
1070937486
233223794
1198664239
1160445871
487267526
2136428818
410481934
1235038043
1077265010
355171832
173898863
1809841107
1826658491
1368087217
2049352683
1902516788
1484379753
725888076
576210606
2064490911
1834032147
1246001301
1414777803
392502209
1095560394
1417332726
1477890645
50964703
412399579
1677909518
128382449
1912525017
1790573013
1280921505
308789480
1739062633
1298362656
1478451561
1103608415
1485385374
587000968
449294170
441569138
1295801608
8038044
1933502041
9187993
980491026
1621341032
2021864956
1684025854
1055392103
697462223
632883506
475366377
1172722590
1036160748
1472863513
767189353
405347164
1086842271
1295533938
499629924
554136132
656058675
260255382
433237619
1924568096
1255257050
1175048440
998519721
1396190505
1705698088
1228022347
931619124
898858172
278021089
523852141
84404057
1132967752
1566613957
1896778810
805380285
102002030
879808179
1601013735
210014202
968267148
1023254238
107126087
676171581
1632958233
1525392030
1069547654
860694767
1507253440
999181889
186796608
1338644682
139285253
860176661
835879031
1431033180
1750690807
1169094721
661702524
861543435
2034389706
1695777628
1479204495
1162130129
128138324
1681188288
370353269
1079839557
348382016
2052334418
1065925444
348628739
1429499887
1338565885
1139965497
1493415534
1970648646
2078301599
1798556899
1484149244
503666249
515298223
2035380069
850232439
823727533
1803172308
314117363
1954590367
417775392
935278518
581084483
778328327
1554973111
331262331
80113081
1262109469
964266079
1807715880
1725388838
1395408614
197574840
1420368669
1326391234
548237764
1464726225
582982131
1461277820
1877687527
832449681
18210513
1439222145
1179146168
574165389
1449635940
1183010696
1782567467
976327799
953393908
1857388649
1690980665
2073490471
117786652
1833066573
148086130
1112318869
1182166765
239296191
963291247
507475688
695699506
1459489944
308978184
1246115725
1492399241
1775660025
148553799
1611987568
670744731
1846539269
1013559370
1798050235
1340420230
1204425629
1368414708
1496499749
1041919478
445032767
172687941
614138863
1631993919
1785161678
757186831
1456183350
1316289595
976554823
328198527
120824673
130241232
919075648
199760185
883774139
1463387744
913099755
1865331675
1028873482
1241284088
1452437919
91103563
1888535164
1745533178
1879498340
935460599
994106897
1428533840
523894683
1353059773
2062829077
661735451
1873082034
758395164
194071429
1184581267
1972839570
875003513
60535922
1588997488
1653087125
1868126153
868074791
1778202801
1097323064
138665638
1197032555
1513578686
1611194181
1075709512
1385618635
1737729732
459449576
805872006
1271604855
1838286921
1624520971
722863197
1054541090
1680504522
1484121824
161739924
915767563
560759211
552653299
57730226
1053621748
1008333014
1957068385
731723869
1277107760
1285573024
254494760
1721308665
930327230
801686670
1034965079
2104257670
30321458
2007175723
596897799
1771250682
1524464030
2078261228
1645266221
195355033
38024831
57174815
1487321457
1121063780
1676174478
1125825794
184943907
293074251
1797020553
1066085194
87068749
1899894580
1958019213
791530278
128595646
1084728314
184222313
171092607
1983623210
1909951754
304305707
1428734082
333269833
598873971
597754262
642334507
496717027
1953446812
725519197
588038016
1540851483
117759729
1992933213
600650978
1174745489
1240637
84861005
290266559
1788586255
448300086
437250719
1986696773
1198491240
327087699
1989637213
1999119470
1440150200
460545829
762590653
2145553410
1670824160
283834744
938505534
1380470866
731354563
1931874820
1153753079
1875685717
513107452
1857563925
1735608043
786418463
1567454192
277306457
267388350
929431149
1544166575
743973759
786076484
752074038
1777335508
1082922257
458272095
705561082
1886212246
149881873
837010511
1650104723
1422513478
1859300555
1455598616
1173674671
240871211
939048731
66754174
464566196
477448679
1298675262
1463296513
208341562
1257290085
264280266
1320091625
1022456453
1201866049
210991538
1189420914
181513483
2049951795
370219713
926604537
1275078956
1827341255
1047915272
1548266984
1120551890
1896396073
1956428708
1018602621
917568447
647891725
1965411088
356440354
1966751137
93183629
1032075196
500462168
1821722514
1332587788
2004417774
760809102
905643171
768361273
1006681961
423594339
1500762260
277370139
212383919
1247448964
1772963302
1270402061
1141977472
821925604
1858532389
1009440928
2053730433
1796565749
1691106926
1261233303
1623054788
1067018737
1369356695
597682280
1426236100
1632089963
2054865998
35904822
1241436853
2089414736
350716878
694723298
1137297951
359087593
327120630
1724310354
1157463576
411169750
406979534
1310022722
701796000
301053596
1734585349
488811376
607236890
1769400463
144364359
92164751
2064434000
1534892295
1694395639
1812943479
7820332
283948515
846989948
996983742
115638331
2011071668
1112042326
1942540319
418513347
1124868747
817548503
1570513027
1046585610
1241755207
781971734
1171969987
1272523712
335630735
1928822824
1026261641
593499204
879545001
1444251108
1204944014
1271773497
1703172712
1719057174
271157141
1134147441
1349145352
1257848284
118080018
1622155983
1478471982
1228901693
1179039758
2070178817
1053157885
159773732
718873193
1842232809
1405465685
1884509959
779076354
1717184855
31821784
1631675676
76765959
607621857
492442357
1736477185
1428071717
1210782733
348256146
1970572731
1752933216
1542298442
1463646433
863267432
380618707
1885871457
171525182
1144367854
1422701711
26443728
1093603193
603400508
474852442
479916355
226984710
1067408345
1250816535
795372812
172582936
527048232
112205778
541050479
499386076
1438957328
1724108608
1734210711
1002229212
718469998
1148997731
1048603854
1032749963
1430261477
1621011415
1794933506
632277919
921824453
1756057917
1440858151
914646433
1766780288
826111848
1455524957
1517575537
634097777
165472511
1243984810
1316343277
1226645133
883888937
2116607177
1835960774
784282261
382534815
1520385643
1604193406
878434082
608946406
884629589
341977691
1430925078
1963983984
1440374866
336662260
744322235
1907014821
622344787
93199770
867832946
2100132604
1593017930
1727219545
1112186224
1868522381
1246068423
2017508760
874085353
1827772768
2146025298
475257237
197942985
1965386240
2146405197
1724869245
1334612316
1947414572
753659213
836849630
256408047
1661744655
361949012
1703598659
2059553185
2031243502
1097792077
1764939835
2012616834
1580455571
1338055890
1681337590
1502946376
392637846
339680173
1402863368
659307154
1814666102
1701667369
957282478
442333015
1774243685
1131978743
954356032
770936810
749262539
594939822
803600761
2046105842
1712288507
331670991
1929728939
821465131
745622293
811687634
293165765
680154571
1456441523
1257367466
981974934
1221149682
423967912
766415983
1744156497
2064700302
824179410
788109363
408252414
850132526
752770064
281329071
90099693
2077304622
1211920591
2028532001
1925710826
1479321072
205731896
879397610
2062403760
1325057443
1383158494
1491548056
1876554364
1082019992
1910297158
1219363423
1527565270
1431122947
336842544
1863015530
1325787332
701481253
993576520
1464729840
1465340873
1907194296
494733972
1796063318
286986375
1461849938
883719243
356494233
1917262568
558771597
239423834
1160984871
2124382090
205218046
206495222
14182906
666618073
1107559158
427678186
1072922870
189547700
1049113213
1726454124
892419369
1399738104
1788391950
1321983140
103674167
799177436
1121316625
1409380658
1160557233
619809535
788208593
572343905
438348853
2095956158
475740241
2042489666
1501570883
1299965707
57742642
1124737032
725295827
70872780
1300474100
1258895405
224952496
1178154457
107432185
610818362
1209990073
1510004034
1935983140
1681465939
1549028923
1118763781
1075078723
310839118
1528730612
528908465
1530391039
1391969840
1681424837
2105327153
1120220
1648616673
408953196
1090965622
1247702135
1058146230
1516127643
757735050
743355096
947902134
1692563839
1260444270
639219149
2102506406
928763612
998250793
161511823
1987211482
1494087181
2132864187
1311196075
351323062
41803171
570106170
1898095186
1169623858
828999045
582781085
1448432248
1265308895
203301537
1884655598
615334971
663680755
1945509193
731675545
913553414
110502152
1182982240
1379406338
919855347
540175698
2047293004
244170378
725685377
1618531959
1071749079
1053480978
82234754
2023187667
1931121210
120602348
1754551481
1822102812
1857784078
2036539916
667760101
1181604389
1529211979
862539412
1821325785
1093255369
448779356
1684755758
1953532324
1040475086
603272311
595282869
1664684942
462199384
386966795
1743995872
1525517987
2093999289
249748842
1086855727
1550067874
1862295776
752471055
2123085411
468908642
2063426149
704383941
1749704497
1016084967
1308437255
996076149
384686353
110227367
1605204668
1059469834
346453999
161256972
1350450919
1619708903
919054686
678885054
1078614165
1102360158
881112831
1255167459
1110199809
1009857000
214457844
1410646784
2015206361
1288543474
1522931757
1671454251
153292454
2036730145
432909741
231749375
908931602
159770261
1206058448
70607036
1462568729
2041183696
306327420
1740794338
45283294
762690476
614500203
1076559953
1667311525
1330941570
1155883806
2115689487
995279659
1445343131
343342990
724963131
1560995756
56589615
895533800
653202340
1820737241
509240078
1279142147
903410089
2137571757
2145755627
1819493795
114820644
1786005555
162222610
1444364772
1239707800
186065271
1461126540
938769430
2085488642
1714306594
128793601
1883297952
72013399
1429750281
2028322349
1818710901
1314355790
186245839
1963724447
1527600145
1599884941
579790969
1287737473
556221598
387915795
518898901
1009865222
1712964478
894104721
1653469060
123884527
23134158
160669044
1849106026
1206945864
499468278
2009701031
1674710147
345251606
1656161728
367812768
1268141993
1198489427
859131100
1599921303
1974512527
17603138
1069725840
385057397
156633248
1358925251
1518295368
585316696
247291925
1945777938
925565800
1363638703
115128744
1587700462
1077245199
1963148038
1174753504
1910995768
28633003
451749188
662243292
1588472150
1361794177
1627248002
720655073
897930367
1178013958
1584491879
1107548946
1284100060
1346138032
1199079027
476216362
427429359
1218379637
1207014466
861621151
1695772617
339481984
1852002469
1624535128
2051997183
1420057369
1163854256
987758503
1782811857
1194094074
1079830312
1995727790
618471752
2117199974
1599726259
752069763
860165785
1914006718
355724300
1820198976
1424909367
2100170667
1397767748
900142378
1330886336
47476678
1013553531
807789796
1611074039
933168294
1322641129
1186146968
1538377364
1297400565
1506052813
1750278713
998339483
112451118
1008766897
1104413434
582822822
832533147
645048734
1584832690
1009272408
982318432
2050005087
266712920
32777216
1829238378
1714273576
800496692
1895785143
187844893
1230157755
298482590
844846228
40277560
10708069
861523034
1471182676
1773677103
111235108
1679271758
878381898
2146646506
2091331431
516909421
493122336
1053017524
1287214029
1726272724
1502899412
1812984857
2012601186
1411546008
1368104790
1339397408
1241950452
1377231473
1008396379
937430540
220461080
231233789
2129886580
1632257129
608723949
1880975811
2001629888
812073462
1701524562
1947205798
1814233847
173868003
1318037923
1154482020
766775290
1094668184
1052928034
2062837081
729937733
1093474807
491736826
1390566518
19088762
605935880
1824537718
1733436730
284804939
1867070913
1112800022
1901711623
1537681023
597697959
808018317
478723850
801207216
683327502
1945999995
2089875067
656273002
292448651
1702474266
398399489
20485385
865843205
2126381856
2112752481
1444219137
785179622
772184388
1178976540
1447955747
854268354
854497876
850109336
1820385613
466757183
1441440315
1436941360
1556745978
910234346
798139068
973811007
1834214114
1853686556
1307803294
1602492588
1417644170
325705638
1343931835
686092184
1469480876
1038742281
1085801736
1783202453
422428717
567280892
1203138050
36921884
846244704
1488245584
1755635697
1984559544
1737091329
199999668
194589357
1601613099
240968725
1098792956
25592112
774290459
181986393
986310763
1276386078
103757637
1156488049
750652298
2044683598
1621883104
873680538
42327504
1821300880
1484287839
1984410283
884713166
1833918657
165083958
856465811
1114991524
1979656707
1242668305
448881090
976081938
58645842
483623660
1457151388
1090846700
185163718
1798605366
162564670
906017632
457978256
1903303588
1508725895
572373053
1701811157
1064568019
1873359528
623386392
1112850784
1920679537
731862490
1790665174
1246226189
1756426695
1120465697
589579991
1263676483
787668135
115802028
1390508328
780206208
439108088
246693879
1569485767
595163593
1864773533
892373634
1675513544
450653760
1165044230
1660485462
895836876
456660345
1969723090
1070875640
1506550182
1667007067
418929210
2125033298
2116218392
16082819
1785059582
926879280
52368052
1490866758
18571706
1182457438
1412009767
1641986544
174178647
1711107403
290096936
455645207
1000300746
867638495
1120917169
1143082842
1558493785
73548780
27042611
46507369
627142412
1426208569
40635517
435197976
9714717
452938846
521260564
1051967076
288460875
2045462570
1856931000
1596685653
973212612
1126415573
1661525541
1550581289
547865073
1983936477
610978366
876557427
1205192366
1657030512
1501407505
613446196
747597056
2112950792
1935378385
1679224750
1528892273
402378977
1334758557
211962322
491064611
199793829
916309380
977039614
1015398550
683284578
1035323219
1293633656
73042688
735209648
1191666390
445102498
397533818
1129630428
1167183993
1893091034
511667870
397492347
829194649
28383416
1697243909
1138898130
1407364666
1655364621
1761038838
447261471
1758186005
115306012
167449299
696266589
373094037
1957269460
337157075
139982443
1605354957
731999297
1995321468
824873967
754662001
1734147000
1384849117
620392329
1259059241
491262007
1759861092
1757368472
1281237115
948913930
1672375902
617382849
929561633
2014826
1790710080
277671692
1288388013
1651558120
377673186
609746049
382578963
1101138652
1182633321
847293312
2047281300
2126399117
646895469
1714301001
164975464
393905237
855644624
76917323
480925720
988215315
612137961
876797416
990466685
648731329
1270577929
980030167
1113565094
1771810798
1082396634
1757206034
144124498
429579344
2071688550
1791953551
625451207
253907323
1664615671
349227261
325107885
501083657
579859404
867368034
1336901008
595118051
862771397
1400273855
2048698193
1215787981
1786381241
1364652481
525417321
1600537139
1777459977
1014629660
1182655600
926331802
802400824
326751295
977701805
661536549
319102264
1708057205
2071302539
302323513
863713893
885301109
1299978106
69579981
2101657734
918655984
2033457536
649706874
787183314
2093202319
1558188856
980586667
1121439796
1012284417
1011403680
73667232
771015160
672866687
495478829
1839232824
1096651989
1797187302
1780345924
1565711560
2053140250
141610892
664749301
1974366479
413472150
2069453790
320760371
1097362529
1251302725
823913260
387118030
1139922492
1605593603
766741480
899149231
1261063172
556123491
815990786
43876767
852124569
787661203
82026020
1531003386
966356381
1644712023
1770119151
1153735774
1442955368
614630244
316207762
1826352798
126987613
433880716
1606592458
1103736288
1990162945
72337701
1658653066
956727721
1032018700
1995255687
948985993
2075682726
735367671
323892254
504742922
1284693212
1248855049
1313747924
1886297804
1373148993
1696365800
617148871
382414597
749764097
1405901275
1680115830
1388284538
2113296264
784484751
113992206
1284430648
821168799
1928593402
2091580968
679538772
1331689646
1611699115
1572621522
1638339940
522087797
1390539191
380080380
1729188651
1882421201
392925577
754999423
1641292203
1392435991
1275245134
1970495317
744796104
656980332
741481256
1148639934
2120943397
1426766801
415852314
2117640510
1964766358
1451698260
1103428989
103389807
2138694861
1309796065
1184281568
1702691171
1663442950
987320542
920766162
187508266
2077174348
2099088647
1139710497
260972029
601980449
827630568
902471246
985294396
293866707
2071515977
250843050
1083362641
374385922
2094100343
1321679496
1938361738
1187399255
438431636
1487217599
732086328
1939180145
1046510396
1511573765
876264805
1182457756
1190418911
1862614519
1756171136
142191230
68595850
2115951977
1517318190
1142219061
931567817
966335392
1850025112
1640641217
1084126690
387309245
1777893803
299706987
1303306353
1402317016
255686530
958579898
767065939
1366969994
1026279338
346185169
2031100646
430756272
1070303732
1768092273
1882687110
681260588
66298856
1617970213
1900497419
1450469398
866776036
1620742604
126427250
1530683235
619795958
1134335447
2094241055
1369790918
1684118625
1900341093
878510746
1627812984
1059532523
2117903548
1093634662
797955952
360912930
177599605
381687287
1902028401
783920095
1963454469
385603349
1082826625
1130841603
1108455935
1754000681
985441900
1634438764
1273337059
1731065823
1580585134
1196646464
565892761
296378410
2120499933
673251721
623789227
1362115913
231121217
773394651
1122055231
1619727340
666151657
1064560664
2131242298
2017441263
1279611817
1742952346
373240370
1784309134
1355052472
233610218
1479522674
649549002
656869246
1229127579
1378922106
990514001
250431620
126737574
393334983
1276048809
1079900231
1249522758
370523143
573261742
237820302
1175430515
818952924
2035566612
1215441520
1476794788
997505320
310797719
1552591570
563677654
866216979
1191882131
2103119669
2144401584
44495307
662128032
961005197
1394198249
130816351
641150052
109840842
1718252414
61431712
1695801433
1211362744
70298409
2062582872
1141165646
2063766883
176306780
799924677
1222794420
797777870
930567803
1067045721
156621560
50602299
744018865
1720803686
620754573
224622110
1144920652
2010143046
1099244235
509559513
1206758292
2097963078
851016480
1548109616
16261504
2080935970
1474487507
806270979
832574688
403506480
117730157
128381821
50577946
1787582813
683069307
477535191
1031601010
749385591
1268940602
668302864
1195427261
1504155607
1415912853
566300094
1312023419
2115799128
168866506
2040890192
1015441701
345964601
1040616913
1443746348
205225044
1417176322
1409199223
1976981431
484085973
1419163467
169422212
1631391039
1489421517
1643458267
1479924642
1338515919
1998303472
1648973101
1454664487
1375552924
1205521085
892566709
1331056647
979455421
902316779
2077034650
271160480
1457137983
1228671028
1923179857
1761491181
786803257
844353682
436639133
1316658931
1660985136
957945594
1816518588
348704698
1041920743
1098282251
2005657084
2044547033
1007331373
1830102832
83961532
550873268
1143776311
1240531890
353967420
2110358589
47044717
668374886
1057803906
1391514315
1128339972
1770359780
264501226
879594301
606956148
723044805
939613700
553018802
831326893
1029966027
1240289164
1660973156
1114360234
2038839090
2051466743
1902538109
1398978289
822441226
1467119253
1476482461
493630458
301393064
2019066184
365673907
2011796178
1551903412
1398756720
735084796
2009156104
1388846234
330687877
1957289475
386468977
1717190869
861910195
824954503
710638464
1709701555
164627462
656394507
844177098
767882340
1096585299
97243989
606861595
1984949722
2108696317
708370551
1086208220
1871364799
302141388
139858840
402081985
1854568232
1297240887
802026308
362219106
198458115
995947438
1861263124
1730571121
2133688850
360537780
653743621
1253926934
839807268
656540806
676651626
159153915
616335917
346093827
199937932
762592770
1487949395
390969457
768757675
820668553
1911099837
1363196521
1820730849
1394656372
1711761916
1755361862
641753758
1530060154
1250429889
1619036762
1032087768
997871203
2086685651
74943915
686672525
1512402904
1024146855
1818011703
1873538514
1858367719
976136277
1460466740
2122741810
830816809
188983560
836460667
150589622
1056918233
1086589132
1974947222
523125520
335615506
1318607255
1977909279
182288425
1074716463
611005882
2069768984
374191477
2132586629
927264857
1486197839
2027696086
1062751939
1179074245
614287357
1108291202
1292166012
1073412437
155986979
933160765
1949554413
808047983
714855039
108911726
587985627
832123259
605180306
2040325638
209001009
238530761
184860728
285394147
603762291
1900558244
1673251978
1058196765
707138566
1390843699
412784617
1749480026
1049248251
2062944520
25369770
581536957
1983189536
2083757089
1817635822
83690522
512784200
1328326223
112864213
733944670
370044928
726061619
1294536491
985209563
2077066777
131341661
808318052
1421994793
704704936
2077759154
997179648
2100859269
1985558264
553381407
2016907211
1929350976
1377207873
71918163
1401645718
1261299707
1098498574
237610039
685571614
302019306
1023882556
755757838
177614202
139656151
1198579249
361497452
1868495415
104784989
1796611177
619915808
319361882
1463115337
1271219136
1126081341
1261100029
620044005
1636206561
222676592
2067977785
1667084454
1760217615
562075450
443790989
1217297719
31500793
728718508
1220033273
1891860682
723117164
27950698
1299302461
492883786
1752030390
398620328
1850004810
201903137
433610991
1721053628
1450293006
1011006992
1848939285
133793066
442906789
532580819
362021011
1576641934
10626608
1692008600
1246219244
263505480
1155847717
1739572462
467137441
1883083208
1504191088
138899198
926252166
112789451
1871522252
341965417
1167370039
1606928190
295325097
1029716927
759089717
1289835334
1143304906
434927385
1559848122
748608699
1885761173
1058955616
1561339368
1100409991
1079244608
1276194059
1780225766
547892114
42704268
1409701407
1807970911
187275340
1207212688
1923987391
1000571672
1576129968
706613261
221657034
1588603486
478180497
1769013595
1022782871
155893371
801909130
294323918
428700315
1157337895
1136894193
411784916
1002863285
165063954
743112446
720912522
255272580
455974497
449811670
713581615
1075541410
1156421138
1620919630
1158227274
653549417
699671757
1977188975
1725174839
828363060
1685378047
1298236131
1408449098
187930504
1956542587
567025812
1293832307
997037269
66063675
2006467130
685356312
147334277
386999969
1614492663
998623776
1667463023
410763798
746353154
417526097
198904084
1082427482
1142317370
1523109980
1610529433
382046100
1772490900
1209440040
550955426
343421208
141129310
1944231781
814076640
1007024093
1581042922
19416521
1340609915
666872548
1322256916
663611424
893536447
1238229017
158581376
1249237841
1285490728
1283085769
1591816093
2130674958
654336086
1783069733
168966742
1012411232
743575967
2117783184
252911371
1731858621
353203254
2143073746
2107502066
562597293
901343573
2117479846
1117379549
1136062714
1812091758
876817514
128019894
77690047
562113373
1227326383
130019636
831520062
2068837297
330178254
1468340514
831289106
2066673032
390042259
1627543255
86263637
617528977
697565494
1656087065
519649882
1461321718
553502123
475315741
943327125
739328204
1364748120
1575816948
898894658
1132222228
188491286
402987503
1290840848
1820333367
681822941
1879515114
18445450
169285816
408846319
794956930
1953768658
813933703
478734727
1036437660
92277878
11874785
1898854616
1785819035
1900381462
1018098984
1539157089
1036518352
1588976176
2042743031
483777866
199625633
557271918
1864641260
467629640
474580090
1300487621
780709042
61044408
1386347971
1817889767
520291397
281984021
933047131
1540426317
1705585965
1517846405
544414769
1329777045
1950464134
2108196289
2038581037
650238568
2007882557
2079942863
739044255
1990001347
1435530212
790469690
1607407168
1775787414
339496065
1052371919
1312249789
1321332997
639599786
822969690
1649902192
1149826683
1929313768
1003356444
748120240
1263928053
145534983
1275244779
2044715124
125038297
585421679
2101684022
490356100
1669034195
1612566224
1627418479
2123636489
1584582570
1473176067
414647584
1006662035
1088959401
2085507125
1515288955
1557512552
1016442223
837195773
2000728676
759782022
1407428232
1365380463
173523158
1910184665
536507740
596656122
1883257806
1740957842
324367546
1474721754
189552541
1387717505
288029256
1376642065
212019100
1017302610
1131603391
1923032931
1714312584
833985140
116008335
387898134
709133360
1983451551
561695818
279348961
1580123176
253708676
1406743144
221474405
2071163491
2057073349
487612445
1746826877
196700029
1927062971
45049157
1915308153
2053305351
166544129
1419658256
1054226048
1635956007
160930516
318645790
211723063
1283626984
491026776
1047485641
1644610432
1179975137
1260014899
654850577
382716147
712784550
78127357
843061746
1840444074
1782281856
1953565883
794852648
367583522
1518518722
1009540438
2128546980
1434896186
1602986813
1340941000
480333724
1547774683
1356945672
529921811
693106507
1867825942
196082813
1745666512
1344184843
63799577
381136574
1924212560
470857699
289893817
233743588
2030041175
1439992349
46123165
31594754
1643496862
990400709
319232801
1223747984
756434270
2071533868
2003764266
1627728166
1833573943
1654326540
1282491546
657828056
1003146966
1495519662
1358080351
181778971
2056288720
695792544
128197619
1922155038
512662412
1282286776
126851435
251559501
1404891148
1335408810
2087297752
1046255157
217746011
149401654
685443703
372673897
114216904
1520740668
1717898169
822811151
1199411189
2092756937
1258014105
1216831134
891400359
1147274235
1276702049
732901785
329931275
945049433
1346450304
1401474446
1447694632
1903039703
882664241
2127035382
1729182636
1033507886
1943240011
744889076
904458143
2599715
451521209
94176760
1944287153
1363355888
1129723155
615682828
794099292
1823291061
952359451
1963653132
1282047822
441067175
149752133
493080379
32052359
1698121796
512300361
2034062141
302292621
1379522987
866863941
739025537
1276849972
459466444
1036981851
545527258
914476385
1433016239
308899361
1226086584
1076287650
1930756384
1108166035
352430348
641158257
1603039283
710320049
1024640871
1709935264
712988446
236493279
780332028
509685844
1626197763
800181804
2053869411
1436323717
607218180
1691529039
1579298265
1724666839
893790819
1172661159
157733475
1724277904
625113815
1686694709
670204645
1384256437
1589894852
2066365981
443121322
342978078
791138372
702948428
644670064
1960016744
1634542743
130420757
1277516766
1884707030
1535931836
683175230
146972708
984391360
1096518292
694105030
1945863801
991205564
1428144960
2072154795
511322271
385256148
1343422607
915614557
978092217
1598551340
725246251
808616762
155009598
1282880226
2133553777
531030956
1949966317
738470168
675055408
585720750
933152213
237742091
922359706
567776481
1411537803
815580203
1995292003
1191219816
356589593
429458529
994906448
968269944
321127006
2059505673
1753939292
644391428
1676329720
2131505935
974104813
2007325872
762170233
359238621
1565510848
392075542
443051249
183411248
718543561
1819765738
1919643865
1482030776
587632845
1874763503
2007503241
623978577
1101481404
1424463231
1666289283
1122735857
150603759
193545117
936603644
559742759
903764281
1036792958
449519348
56387236
489090896
787279285
1542611771
37826406
854876841
615901920
1587215715
2065727713
861846478
291807675
1292802423
128218892
488673719
2140760913
1160449608
675070167
1575227593
255866002
13897661
1923297340
1771528293
1894829111
1405094942
88286641
299356998
55835709
683071002
1292685219
608279371
1135376513
794489869
1295928579
1914762209
2075273255
2083907574
2084987599
967901915
613138925
721761507
865898666
24600895
491713131
1832523609
1230746488
569444011
751965820
1375139192
1315070803
1456019672
1412380325
564992981
1681214010
75754410
949413991
1390845352
1273032419
1665808975
159383233
1536491955
813268963
733428583
530091919
1915463035
542398552
914772223
1104679228
1873437569
28501887
401863094
32436767
1132628745
400135447
750725450
445915233
795516204
1414628085
103888666
747923338
1438175564
1344413278
768399702
984719674
1648631564
1081716280
2055607541
1792605431
1951385164
438722471
2121323672
1390123704
88052421
1190568110
1950629641
1605444163
1766063446
90321594
708112939
1530401028
254519092
1440268920
1195854637
1747495237
817539229
1980246786
1260261341
1810087964
802122287
2001204899
1592885543
1757531673
1527310966
163650987
625054856
1889765541
1530333982
1352359412
1797056728
2124328316
1663621713
1539845844
1837610347
882257886
450446858
687011960
1026437009
637575425
1260204179
117059937
626542435
351129782
436435386
619789286
2077437171
167122372
880960896
1593888429
1032017820
880535763
1042794714
2091013525
909088220
1362028967
701642423
867483839
2025148044
1807700367
1876214787
543447984
1855797976
104846644
701543876
9079439
138911488
1746112290
747125212
1723351338
1957907002
823036665
485895109
1049051773
1684047274
1127361608
1620340022
1987540009
1031853588
1359651473
454894098
1413010341
1822219329
1596094950
847789621
1852047784
1967670705
1665768062
88249968
1329899421
1099419827
83571723
216603165
1977299515
1790879152
2074823771
420605251
1214678295
2017437503
1638495779
1563077300
1288450538
1482012349
1530628710
804597034
111195310
1677448280
1254858036
1849049946
477771398
1732623624
1416775829
865903705
1016617072
33434601
647972607
1002160676
611474484
1251138404
1232045599
1368950858
1119248940
962212095
911265837
442708799
184117909
832419258
894597190
1260345479
487542009
249834856
49115765
712031320
1070797870
686042652
492826536
2137105925
175613981
963486179
1148446380
220244254
2039430438
563936652
1258115186
1652401346
997541319
1888806429
56912725
82420973
1736120341
737389698
2070326435
612376897
1519858295
1909714695
35497090
1529143862
537105475
1549377873
2096440505
1522136521
1869162476
1150898886
284803306
485880397
2036054919
1534956524
370658158
1089322834
1640571918
1149306329
594297526
1836194982
766151852
2021488822
1418681169
306231689
1340297996
1047014068
857562370
1706475861
1985657978
366193647
1425113200
1903252826
1104534871
665054934
90437314
844582222
133551013
1437436905
1295368187
1090989315
688563408
1735876125
814305696
761879103
682023
177282685
396341468
1235739074
590763013
1023271229
1234609829
234129266
967089403
352893255
1860709901
204386902
1504153365
1827934397
1379172446
1860085583
2073681399
1796516454
1591442192
1059010110
1105854834
657933072
807399533
641604687
1865395202
883539027
2103140216
1816801470
1642784954
1397705504
951571683
1476123061
1009791946
694331321
640054356
889000905
952922313
835872368
854608589
1408104395
1293228888
1088311301
1985859595
1970094588
1981276752
265417996
1274395513
1460526637
1246602888
844845332
1429071337
1545826480
1134016962
387693328
398694533
650325980
90957815
761795320
1896129789
1024871490
6078687
853088156
935759305
839664947
2135733468
63733441
1262611510
795540775
1811493617
1414593235
1870161359
1942217059
25448462
2131520482
617345980
1460184400
50025651
746100039
36288795
1349511351
1366266828
1239069163
153233152
2049835011
436517690
1583724620
11849827
122983169
443200744
1665815851
513073528
1050646711
1504012745
309903615
1709677102
396717916
198921299
1724962970
1855300539
1202283530
1343194296
1689907796
450445428
1592046427
551037325
538755619
1988914892
764921594
1312381131
2094493061
1368981168
195759862
1621215254
1063065077
364954838
366485545
784817691
606626923
20382022
1435852756
856380522
506207899
1246273837
148732321
1380598561
258369389
153072267
1665418966
1676939887
1633347278
361888243
1816566326
1503837399
1179784168
1521075570
1238869219
1070427237
453970808
270414953
555910469
1119613200
665379731
942742464
359602532
697765546
751891668
931277821
19772693
1234497488
1313175058
1659256959
424090818
2085458029
1997805101
79905344
1387549500
1051161611
1468458846
596382558
748973792
972985279
1806662885
692180041
698403619
1894880539
1139899590
810242462
1987121514
71245780
418279883
807918125
192946908
2045218840
1350813661
889399419
1280042777
391003928
296744496
1762811304
2060947949
964565392
554215247
1740950061
1059116686
1165738155
1321200326
1730244901
2100117493
1621320333
1336839108
1715443723
465543629
1455577556
1433325456
989383032
2097935265
1106190585
1170830300
1812953665
1839037051
1432725456
1309737230
883122146
972307355
19377195
886491446
692475759
1096508072
509689580
250786754
216770547
966717713
1995567943
1568693053
2003403841
794135025
512357578
2114329480
1583194637
733862414
1682905407
1913927335
1421435605
359240012
1526361156
864591961
1746066171
14961709
728146098
1883510658
1043579525
1743702509
1560085585
544675051
919430509
1657540552
1547838869
2073402010
1679959263
881579804
1431436104
1462322137
18172417
1979761092
119400516
1854255866
66964202
1129043532
215366741
1382555035
152297785
155085298
1479556726
1084468685
1444769223
1950417086
309244914
1666554932
446655188
672917861
1670343332
360473560
988405625
6740941
1635529881
1745321122
995100619
773034296
246609105
563671666
1699211896
1983433258
279748370
1085669665
249253759
591074093
1059924394
529848614
1869648160
1922826960
712871148
1203690274
1630345494
2141595226
2056712241
417304340
1621302739
1146226023
2050432442
1371334165
1017773867
577025242
2079697040
2028290421
859116201
38746040
639759229
387808056
1122462379
945305727
1617653971
273519945
18664117
215176954
2054178144
1612449880
30956369
1507879123
2031636708
160744514
1526730605
1452641400
2029126362
973629472
2126443978
1996239562
2048465526
910520296
1623906899
1932753741
746899806
1236833666
670651786
625501029
844465085
1292637017
1539894723
489876381
231513095
1286995912
1031147216
1121611976
357886457
1034572378
15172646
2081567737
1790431418
1033044208
161350392
2028837752
1937532049
2112804318
646493950
2075287613
554216621
1992828315
703862222
607655154
681860821
2103924407
1948112143
905098073
780562446
1302766878
332902263
132405255
778707038
1956670110
1122262782
272506106
1090934201
1923665683
1520764648
1985883829
1859820528
64287919
1556642020
1643599159
649680542
1806064404
715531583
1976356414
103315770
1466206785
123074102
53769495
754730023
1791296752
2068052342
146592055
946548163
1131886353
1317590776
1430533348
172763427
469631462
1164907632
472574699
290948330
710083966
582549146
672642649
1177145585
252034540
1991131573
1496517342
1848025587
486830894
1465176134
645593797
295632383
700357508
799678297
197268093
1181178861
1034629127
417584401
131668980
956113715
1312268643
106413895
195348872
2006216190
964576720
1145711859
758479068
1689797710
759563874
1118939035
596127657
494880322
1475191158
1648704344
547254070
328886082
1686495623
970720292
862718053
1173785809
38206840
631326699
1727822260
1174323824
1475442901
577299395
419652801
339708678
765719648
529759945
956438940
1495409615
1321943374
1109748788
2030618186
583364113
1739031429
756305258
124224104
1556654617
2086756883
1660473042
1051113210
485708651
1357104709
1510633631
1152139661
1429674901
1267063521
1896341886
2023070168
1073174190
1719350361
1177645613
608129704
64477411
290043649
1373199170
135938741
1136426374
139950675
1292965049
342899190
1560586201
1667370453
1184287595
1274039114
1978373669
1757489611
1447565670
1712902214
2127362749
117779799
1469687529
1433582136
2033250329
382676724
968606962
193159955
1519097086
578919934
235649966
924798487
156089880
798249161
147664720
7531267
156446159
684655847
455021499
1965299358
2000688257
93096300
545474350
234968991
1271966893
817916261
840978001
1037189266
599442324
136560322
101547839
1540297627
1176037040
113372957
1002025897
427969905
1459116425
1564045717
267955150
569064433
1225888839
710900559
2054727282
1909904643
394608930
417122657
794217955
1249163228
493524688
1803931331
1578340165
1059687989
1903671381
1466972568
1720976673
484744691
163913850
273279935
211196579
1236513185
1240978868
955887475
1176862909
1664302248
680012955
1135351944
1005600075
1517280708
846288064
258871059
982537856
324773131
1048252302
1316243077
1350393294
396202446
813618162
1086724699
201267651
1210855278
1370925451
660680156
18037907
1598830756
1441456946
1706898604
1806607495
784589372
583334053
823664700
619949987
384340600
614220306
1721236340
1026909370
933532084
956752052
3936186
2110343043
1826340084
1990450822
2075686670
861766070
857111008
1136580158
1213919667
247564466
1773713289
1319127489
1558133688
820889985
1044747259
1653580448
178794697
322531028
1783185176
320467207
1677587099
929199048
1114147689
1604391268
1024997784
1525731598
1090664870
318669545
6985146
1929231771
912020632
800765707
1558241376
639638558
289188682
753955130
1401244807
1671694721
1440967403
1124305519
237794784
1824631117
1475268077
1341861395
1496536115
807951086
475560890
955267323
1253796292
1326995756
708904392
1461318572
1550870991
2052600920
2080003047
2047504269
33398729
1371257350
1798774779
541429535
1509443109
1906265598
1449884365
903394920
1962028590
541378844
734481717
871655524
616177704
92409067
735070441
667908994
1002309553
938913726
2112828607
1414266509
797615314
1526101702
653470419
1238012171
706305163
265764901
1763395764
994552958
1555157805
702971844
844300499
1767393735
731994543
2042957630
680201867
1185119404
1461685656
269445592
704651469
378567469
194117310
489232679
326100387
1128072751
1642077422
672414304
352219898
1599828442
1195769622
454555424
274510351
1340614251
1915049262
1955041796
1811911915
1397448744
228056499
186715249
1959642050
708869856
1033863583
1300896248
882587676
1549815086
19814513
586991772
864687164
1873722670
300299807
303597926
1740502459
188857377
432413185
2034958418
694751081
1846099482
826885626
923743593
47632861
1480664555
982612882
1304582063
109319213
219741256
1673989938
1799213093
1499018543
606683829
290026430
1177326272
850544042
1439789213
1287525810
1518869792
990034316
777065485
426768898
1748311613
308802982
343405840
354643166
868533017
456178441
902673448
1195269540
777482262
1663106955
460904099
747331204
1681447687
2141967753
2099470651
1832238822
2052666454
776921133
1500608990
1252610048
1527421651
1601430262
1780573750
615022387
964125519
1721328531
616223250
977974075
621274965
1447929040
1910239883
1908828390
1188220856
1099531922
1409051306
983221602
165912938
2021659594
2132081016
134507743
1371379328
1467445726
574421065
2089529462
477044553
1061942325
1420938420
1249254821
536042285
750515403
1103784049
744397788
1713858464
634602205
143508298
132323628
43332897
459611592
503439773
1307161419
1344344484
1556427376
1283773374
623619760
416156453
117556224
2121797374
793926578
1627200924
130158532
1671599572
1265932888
2111023105
1393185584
1205379361
1370293076
729852805
439741341
386239189
506135773
117809311
500743697
1151804539
466978705
1013515112
353344412
1585520142
1087892552
1436665779
935108365
362163409
2075508338
136211335
277536835
296994253
666801822
1737437251
325803207
1716182445
294357355
1373973056
173932287
272805259
1387314952
340870564
913183335
990890485
1069390544
1095923267
2109303928
837467900
202278018
1364311031
929176929
1684867173
1094012329
304058906
2030084176
1599388951
2047051515
1215870524
1660281231
1136511628
1731284326
1257053132
1694373606
2107261806
246661417
1013198329
704856717
739193550
1112866418
807430817
1136293582
47875488
1721112506
1113719277
829233600
1049203833
1212555894
1174338000
1972010571
1541788059
1701178124
1715382952
964824104
1075245001
636743099
147056391
1241535055
2124328995
261862368
189899374
572672182
1939528040
114235970
1008731152
1285815744
398969409
367587976
1767837642
111814629
938813360
2094729001
918925390
81477582
67729791
1829626556
1462169649
1694498022
1492530630
521102032
51933765
284318981
1930776437
1681605889
1171143691
998583175
1338683748
1115043809
2068594226
1675152024
301836901
212034669
880041416
651078687
346191480
1357553041
495835367
565230886
611747418
1953416364
1761619470
347593023
1495137012
573701106
1466953702
555269501
1314828094
772266422
1689361001
1615870228
2050095375
107559180
1590818825
65373106
282904174
1685081284
1989269270
1205036787
618513245
1850002586
1868864981
351802863
256870210
96965381
2013429286
952670265
1233787271
515313594
994439003
1479155801
344579501
1633606647
1550130890
111913153
1873528107
1134907414
1721383459
890730023
106963296
103639276
649590313
1589050069
414641648
2047093932
1120988415
1053767545
1069632514
1444974108
1587608853
624265700
2072731578
2084710736
924758315
1426648535
2072015125
393086479
290232706
2068299017
266461882
975225945
553498804
2066929932
1495333981
275679467
1693333865
1407303682
720136197
133211679
305510008
355869188
656418358
792271767
327653449
290920468
1081535883
1052062967
1231219222
26356650
408145060
1650241842
189299741
1886544424
1850826734
1379712115
1521866194
1722000119
2009428594
1471191316
1772942806
1967174310
299031377
764654462
385494021
964400702
17327365
132492506
773391374
1359026018
193857006
2090483357
949888138
673792422
691513374
323902829
709022758
1172120945
1612316625
2052610583
686144206
1169084350
1940361893
1576721906
1686926151
1555225713
115961678
1800824767
578143958
708436936
677056779
1583107262
1199312485
2034278672
2135825320
700354996
1338418939
4403318
1395646599
42406508
339430832
931680785
398122539
300536031
526649253
680211834
1137695658
737367849
1545632352
289040529
1602075515
300085790
342894350
2087753901
43913926
1333272403
86711384
1029256864
29403715
2124936057
1782183823
581885344
2046722014
522390215
736328833
1422692666
224106199
1921607530
423587726
1177718823
1038107990
1172210427
411832000
2026537175
2067009743
1447773254
1059301490
1756646251
315575705
30812130
302247481
300697405
1001834229
1742098362
1015633128
306322307
1796462817
82894032
1794042345
1651149975
1581000771
742422729
864963179
1746992999
544683189
1369591964
1864631444
1781253700
1002918192
1859283040
1376733348
734982903
1150790783
1903149397
233597019
1955765873
565237768
378266826
665177289
138348911
774003321
815080804
817265018
2006803794
858704247
632871345
448996610
2024633532
1493806911
1210218407
1368838703
1476740104
1584478038
64771701
1736334985
412137741
2232518
736982105
1336795213
704115768
1201117609
147841114
1553883946
1333840341
302715877
1197757103
341792838
689859877
240046987
1735469229
1165190410
1244005471
1982766148
93460313
1785909656
1957327239
1286002460
1106423131
1496893611
1455022568
1836913915
244973656
50961067
1145311948
1287224980
1611463823
1519647665
1816067161
1269455120
2122040877
1537570135
1907958481
1902619241
1725586818
1549569302
1031770258
1264438472
1645701543
742922161
542535560
300462795
869570200
679785880
581622460
1885130474
1839327426
2139418616
2128198862
1812612196
1169965433
327761756
659070469
408700419
4622805
2121086612
1782542503
146847272
1574892785
93795078
1387077321
2084501585
1826479431
1853061868
227219360
1437997641
68895271
1949984416
1666991129
494300826
429787497
1926702438
1125725987
2023836923
1095728220
1159500040
2001150638
680799287
419141478
1720902668
407757645
1879302507
237741098
576710127
350312936
1445888830
617137313
1263042507
331155924
2020136303
179392085
216978248
2138232624
851696064
379611292
1309998872
1680464682
381070790
979694480
1238148748
36812862
1601037456
6356733
496002991
504026707
252875032
995096717
947516366
1955093288
855968335
1045909609
1234252512
125356600
64733889
670326924
1851061723
1868676300
513858294
1852274298
519362419
63889304
711951486
1236399748
493813581
214453325
1990979049
1839615328
1679254433
1029307075
755094602
181752750
827944668
205632051
880739563
495809416
1692437692
1597458954
457400229
161554095
885302065
1038981986
2094893168
487356531
130169713
1107730511
270352662
1680841337
2125045522
598102849
2141006438
1180711373
526006355
1075229926
713116898
1644756793
899995997
729306957
1106210434
652108256
618345089
1962026313
1771391781
1662157931
52338508
1260725870
1040828781
1486837232
26987745
1303996360
1647351603
606264857
619730131
1569842975
839580729
404222503
343440868
2066320220
1665582650
403158513
1554098903
1058698853
1876688644
529292892
1238785325
1199153401
407937231
557350760
1526558904
694802094
385457883
924921572
1311900222
854814332
1257632
762127059
1048660862
1201502523
2026851292
1279384472
1640243735
1397472811
1576137043
255604506
1010832281
1281284172
305110673
76093287
624512137
1819162842
1835603733
754113322
1334518513
1286247870
2015611935
1062951160
766246150
927227594
317153661
1442811585
178531874
552432316
660927374
1374598312
1022278103
309827753
259092237
881561056
1854759571
203964955
1254000851
229456034
1689851972
1378741801
527064921
2079527365
985654108
671206087
328861915
1171434927
1939258217
795736490
2111281016
1818479026
666355589
2129651764
988006320
516858992
1894245763
351128401
1758682120
2071673626
1507349338
1811954564
1946777697
1186432783
117232680
87327316
1089145379
1883924229
1601207408
2032568337
1889905413
981722157
1837935032
994285194
1439265873
1042589310
453645391
1539852951
1497026253
1989085432
1026801206
1429152472
1278553311
684937979
323888459
435855255
1769092887
1583595021
1006717495
1513864366
1655491448
1408374754
806651795
735382775
550281111
97259118
1533180231
1785332047
1835587701
1078514484
1007358924
494787537
389392643
912662584
860847818
1816106565
1692607520
359779474
1969570579
1126394956
2122606932
82125919
1032176111
1599277340
193204114
625351357
372083365
996266375
1019603785
257184381
1869416417
61893286
1361180603
55704721
1431370843
1990516309
724488516
751938971
1771112914
1423590905
1612525932
1481353184
6690198
1514624793
1867421050
2122433646
510227344
835064705
314277017
24419768
739217914
1923382196
800898924
629920935
1688354587
1878036999
1410877999
1797202488
1731523495
2064507088
1704090547
1882268086
940969815
2145221679
640373086
1901843852
2034827437
1217088236
1515545490
1109657313
920556609
916035304
1979588897
1406836965
1465983261
657898966
197411844
560376736
1683313078
514898234
1436103438
1299507362
563205924
2089623988
493074840
845227713
1122384415
1955289602
631232463
1926772123
1511553820
333734036
1779807274
11454137
1947151848
1389780182
539545620
877351592
208403457
371985171
1495488872
511669747
1651282308
1881329100
1630295669
640176440
1429282757
542104715
1576576790
413756313
1324472236
1122247581
1769782930
876741379
1754560400
927344999
1474136992
1965139465
254960069
714616113
1858867620
866406773
959297884
1405619546
608931933
846578497
437523887
1676102710
