985075986
1320331776
1585869685
2085869451
630034554
1863780473
1226990920
1371828646
1574065913
1901108600
1159755339
26937174
544552446
1930195363
1254709729
1406168444
1214229746
1620802754
476745269
230825486
371670311
1313050603
734044157
1087938086
1507049228
1252085599
100289282
1896204595
1258635061
28898926
1030714628
512120265
373526712
485520463
550991920
812549299
529890810
1235100483
1535944866
1085742337
922123126
1025223508
937298366
127019027
1884157492
1210467516
1768348988
1451192265
1448816237
1661037694
668915680
1627068420
979842818
1679130437
1563930306
2144485380
1539711240
1145490250
815357931
723412610
1676080682
1812962990
608937618
182361624
2100936595
58805292
1185978729
219374665
870000111
1107727659
1471742316
1552056944
1400498436
985257298
2039120992
124117309
1193940604
122224695
1070978620
624314923
104588337
1513396480
460224508
1656833033
109530316
850903428
1500511379
2080566725
2006476145
1923789692
837073195
1598384951
1859353305
1945613374
1446110113
954968717
232617409
613097500
960974499
1372829482
785070234
1318445822
1324894609
1253254865
85324290
1465797148
1365433236
2036196750
503454568
307187485
727218953
1563748714
1095166471
2131516614
1681458418
487509482
944369162
786703680
1625916509
336821266
1080807975
1372175025
1039534490
1668306020
234066309
630187240
752167197
921664005
1859326349
891805545
319629830
998006182
1922463383
792523093
150847788
639598543
911876560
428182888
1086869496
2019806970
1654580931
888658600
2122875730
1810453718
2030620557
2095617727
1948100597
615399905
1486658087
563253186
1437221271
182591481
1161599381
853953719
808887790
1410689097
145934338
1576281856
1661696085
1773762916
1873619533
1689416401
725280752
1669386051
673830135
1190371337
1180628457
975086937
356378346
242881272
746821608
1636062517
131664464
1469957824
818881998
1608995243
133717590
1959579742
2035220140
10434440
1221470872
1518783209
1984213986
2033216867
1512182725
1935625928
1630271714
1643170863
1002191490
1889190416
831436000
1268404811
576144774
739374794
660171427
367598940
738883916
195500753
150023870
452308263
2059934485
1024166454
767966244
359599381
1010594693
81252678
1704996699
684188163
689891137
690622526
73103805
1570012603
765320577
1822109228
77951524
1835619853
1112118537
681747700
2138277570
110962285
1593976395
1462216176
114919756
159318406
94150476
987017089
800545277
1698624050
955872221
1229995528
1042218101
822491365
469598045
1811628949
1582037767
1197772168
1471311086
180439043
379046897
176140701
1657538267
1596331936
1984112899
1783510199
725113471
1869988612
1212946442
1481815479
1269624300
53005839
1671901783
729419258
927548809
104628784
550018849
1146980334
1789101931
1292962714
225427953
1875326423
1159642307
1244974150
85078615
591012078
1526788744
1694821819
1789011326
796643828
1286331919
1118434811
481973604
2109070525
966852624
1472661574
598190709
315014980
1409700780
2075369082
311678527
74925379
537570574
1154382729
169210018
188815218
502703949
771340430
2001891917
1666044337
120406339
1936953990
151956071
437562696
1239650837
1621287423
2131912289
729965537
137215028
1654163669
1822018939
1100300959
1340575029
815382477
1875535212
545470121
1781299758
108211619
1894903569
1992153142
630453443
1386784003
454934767
1174909550
1471919285
1429702189
1697026716
248310175
383082091
457018414
177020473
1268936781
1382687469
1555188894
1834478119
833083658
184766200
931710875
747608677
1211598749
639365335
1055665846
1037616655
1420195661
1438597272
1607951914
1981229409
208158651
584061123
757017953
454371443
444968083
1983095314
1032416970
1017414108
1107966816
922443166
963534542
1048072796
222178757
1617146041
910556431
948485771
327806363
1384749577
2032306249
1662611553
1471295533
2047636642
1323503223
232606518
1901788063
354002425
932664147
1325293591
576907825
830103912
1182674545
245615734
531636688
400524834
1598588155
2001332379
420843127
687024551
1006773954
636487418
1376511259
1062630616
253288524
1897340351
450797630
1686419927
1178125835
1112708348
1376087462
14726502
547162306
1491482829
1282706723
1844348746
774186902
1543064283
1140565200
1270695544
1065236723
2026406168
1519537035
767245870
190036908
1762656788
1126942071
1306808393
519786789
406959325
2028548710
1774258823
88571640
2103713979
119184663
1824835989
1730857747
318566592
1936785814
1920109301
1167247389
1333105323
155494055
415845650
1341862177
1718772145
1569246373
1628931068
804893674
1924058017
1971197032
424948516
187122433
194490625
1410628612
1414332014
1856184593
1007523560
841094243
1910050263
738568270
1584547222
1631377330
1136574366
605423817
455101029
197728995
885434809
1356645276
1427881466
2081654889
373362294
2114748161
1850411961
2006617918
1738353345
795429254
990849173
1036382205
226777272
1144464540
1956341572
1909265170
1968339369
51495863
339877652
2093441461
598357575
396140165
1350926967
258892985
1194430670
814922379
1694664124
747335707
1346536934
744133617
674218762
1484653302
408173777
1432496083
1099265800
2147105284
342584459
2134707497
1324503039
2028111395
1663251358
578403039
758400291
499488508
750928546
814140979
848303862
1858010364
1129745001
1682021788
921763654
1882231513
1519261507
1926386392
96538287
1597457422
90299861
922580588
1570558593
1819106599
616249426
1914758641
40709956
604263333
337276758
1659413383
1278087328
744925485
421713148
794349120
1606265566
719062585
545031302
1030204015
549708302
1828595505
705742684
852575788
1458945437
1810003172
2044631361
1792357994
1017555503
442050233
971142407
1771102788
1558115238
1689007735
1729155900
916727956
1699316257
1352351704
1546526993
167597929
169179212
1367099583
2026582262
1510315176
404523901
2064456633
1391794862
1350789349
1816831864
1706132911
760813681
752519882
40810087
196505379
1672016590
398580969
467778640
507363323
1089266408
1752793814
454154540
339220785
914220787
900901107
1107523556
1440708784
883140859
806215120
749556550
720233828
1767972495
213347870
1303192271
1323661936
1906474192
229107981
63568852
208539415
872119585
366525828
1665111769
844461050
1457216806
77117095
1635323524
1681000017
466581835
303960019
659318856
835441810
720152867
303472785
291867993
909703668
657527289
1321634635
1140733178
1347174840
524453093
758513133
1260356617
460423429
1860564052
191083524
378495900
270567367
583769276
1298938560
407188228
857674068
2007807548
2105581174
2132239672
1300404507
1546605735
1951927151
222734769
1089175065
953221886
48320810
1283882174
1139886987
1222049202
697581647
719351737
507559297
661911596
1521447621
1706869792
1208157791
1129264601
194111066
1852869806
2034538413
1479731017
986286079
493442985
874389366
1483547428
525175664
534642202
1141110197
1735008055
1610400457
2042947451
434867621
555637580
1915336975
607796679
1608220837
484872095
347678181
527273780
1780767660
416070716
672799926
657553090
1422159934
224541072
1678080910
1855367988
505560129
1275039039
1012782138
1792575149
799988481
1103537068
675474942
245383363
1000981146
1407079314
397910944
1043902340
1646051804
209638318
1141494380
409516252
332777098
937388426
1163526162
879393787
286255052
1642398593
1035320728
1734479912
860910257
938551588
779223292
2040843758
1623938498
1643979706
1025700524
1464100198
1485255718
1397809492
1617033836
491993940
1462896130
1738430269
840678075
1922352048
1534469602
550257450
1366167771
424616012
1178895374
393307457
1661579567
678008531
562904557
151024928
523633017
947455545
227251394
1951744896
621181647
1441586676
1425358496
1275713759
1505241265
861793655
860957886
122610174
1016532105
2041114148
1144067863
1306085125
954333114
1971591597
1720560702
886900905
1348101639
2089301956
1587193117
648310261
1696369114
327384908
2085075889
949596764
309027770
1065787522
567204296
1814627802
485628627
837373920
1946576788
166290644
1317094857
938013563
610220977
734275528
1090054409
667774899
1385864744
1579320822
2076301926
1391534540
1412308908
953878310
120406648
629140347
1371760401
1965618074
155970632
1741921070
647149853
958031376
385802771
2105611121
1950789219
1552898688
1069674738
44738758
1372835936
2002720176
85511413
644613053
2094637237
366839164
1511826533
1957790886
778824151
1689023125
34450590
238284250
1219436367
1886550062
1407770521
565589879
791427664
1489614867
1342540666
346209246
836004024
1108616684
390220678
1522266298
1229727154
1771235172
632800429
892229160
1166695561
1490970500
1339052620
1553712679
680558127
580242593
1253458468
934979890
152501312
2073505732
44640013
1717526329
896102948
1904263807
571188077
613564173
2097785996
180507935
1212783895
998246920
1210368721
1317914430
398105649
1848877072
1393219316
2138014147
602493553
990515442
2062528993
943416936
618488034
1540195227
1800278552
1206344891
1262268419
1440975606
922073805
911107899
445091917
1820719121
1369965621
303423581
1419898538
909787622
1985585141
812439107
1094115193
1294701532
666805993
568427566
1268377534
910621352
961925332
1229793959
1643938460
167348059
1692019245
829231695
481345475
440839455
2061177094
312295707
939419042
224305642
694380994
823817208
1612507204
117222443
1066605629
1771188130
1568719043
521042346
855224585
1375300567
1031651934
1298038037
2131322919
2068808606
989375918
1897682672
1779335745
380300325
855420120
1863420919
256005913
1075618499
1962669658
1481103599
871757279
752885136
100204588
2075378230
767940744
1946207383
1479218350
2039308066
410693545
1560954823
401546836
210374545
1970881779
503576277
1526288150
1233822087
1231515410
2089320457
378717772
284672829
656451602
1544537263
731148998
964606159
2106488707
1138425454
108865840
522790443
628251257
634172698
1036985302
104027149
228120084
1934871567
111268798
189474268
65216509
354716969
1253519574
1069138312
1390981861
978876675
243160811
388351990
366177755
983319825
1822465683
1629546826
1111237084
2047049732
779026444
129308638
931009831
1312928174
151011809
1666103004
1726358447
543083512
584110585
2146946081
2055574483
676501697
264996773
495412011
272634587
771987806
1284726763
1054299360
1127804312
315199169
1879155902
1150185518
64591925
1658481824
2069481224
1809745991
1665475696
153448154
1376676511
1136957651
2109244021
1076850100
97375095
500972087
118435289
1934208021
34769600
1909431056
1846925964
1141159673
1608579368
58165771
1590297341
1769051530
1673710487
667824596
1239754297
883647134
167068697
2051615831
1577942344
559805878
1870225524
1645339401
87741187
240800109
689129242
1570093321
253012972
323467271
518866739
941458058
331361210
901942790
1871820417
690383686
2047826890
2076804561
300725164
610562292
2134209068
6495491
374371
907202103
505266106
508978404
220200323
18214977
2052589675
1735956074
305077295
245747063
1002124556
1966454793
957597665
650021433
1897298885
1552151288
1337081991
598702874
762559955
1054491523
1195457495
2109471595
818288170
291688805
215149117
736457808
1013022571
2060819642
2034849447
893486255
160341288
874987198
1207204847
318612238
32700995
142692366
1439223144
1678245470
249836728
1539685760
70297873
1721582570
1848867304
1811359766
1335753733
127820025
703652672
2133405607
570032519
551925319
304616412
1116150702
1464087034
307034749
984367067
312127628
1616973242
762014153
1328967157
288871550
603832009
1672170367
467340153
1517269994
649032044
1571171751
467901373
1101310107
1951864579
1646980809
216976071
1221446876
1887218859
1334199694
2156710
274518433
706762368
2053742152
1285855495
1981853892
369492499
1104791805
1489910188
514976988
849685447
1601129818
950263733
848904086
514226084
250715679
1409854829
489266026
159368681
28062039
596251911
918462284
1812137458
1003834586
225176574
263482090
1049375239
1744920267
2041239139
1848120679
308066660
210177354
1028225700
1687611409
2060256660
447433949
428871079
1351536949
525700415
34451477
1674413168
750183215
1028250002
828047969
995066812
931974195
1300523791
1454806832
873308960
1681955078
139361830
139465840
885092706
790734208
1242467407
1689010088
1799590980
1543725492
525444910
197474263
692840151
938844692
373974695
468902528
187764012
599587414
1955719209
2087116879
1068818038
1746974439
1420060643
1441159212
886452732
1833216127
770803738
1791248705
293655131
1497909094
1933603542
1162140886
1471622155
655345920
979581458
946139224
215655105
1453381675
897345509
566975717
370591545
1441552492
1511803521
1188366464
1008136418
22638285
494304999
1452196690
273767267
1370905666
1804637253
1564512349
70608072
2054640172
1007238969
2044166293
481427383
2134870552
1013328863
240938553
1860456865
1898469391
731240625
1558967809
1898943756
1834624096
367283498
717169331
1267816072
1202033136
1771429517
878504297
1035544798
17401138
1516194568
694163161
1132913743
31314586
1913997355
1791027872
1927222511
1966925701
2058614985
228236592
976053008
814257493
575136094
551858373
2073885506
823617743
1690685114
1918587187
425617175
952387955
2125315801
174776055
1546597982
2030113032
908466408
1235916686
1001354467
1945081251
885398854
373728173
1869178803
265640559
606713833
106331389
417419692
825749216
501577298
2068330836
2074236543
1643360077
460126917
1488155782
2101903086
445380496
1811975765
1541959061
929294373
1265301450
521319212
1296551680
1055337326
282323189
1595940336
1618806620
1635263416
1972996830
1218592915
1133883052
596662649
65098898
1543412609
1765936304
1109035124
780768050
501192898
1579239514
2029957346
430245458
1045141114
1258940341
122327008
511140476
203267785
1898259662
244573359
2015500521
242818696
1515704333
780391437
1042473383
1881307803
1211510058
673022978
195106096
1333112002
565826310
1235183419
591514676
238180670
807311474
800100327
1815856687
264590627
1116768368
958463427
1746299456
532557361
723436677
50858956
1832783591
84398074
1797263042
1240365272
1603944550
250121462
323718144
1549168385
1295784341
339012544
1993112794
2119828158
167176405
1647660582
642358634
2004182848
592177858
1583074425
192523960
1032512794
1293173000
1425176564
1598466325
2032467651
235223713
506208311
273206036
1341937704
1595745903
1430434056
2078475692
48493205
1880210151
604922347
1630696427
1406065040
1136333970
1999778291
1136623500
152013089
797393300
1992181755
1399790293
1086855513
1261842114
1657837636
233337687
2027174108
127865067
1518838853
1407947916
1385307134
1978397086
2054091092
137149660
110902152
2053186489
1940047357
1758681855
803213048
381960042
1141252335
746101888
1840018440
1321072805
126380996
493559944
1823783992
163937211
1808883112
1295843820
213329451
975744364
482832127
697001546
1271579665
1766487457
2135834928
2094764591
1297740592
2134902687
1677667522
442738367
1170862285
1407703469
103720160
1292697532
1060491583
676745662
1214535914
669670951
58442126
1577737605
511037113
1469823099
1076094302
1678423253
1120368609
37821457
2061369815
156254468
962243372
227551237
1909788743
2047580118
1423438257
646038088
1542624573
598971182
1763407741
188416247
1552318978
617963
48011795
78942721
2008534412
1984754563
2039722154
1874923138
998876621
962179677
524631433
812310675
900890455
1383385681
710500386
394480946
925505642
258106708
1821384274
1920850222
1546009611
392834659
1290344666
113674282
1050779345
2113548025
814108807
1417075822
1085363573
1642590493
12276540
386731517
1625798079
1229970045
815048764
1852976081
697917847
1114430439
257101581
226328075
1207222832
1450023192
14619152
168341266
894606168
56549846
240932915
1090777798
1461225520
1529734473
1712042618
285139198
1292602051
317660682
613505609
2008512765
324202862
1159789438
1977671850
1784438415
233914900
1937868416
1937091936
731934808
1641975017
918529396
640538649
398957278
1287807759
1371457213
112958327
945342489
344396774
1065657755
748764463
1038879726
1593447219
1489285882
1172710125
1796206634
734920051
1456969284
982251217
890970153
1958361975
1030760856
640906592
329161872
1192538627
2060929928
1485738233
1411246632
1928567195
994115188
1979218077
1428795094
781598298
327317082
548175809
417248554
1729480214
543945971
1264358395
1321563218
1508956826
1106020218
1618097872
804657472
1528155562
127941450
1986655452
264189605
733631834
1232433239
674244558
1473053204
1902889508
1739757826
1133935527
564493978
1734348596
976269175
2146223389
1154963667
1663741152
372393331
698409345
1394343895
301619935
247015598
673947605
1679955667
310525956
1236614395
837078924
516241414
218717861
1900566528
611136164
1895045284
1536711705
1457511958
113780373
47367946
680672874
958241588
765455726
1774639648
435945218
918187222
1182090585
419084402
821377490
1794922566
1950963483
428922687
1184773848
1206249410
1621675013
1968680347
39932760
1584825290
535027231
1967243698
1619738871
101333821
1536336980
1934460300
689391626
939830145
1879325962
1385984572
1380565438
909573558
276198083
480234090
640164686
1584608756
994340203
610821844
602250096
1838494785
1974639435
466371362
2119175074
32239338
547197419
1818863227
1636180552
1157798365
272956650
1067628943
1170662744
485618381
172018703
288486319
2131476797
961726360
1222022928
524117906
1852592466
2037156639
2077410745
1469158722
1981820104
1108292240
1250931032
1208768118
167740771
1368123696
511570657
1745397044
2056189477
873239896
198252739
1504548763
637944476
130948540
19523122
1232221876
1322212795
77146816
1955910731
1638290450
772733851
1728264717
594391465
667697957
1284069069
1449310506
1889829098
158215006
1997131194
1654914967
653695351
1201420747
2144232198
890053336
1393160333
1412699775
812824078
2043541639
248063216
578697670
1894660464
1288740440
1751928625
903805712
1561926084
1396720669
1679201666
539590664
1731195231
1077107875
1490108588
543839875
1983567798
2118317160
698723601
1505366746
1145240203
60550030
467696190
95484583
1980388488
1209279584
2001744159
917941231
1795910530
635081636
841573613
1565753188
508812452
615346398
990188394
802905496
424313129
2008867212
1582788350
269330853
1906432001
1457893619
74632171
424820012
2129007990
1372328622
2003083776
1657797025
1372266785
76033633
1724437237
928536511
835422294
498006781
1189609720
1729803854
1622253176
1123469193
1321638715
541573113
1642045745
116118574
300181320
1020646678
931382839
297854726
181499080
506780766
750892117
2141606469
1984640579
1019355099
362271248
1248812430
1438997589
1458928137
2142891696
2110373722
1542650230
647822052
656682751
795053058
1041345005
1010091533
164693076
6916135
1944294942
317554281
1790251119
652680644
776792639
486258041
1751421757
1599871231
1324474494
1409968286
455180838
1361398680
1607357847
35580486
416653492
94768849
469238315
277414513
989682517
990779623
543083877
1598752976
232793593
2069446761
1429709852
1316905367
1882431847
284829833
1831761600
1055917129
1393721980
1561356925
2006509878
845583888
1557741491
2029235368
148170188
1561762818
1378056521
1795850954
529663653
300399483
1151861909
691695694
810098063
2031685243
205073528
132505397
459127238
1252661197
958157754
1436168411
2145566495
330269918
1228927741
1108942504
1495156678
360128405
33361261
63351847
104457848
1613002930
2073506885
528654647
2060096438
435997736
1145086391
817582791
1756925573
272174316
740899333
1760392055
715513925
1885470876
331623436
876309598
1767850979
595627203
576432581
1876505121
1937109309
1445053619
409601494
586198123
430069122
893494974
1911936721
1711956709
1514110826
1490218218
1057899592
1179779868
635355928
1228447471
1533619406
1723324132
69654469
799358879
384169642
400305233
1251666433
244515807
968137676
491750715
423696452
453445377
145189279
1502476705
1872378821
1838684304
634413442
1528306668
977853302
579817217
220547518
113337816
1078601304
458881439
691136202
394751628
337510367
2112544440
892802841
1163067595
1497629645
166159050
882374960
1434693145
17087462
213342236
230433088
1771690063
293302440
1347885299
605001908
2020142756
823207044
1514429679
323360750
1939071895
1572397529
2069758390
1317927471
807845110
453247096
932193825
1906330389
1660978677
425902927
2042825391
1828936001
1146328237
113211488
66034017
596335280
1616990928
1720394048
1322383537
739277420
318037922
1753991345
175671392
351813570
848919147
465578071
217277700
217920009
2088281180
1330108484
2104015224
194695036
872168919
1887861025
492531912
1980187778
612664691
1030295374
120669810
718278663
1165785053
265405976
939983181
1740801272
1325171107
1188093293
1071678000
1612170376
1100543490
664771316
59291648
1062746997
565151402
460244735
1874812229
1798198448
937249203
1482064713
584343761
215769587
87001172
352042030
747845964
64346861
468244568
1949342140
751352825
1722493726
74288775
620936689
38108433
317513095
1393686607
905964215
478591995
1605102123
1613819776
1914376220
586801170
1282875904
591135637
510821224
1571370153
141363679
2137316331
864484016
58870737
663343617
1358126452
278756210
82281902
1502635098
36736376
83520395
2113553898
630355534
799667198
1205914203
1144323658
1981389829
68250851
959782663
1836503183
1535086519
1309765563
486671254
449817437
642950205
251956832
674431685
1973126326
1645665179
1680404300
651540080
642048816
1096164007
848155782
587608709
1988401434
30633658
1253437498
1437849941
1582437924
947074993
303664714
1566029434
306385346
123727260
1891988394
1744114824
1710336088
17602761
2137380369
1773978349
6712502
545018310
138880185
1341659927
426618638
2041290260
503602132
2093122863
966814293
11136047
1513939110
1023234387
197976789
1395484433
478620906
1104178463
1542970464
1758952552
1983096942
1237183848
105003539
1777976178
289585286
1498055116
1665661871
1632438063
604798009
1743891530
1957969700
1150030683
1195453827
1606256117
863367897
1087475586
445214798
1580176052
490887653
562961270
273862308
1145092663
308669669
761764860
2083328593
1079959253
1289365272
2051352485
351695522
1203406278
642246009
1819180145
867939925
1110891650
1415463624
694931278
656395337
1016397637
1716322549
2092626897
1441510790
2085613105
1778641070
506565616
738943369
959204787
1841812133
395089100
2034748006
1057893001
1329920644
1288832924
368326373
25472747
1742994817
1375915016
1837490401
872375737
106362689
680218625
1068319525
845273763
2054083703
1858122742
2050655716
1161921737
1364031052
1145760943
1147435477
718601647
560686338
1506116706
1662555883
1917584282
5922674
1351076927
1797199708
1682831253
456643810
381523017
1765345076
1397168414
976847729
1620221744
261221145
967755168
657752108
210735494
1683090054
1603633672
1374245732
1723883578
794404706
1277835476
54884990
1281391865
1607938187
340135964
2082968866
1436627959
1087528454
249722090
1241876360
220409815
1167739814
1097470770
2025746968
2040724308
1827524137
1876453209
314141178
1989419187
2010065057
736393849
1375703839
900517400
1059171847
1367540521
399073700
1209050045
1444320665
1346130032
2019665674
404283409
1725710245
196324759
503255690
1652914269
1443889235
215200585
2075426819
1257162816
1352978113
1671790917
521167376
1550901543
337498136
800430216
1095641789
780134134
657271365
629694486
1141231362
1242026288
412445487
1557902398
1116094978
1284387384
448424469
1983088301
1899402159
373531749
245624406
66680478
915088517
1235275018
927922657
1107858627
141048265
1026610242
701520737
560770343
1547090709
230278527
884566056
357630336
867114417
385465349
623168843
1137763861
385091609
1757522751
1369815698
325362129
1223995513
1590813239
1796839881
1602967965
1849919690
918329197
2012315233
1601130195
1826001918
1923932346
1787530550
2141459326
260717400
1050900060
1353539645
239600927
494117653
1030160048
332999408
156061752
415137717
991333980
801051979
1417231865
233087012
1166560566
336563975
1567992730
1551257709
1798162706
963945310
483060476
1729140330
650545915
2054662617
2104105766
360469542
1055901278
1610782064
289837950
882067668
264752905
670047608
2028094394
448120047
772552551
1186378910
289544334
1566555591
1335385678
1355574976
2131892105
1324073155
2095082765
1014046220
817012594
237198860
217773802
28104652
1415744809
2019957074
108492026
689066355
1298452278
705500259
317670839
1159693116
1597372383
211001000
1739306159
348971243
323274589
1027069425
2062883703
2092322223
1907032190
544010879
1449018491
1639484477
1758672749
977533633
1626367397
85484493
1079530203
334125438
1880248492
130198039
962089093
581913607
1303416126
450548174
1246945068
979553262
1336915463
334598553
352139316
954320581
1228176308
271835985
583198817
650453022
893268145
1992158866
813082580
476580014
2085006387
313156753
1505870782
1876944006
61994809
1027231837
840012835
364427033
1665662622
108006940
2002633895
1082724291
882924008
1648948359
1224082475
165605795
416420637
806362717
283463221
1743606234
2018921075
891587169
701509876
1099566966
2142408553
313265384
1174722782
1074453991
1792684930
583455234
1143470375
1014248326
1123878233
1103266817
1648734941
1725806180
1532367637
151772323
1266224593
115773385
1557717708
526350879
526837420
1031409296
1819928180
350437364
386042926
3848586
1697657395
1264211572
2080898728
843137467
709134895
1875338602
244082301
1642541600
1126873858
992465460
267640271
862558202
548264521
798738563
992902081
807951658
1058397958
237225815
1684678732
1570457087
394352292
217407816
467445772
933620651
2060856213
2006011046
1246814916
1993887306
2026052184
1979423599
974764876
1518901260
745827182
424604030
194487311
414547950
778110207
1052452903
97731774
1509642005
1364664373
1413820889
12196718
1731769979
886166718
463643936
1815877293
1236954606
1961928227
1202904775
270530367
591481018
1477850813
1102228964
707285882
1917200841
1126221892
1015978325
1385171337
1836813481
1855149830
1515436904
2115303037
465647724
80709342
1258309967
197945232
717092032
2035564028
578507353
82118642
843926799
81317981
2124372538
1437633497
811862393
1810548183
173832474
884230833
1239724709
2070618987
1519439734
117221633
1652404423
1389906349
2027146355
1403232427
1020247973
451707942
1930922301
286121821
654695898
2092400380
124855681
2124302198
174129024
2064919333
1962352777
698236334
251188928
1534100376
199358329
569989525
1500009070
236065492
1119824370
1823447640
486153312
1162188677
897815094
1550326823
313474737
1543888144
2003101859
1607204697
195516106
1404069593
2144276611
1588317849
1077268438
2136402006
1798534451
907037424
173611517
1093021672
1633078100
500301544
19393366
905562341
341594147
560440288
1480854959
1217599071
1930398565
713180823
424411719
1487709768
1633101925
1136183929
277356853
700014314
161918143
758594910
757997905
794856825
1856311230
1474699825
2033072067
1033354072
1803697096
706528609
1319987097
840288812
277886386
622476092
914477433
1901757025
555925030
1859599452
827365361
1526714552
1002530034
1903712180
99964735
1616498309
1420062620
717239353
474055042
1037964084
998205155
1199611525
852335605
1549322222
1443968223
1593632129
1588527292
1342578444
1550017781
739379679
1056336474
1769318607
1824348875
1377101483
1505409702
291385857
2012325673
6301641
346668993
1820609423
282949615
1890164107
236417511
1720032902
580823420
419823940
1071364206
1891035508
789169016
1315263085
1419842071
1489033662
140534838
187423560
1998022278
1481985081
1442770444
685682242
258130400
1990656203
1136301720
577319936
1659676711
1505190866
736216716
422455160
2059037136
1517587673
1452155372
2092333488
1314928866
1515729560
891346128
127349977
1919391129
1701032121
1391266187
916362498
748252991
121524592
1642436280
892365247
48284951
2050174007
61066972
2071024142
125312393
774553005
1505411431
1859085181
2021091658
1104724413
1642248259
941598820
377337181
961201342
481176664
1710186511
1004571400
2110629757
1367865077
789676529
144417078
79310556
1945411597
1925293956
1759443280
916818623
1057117608
932634203
587474927
498855573
1129271743
186613053
1124917447
1762752614
41790729
1095919079
487101844
450379708
524074076
1095016909
157173180
2033433769
636515456
2038604114
1668566279
1766458269
1201587386
1959641550
2114332053
110227420
615093354
675743015
430932056
1642483425
1809304599
898934476
801026319
368499157
1630360741
834390625
1331192274
347695524
1958749858
578805594
1826135537
557785305
105019416
750843821
1056841842
502026889
798648380
76118877
1850781571
243934870
1409361095
329033567
910114594
499242059
2033128412
1033787453
1606337291
462663505
235929884
47686425
202345556
262856522
1673716793
1089809944
1399358777
1693960169
1153211935
449413529
1924744016
1228124919
470256216
1251740589
1128807555
2090693535
1263904761
329983861
293008263
2091682965
749338829
2018245595
1542500915
2120717365
1771528521
867680228
1309271817
1188563405
1448338115
100963688
1523885783
26311151
1048357901
1501053899
897003566
1993301408
840324240
365421126
66227101
164367538
287908721
164519042
1057690892
92973589
1923142348
310198359
1093155382
1317819184
516798248
1733808266
1094639762
1525096687
604161086
1949659666
20650243
503706657
251515596
1720321034
1580597543
189081323
1121098267
562866328
1482041567
1636746194
2051335504
1690436893
1104511350
582411045
1784938439
1361294369
993954670
320148838
2036517127
1823760131
1220980983
304907507
1853616923
1089383274
1002489843
568034680
2064630312
855584604
627384469
1078475027
281005767
1898206187
1986070379
907795225
1540620158
122530847
1997246677
461627776
1586391883
580920641
1618860578
1279829595
854783730
336880221
820460946
1859140034
1172221762
1577618370
232906702
449852258
1087883215
1227149958
1673295907
963979311
1827127269
64033270
1769835484
1530683486
175281462
1697317158
1863911413
209438912
53948345
1960679962
1423096517
1519096254
565938029
1591435865
1907623775
531454078
727905372
68406905
352798690
779674575
1137580224
1246618748
899481966
1940605628
1313054973
1571367365
604361109
1392076797
333543504
453601557
36851324
1096543199
1616914521
916045974
142563075
1878934384
1251814090
1370717003
1784231393
1000534751
398919117
70711795
339005719
1073660147
583387595
843820947
2018940313
1439681749
1931668015
114297552
684952313
1434945489
1204113786
1075043065
231521304
1170902732
796671822
973451664
945118127
1903976261
695331175
701669706
1907628929
1817085300
517611434
2072320783
2075047332
1105614518
635131225
1686280653
657984992
270595144
1419398182
1863005310
190249841
1245222555
1287661227
1097103402
466320315
468168004
1512281945
83339664
771238704
2004357889
1370242572
395708685
1334452520
1744184449
520626951
2091845600
2018414839
2070485246
699913473
1022312190
1839602487
2031646325
109412161
1702650007
1743677829
818502845
1438958834
1766026091
566034183
678761913
1841611335
1681569793
639107774
188635266
1532479062
253217811
610016880
1610317286
906840812
467960612
2095873702
1917998814
790086322
758653772
599488409
401949577
1721762630
394896207
2135169456
1061589117
1994762646
1956189043
714681376
1943362828
1305679027
150844329
867389023
1739654960
856823496
892088280
231246138
529027037
1403956445
28673381
1671608923
915376508
1786357675
2114170832
438865780
1646174585
1009164357
1490338308
1046748510
1990532912
2039096327
1415355234
26331568
80758104
1706480088
403040812
1667533275
45223104
455820062
171937938
708714816
1099013138
1550178303
2120466605
1770859127
1432225399
2144354592
668102332
1025425168
2023700050
284080235
748575924
182902431
1916591869
1973273950
1676822341
384089646
955029212
1835678642
2021528351
938716000
699929632
1210863807
415079635
631779525
2022909052
516198319
1946668555
312331644
1593597468
1050182221
115744181
1202139818
76153165
439137638
1407649699
327203425
701797520
1581136544
1260688169
489487952
812614930
2016094522
1295756516
526820775
1548533134
1822323861
385735101
167559355
755241442
1359756768
218762553
2110219633
1409198089
254561787
310448941
525779757
907863199
228383802
1571351797
742285816
1345121969
1550515701
1977241292
2111079201
353011014
1329512505
1940066213
790572805
1680371539
2092075170
714317049
1430585712
648651724
1307599733
1448539217
1449489086
86200266
973478621
1001347007
181308156
260914532
662531157
1088473083
1259615716
248555472
1104331433
1307955392
541502981
1468890676
550654090
73208542
288777200
2129312518
1584979629
631243245
1132223936
980481140
1633066494
1094822024
1125535662
704452353
1623014253
1920259102
1340757380
812113034
99929602
1706649075
87950542
1001814866
1530052295
893539865
1065286471
1721025916
1657707063
1877339199
1048917074
1066823084
1265270816
359698177
1254221270
1645395213
593414116
1890108719
357683958
2083578836
280668996
477784588
497810461
1534630950
1820256992
215515797
1708198585
1007608803
1440054164
232248535
1478110949
773637094
1181587838
93814215
595337451
489483409
280033456
1848444464
563201779
1607071977
2142609199
1516914121
1278824127
923666172
878246338
648000198
797176405
1169186848
1946946069
35600864
365372353
1920087744
229918003
350791951
742576842
105562050
424036333
425676548
1187072038
217539778
863586988
179598726
41117571
496780704
87183421
2082369924
1249790262
984882085
1562945405
415018568
587746930
240802530
27824067
1794317297
983147599
745199725
1686390103
1120800193
664548203
1381576234
1619645805
183043300
1671941897
1569915713
2099411621
274015376
141449673
1911375940
2107559489
1918236174
560425488
403946888
128834916
1998358360
1035059787
1746456989
909412010
1535574975
2030187964
1729533042
306242665
1151178773
1935329184
866103528
1250129232
948046515
1388852141
1519184213
1412013769
924368550
533248435
1895313430
133665459
1109906966
1878349911
1894078266
884885135
2130046504
2097906755
670969437
1458343605
29074785
1358490979
460140311
1487733778
1189657759
1858957504
1068708976
481124951
647918309
1912051199
1914394331
1559472585
1229464472
973818552
391092023
302565313
227823401
613893285
1279363695
1567669433
680825336
1527207197
729000209
141022879
243746098
1020709368
634369138
230625836
912894511
1587261598
757689531
785750976
792094485
309306194
1473785596
1006831956
430322645
1342115261
984644975
1047523393
1322466831
1617790758
1172004442
420685688
1138300644
1189686680
1373267520
298338025
1471881021
1627333921
1632575598
1651708974
1481565912
956406753
1367722257
1877731380
851643783
164766057
432740306
1502698638
978586755
801653914
47094177
825099727
363984864
962669151
530645332
2106081265
2144932920
2053690266
1100353335
1182575836
1141046386
2008739971
2029209889
1049307449
182773929
157023341
1755340390
1931787876
1154539897
1780147988
1213071190
1501054884
1732454846
1303783692
1714149626
1838832785
1522936208
1243835113
878886908
266217859
1212679014
1450778405
1868518542
988425349
1848947996
1056644202
886261279
279947208
1134821467
1499135200
828147296
181882662
1118122919
1019765105
1030108789
1989345534
1934219989
20013366
35253056
1826582904
1282207396
1510477876
2138407837
469058449
2017529957
1587677500
774704700
1960486068
315374910
932273235
1122049292
992694935
1042840350
1889961900
176911687
821896836
1018317965
1256022229
1178025402
838432267
2003609593
1120844291
840379968
1384361684
1133959223
1960961175
1425091781
1864121872
908385894
1297323571
1993093571
1931638258
532885899
1075285478
253737271
1050575199
1187670986
852947189
1752607102
379487462
1677978294
1741264712
1457147826
6359071
1350008972
1198474206
1098398059
257286100
1647317447
1526511338
1228885022
395425977
352538255
1210559419
1376092221
1407317548
2037505591
1585486019
726484735
1016563738
350915536
1581898689
595449850
503502119
1934470105
2066531126
1827082393
289302349
409409626
277295705
1817789915
1206437699
595569845
1711534828
450381060
1457577366
1455383450
401743204
925531444
900584307
861338338
1386086656
378833155
1037830942
1156135730
2061427423
410496733
222079264
4742433
854779702
1848016353
63618363
1853735328
1260306764
1410150872
1981360088
1334455509
1056840979
208613470
2081239713
652964551
750983810
352037645
1394288887
1988399705
1112120209
1354813755
227924888
916003943
1143098175
1438490687
1931399622
1087075405
611149405
1020297497
1748146863
2053752306
1994019685
1374111034
959842252
1831585894
1741327365
1166877026
1877035161
1709991963
1618496986
1310237625
216283890
1373448300
1395614627
1903543503
1029428524
212969169
1685137800
1819398631
1809228378
89860402
117012445
299603889
1330556915
843555297
137088517
227757413
998985897
481252102
1836246593
143792776
120641063
1980355755
915137447
442290965
2019484856
707386498
2108442057
2047315851
745660168
359764281
1187740574
2018561484
1661673196
218207212
643571586
1970850195
98094706
1860556632
593770683
1289130393
542325280
1552707087
1710072205
243819765
1548565856
1157322213
1098663340
984192979
1453857326
1087880539
663654189
1656624046
685650853
2083847807
327944612
1641872488
1329255400
719202638
1299268007
1454557074
1071724949
104087474
1718196596
383789357
339619308
1572744755
1739794081
2121626435
1269008563
1418027044
1280939635
1990287570
1883668229
1833340774
928346219
895346317
1431601805
1101382892
1844920871
242493381
1108743491
1796444888
668002082
2089332974
417633500
1285602105
854896012
308117458
1208826900
1185382121
1621694735
8934051
2095148560
151124652
232161920
1695843183
1022478303
465879348
1355288567
206199768
808962031
522095201
776850053
1405373186
695912012
145233698
1943788707
1942361974
1372423185
1405168816
1938376958
1279686203
1625884704
572616487
1181170557
928363953
1449732126
1944673731
193757646
1332749530
1586019890
261507233
1044338876
349771025
216048132
434953271
255741486
1929906742
614381219
1802666498
306413998
1286173974
1433503374
1290127838
2016081057
340609872
294667292
736420228
1221252606
512536252
517613576
1028094868
1754024188
2011775099
65476756
312612234
1631618633
1340809261
120017912
532127222
991662629
1517483003
691361648
1956215989
1439403480
1873903602
1392511941
770628027
940827157
1512715202
1584234543
956605596
173202465
1621371744
518286227
1134498257
903126671
1796462922
1699898042
1566689203
202136307
571983588
733327131
2026970227
190140240
1036512555
1619355796
59185075
983959892
308559231
769003068
1894559659
1379989950
259997629
440158082
1777509401
1765093052
1858817512
1945876303
416410847
2081818942
1986708453
1649728903
1568648180
2027572703
1105874167
1615045971
1226641410
1572008653
1008095163
809042470
1852229012
1618461984
621167757
1362097458
142353146
341992834
1182306294
1596432373
907930288
983085993
2065299679
1591790177
1959603721
1350767109
1121446392
1548287441
547763653
883189011
723635454
122967460
339331795
252212161
1194683731
1174405506
1508219864
279415130
1886991894
891819707
86449877
1890743177
30804719
1272257870
138283464
150091138
101277575
499423167
904873819
712554234
1399341627
1506904705
1564944938
1370090205
2013525441
1169136376
936425411
1342169308
419998194
387096045
732952944
1826703456
996019201
1666579199
1445064549
1060755888
1438041032
1606976351
779080898
1941845420
939591951
859877977
946425620
1941410953
1011274702
1765953215
1490683092
1655836191
1378556639
365472030
1376651965
2083445492
472534075
1279265928
222455738
1485784730
2126519629
915802401
1622146518
936615125
2118704505
345727538
1455075612
1078701121
339731128
431582490
344443941
1309719238
767230392
188427876
1446298721
1055026525
360077322
1242069167
1732601993
1197412697
476930418
1364761894
946045767
3259931
1829052443
536103251
367274860
1846111153
970123597
1799123747
287235973
1909830514
309900726
99067441
1966004611
835881246
619644149
1842587446
991033865
1114794231
802193516
1794781092
1950952702
989588883
122715682
1850655542
945981350
511738005
1573849741
1667667149
856302152
2032191233
205850255
1147658650
227487557
1108953073
105777530
1212599274
679554953
61395315
855182284
1518683779
1488698662
1499432454
430351560
1247799041
895541886
129174230
1850102386
1233759312
1260016187
504846453
1068941035
588450054
260099514
1196959022
1316792372
1488494575
1433140191
1666183649
2017193229
73298502
1105918743
1234417493
528790468
1371154466
787882060
812628067
1407053847
753838175
996354063
367467013
1939424804
1915739879
1808518466
1269730321
667459130
1953867563
1259455421
744480336
1573250275
940583700
1308388973
1429946316
1307988912
521382653
212751937
725865887
716910600
1826134449
1036880268
1313771581
1532040732
1109270028
1482224122
2004385789
2147077962
186598516
2011429475
2038202015
781547989
832347213
894855192
1357134602
2010555334
1750324977
1766310196
1330792789
214885552
909675478
1281856298
569125055
1265870802
97953100
1774673149
1321081769
643607167
954774849
1748755267
2062626298
1931643303
2001069942
1331623016
1825546445
181119502
1600415016
70494176
1037115484
1551632789
743496680
983879762
90375892
855284744
1816384180
495793739
1693704555
1455327711
291050778
2140511732
2125796251
1381742195
1855202839
1236707158
2014710436
1448575787
1791763922
1581254267
598846453
293936115
1112232561
1921823657
1304567119
1171223008
880079650
244751329
1776628029
1051414949
26759172
2067861415
497792587
635975246
509872312
130290306
324576130
1941228671
857447597
623664904
202966784
317783876
1869533497
472353664
925875656
975502981
800596994
42009059
215880782
214636442
265372855
554589968
2032783496
937790666
102495879
1173390109
970541000
1510374228
1305567253
891053779
690615226
678164358
363949772
1581784462
440939202
1511080096
79608194
1316371480
1643627028
571981507
1124299201
778842901
15424300
1032744524
1497637620
425756376
1510107445
1710861936
1025503447
1981324529
183555294
1903682712
689974199
11300757
1580893499
216910945
66338945
1534537128
60515555
149338228
186722552
171088479
726473438
73692749
1354889961
1611465662
1111885376
1125231603
1561241298
312129691
840970969
698408887
870273695
891425704
750108875
2091909435
1194442912
154992329
1870990720
174592522
1375075491
1287377417
1354014448
1516178331
1127250907
1253971132
1217540840
1678487971
1330317591
1375612914
378502213
1236130065
661630546
1026926602
1722731797
1035134371
679838872
156755225
2025917748
1276223742
1255687881
647951643
1140544466
1652838361
334087433
982766014
46273807
708110433
535063413
1276740097
440843283
1825116341
285057270
755557547
1822875178
1897442508
398936262
1841239367
1983830325
208094108
1073677020
354654800
1634129188
1997731082
567925587
532316453
1282976962
720214798
2002613366
2133299919
1368914306
1869784954
2083568796
1618508362
1184406679
2066461862
242327830
1041599100
930035474
796871088
725898745
1351759918
1524549015
262870387
1910270009
1812963744
1272766182
148816125
1368082019
828139221
337512176
1535052629
717545251
2131920061
347234797
971386660
1466930890
1933112450
1929149295
2033098489
1576049843
843965968
911095098
1500436212
2060775531
1562674001
789625268
2122836194
773180590
1598127570
1047548343
1255681209
773364898
322476649
842328663
1597814967
861940515
179237952
1838983001
452818544
919989008
1249706378
547958435
1215361045
363956568
1113095255
1139278962
726043727
1943846760
166939124
942557110
628765420
1836050612
591179479
758874903
624318127
519325781
106709450
989503669
2000233272
275323059
140032652
261563931
659432260
2005677081
1320357397
1181106027
1340837776
1040335745
1679267202
3328447
716331136
1852741686
825522199
225560589
2094121736
320465700
867052011
854080336
1834583283
1966145137
1540953002
1132175145
550810823
1552442207
1780393888
661828412
672768727
1691602267
1949974806
648790305
1223396429
83198865
1760640283
1760164002
989317347
1172655508
242770138
361098838
302149387
106421626
1568308655
683657790
1602686343
1271414734
308341018
103499375
1201918403
1106147246
1415256957
423662447
600749845
1396393121
2016449625
374672806
1331489536
1814809202
913553556
2028905697
663853867
135611677
1190444319
1931917673
115335466
91947529
1684755821
249071841
894749281
413363460
1966828506
946740085
395537456
543323883
850652566
934685146
2096167073
8942421
947731511
951342059
903190175
739309754
518181799
429824908
1082766455
488121636
1103045532
1288931311
673145969
1090243733
137189840
1741813155
1200197619
277201050
354956482
383403222
1576855632
434554210
1671047207
188342379
39242651
931523054
559652751
2126232743
1523956400
551639945
1730330652
1789083097
1786259160
1475067683
257874156
1068744879
1373296158
1643680847
1668462495
1062065014
1338416962
1835289185
58990699
745215951
1308623217
1040511787
5939737
23456321
1227605673
1965298824
585268585
1154837700
1182095872
2057716209
897821732
1720344158
1507445467
1777093867
1431720912
1448148124
1997131227
160604024
654159588
894811921
1918512904
261178428
216218727
1853772901
2118135036
455280931
481210295
827210587
134635964
1207593803
1422200662
1509400644
2131352579
243995141
692804025
1695522407
1895647096
1650705100
45588950
1226533321
287919714
1161680394
1539051043
1056882312
545629702
1103487261
266584097
1362713127
1666708248
1072210610
1602053355
1005939775
1157883930
881842886
1314112991
1049699084
733564055
684869764
838497248
1704180606
1985669310
678034968
1708765648
870199874
855588262
1599541760
555159139
1026257214
1123831537
428202036
1779337367
518541834
299359443
421308757
2079059663
1946224648
1259691375
1834393543
1309801842
1889707267
615821233
304859495
2110842428
1343414837
1562833675
1015893227
103674478
1015333004
1541595166
1045864880
512522040
237115413
18906694
244084511
2068142530
1541980000
899687770
2058585343
1008805828
1748807873
2064077310
555606386
1614992737
533595998
2118373737
1223520212
656523868
1683449073
836868707
419976980
1136610292
123912364
1921734780
2069705033
648151532
795299612
856477813
1927950828
1426948589
55759282
10080189
985459530
1690639999
1094389518
535898998
570991991
840583156
1909216844
45427574
342219995
1517443515
2140508678
39266758
1259187129
2120291605
1426055925
1535676851
1131303621
1086000292
824793426
1999086512
774014173
196667716
367880558
241131564
1171732025
1718145130
1335638972
1089176653
1073733573
864906685
303890280
421635747
1727798771
1158715644
1434040457
737567710
1561800427
1955345915
1958157051
1188063963
1843866604
598202607
1291374510
1657830889
1016623624
829493363
25162076
102768665
1883896034
376353097
1467119162
1563142795
2048348681
972169301
1097656080
1083521283
1241136011
529766122
1572450385
899758906
2058481957
1607664824
489043012
21908413
211379006
1734220477
910124024
1598373498
813244325
465917778
616382158
1537572964
504810341
495415811
517676885
1325042860
214019185
1368615883
2102806887
614143832
1499715197
1742830820
916713270
1539398607
450027895
1430687725
1522513088
1392954630
797504461
1461155892
1635060910
467710923
803863446
432796959
1448600483
780724425
1414595360
181450477
135608104
568493563
1518965917
1787373530
1673129401
916331812
1395206168
396976988
2126401559
730460384
1551824285
1736387746
1119694062
680079771
1152566504
551350821
2133560096
2121179456
337566204
720133268
845187317
109778963
779945196
735595023
745207293
442795068
259518859
1928310431
1163433936
895322138
1995112963
1134675019
244249398
1894239712
1026472065
1578424073
357869001
1014050981
559526988
1842771882
1077702989
1095191946
1870125392
173543697
902639072
711125301
2060210478
1710264660
185305277
1717799758
1558394959
1523045593
669886214
185601044
304430598
2119509708
1391088306
289599302
1351132811
1115935652
1513480616
1979319881
1256150632
1573890484
603131037
262982621
856902806
181096631
910752556
971088519
1063946661
1639706223
391953333
142606341
1459728883
332810217
581998351
956769025
92843223
2141377447
1808586460
1583002591
1354016794
673421986
447964353
1201288677
407235772
1586720383
877508629
1404884690
335968528
1487644593
94618439
1324487329
241017143
1736851051
1423661736
36342234
1274578529
1918193641
413405697
1477230061
221691547
381204936
1653244132
1974645854
1653313287
975837441
211357792
778373452
499474932
1995708239
1625412715
241815461
1534080518
365183721
222869251
1719715078
790189011
802669737
2145314843
929545973
1898980234
1584571437
982868788
1536396146
935147430
1870656402
274756052
1329320985
1329503845
881529304
675446685
1104574056
467762005
695622007
107669091
1124113849
1312540150
698413745
1692815719
763202587
1743611912
2143767129
1301160400
45796232
1851327793
577624005
1683710561
933577616
190597859
363900117
87765934
368860859
432371067
1735577675
1646018815
270310285
940132364
231300970
1444922403
434964997
181448523
1979832739
1820964077
757821451
65972948
206796780
1366493457
248484429
1939517869
2075127869
255433347
1145946431
1374674294
1194528280
616321923
1859318852
59369331
1089555841
1184338247
2025761695
2107298025
76514670
919032778
1509585392
340776035
287185102
304872928
1533960175
2055638596
296450524
1221989037
1919969474
1706447428
630495955
449120793
532618964
468065006
1507574742
560242325
1879632537
995888165
1524089483
833684316
2103164486
1224892135
1409667433
1348150827
192881448
453739099
1870692528
1763465542
520125587
34921530
76672376
2000040665
500391991
1407755941
433566458
1747148813
114321593
645528779
806769943
1612331550
1026283086
366595854
967417939
2018524827
992468693
1495639076
132810437
712235482
1079738112
1998581424
1216737410
70397391
1086510687
1363436272
261019430
1565272580
636291415
780234000
1054379156
53655658
891280415
351403030
1840141206
1262562130
1548952332
1254956614
1706641429
1111947605
63271254
1980996129
227859122
471207855
1554882980
857227254
740240991
749042152
1478565087
1634208067
1960478609
804077285
658669304
960955872
482618867
609040300
917110713
987044626
1270487609
856285188
445431345
1720777964
1449492444
73282232
1882615885
932274180
814641330
1234082786
1222387052
1993933473
318467575
813946093
542842539
463814432
1970158725
1077035060
1695016899
2125658995
1071231054
357135221
1886163117
673787564
900651368
1168543392
1954013396
703445619
1401707369
686817955
336532677
877372938
1595720629
2093139394
1155869174
1511083621
566711745
497369561
26239657
1435059131
1306128111
65721585
1585739647
349875813
1118112142
926452776
1979015326
1475954098
25232675
810182784
1620034577
138019878
782419945
1322710884
1933106406
1112034006
1174663616
47993934
982925641
827497719
1467614730
429774240
664171342
591394869
35047356
1830026978
678536426
709906700
1823203232
1013914543
1928081497
1773569393
1928247683
1220453646
684255115
661111504
1845718072
271686570
800512964
367355543
1242449117
409149104
1123647429
3897097
1287710443
1421754930
442622511
1413717331
1752632271
764754166
437112437
353293661
1848996407
1073684311
1118638476
1751518735
1930600623
822851560
1346242281
1173119466
1436048248
1936784449
722774643
794178850
902960360
264989799
887429552
929395712
1603401488
2017046685
600536593
570685719
326145430
841053189
1773943942
509369511
1218445416
1591926180
64501937
865898542
1420109118
1963653248
212512941
1800310134
1338731006
195098626
768076898
1583928457
1604428307
197448416
205782177
565731323
423300204
1839540997
945543158
1777767431
611805907
206500914
925955811
181639281
1732822289
1031602683
274204270
1992305471
581047992
985295144
1894089620
146631867
883392945
1870823922
1504968559
2098321855
1203225671
446210258
1726320706
844218491
1562374738
213050913
1610203805
1002783269
655691601
107134742
93107834
1775247691
1082920390
1822161745
204121984
1623687284
1125479154
1054192385
1781187995
171483311
847431223
1528417969
303256857
1054113752
1782275700
2062760002
2064835459
1728681852
1395024129
581565612
1622312656
1422073523
598332160
2120791435
1485535229
317653221
381386776
325371539
1235293891
669479445
473005122
1392030309
1101864011
1072258408
4580600
1534367773
466867950
161389302
1433280231
1847958994
673051331
1139470217
551800294
619477488
1350902137
109006362
529364611
1322485218
1354065249
563765454
1726338918
1622876523
1290464412
197043127
1335428703
2109728569
942630482
292267467
1687449997
259612065
931836837
301681333
2121669260
1378245405
58727737
1994727943
1891166209
1528552553
1618107961
1340351838
164812348
906601017
182687618
1371924636
843820805
1217854530
1270880752
1538502223
1382894244
877155938
413504491
2018182305
2043463797
1720316879
2036325351
798269567
857471203
2029207665
2076551260
807686777
290226445
666936596
1457063336
1459007892
846950661
1799110604
1312368808
936544795
1607572573
1116402116
455932111
1544036197
1553084325
2114230145
1829954820
1745309886
177829228
2029594888
557116981
1589584461
561718580
2036222060
2132735685
252457841
969267369
1159538924
390428891
1993962379
1797418196
268140425
1798229174
470798668
947424752
1802780548
3903659
1605866593
907761358
1771976249
1459540754
172685287
664652554
1995505305
683933058
1298355701
2042739208
1101469797
535641296
3514850
771085373
1170154234
1753358161
959285050
986702562
1046094143
1496703429
1356357436
691867942
1283416183
95790164
2030852891
1577917889
224983140
1507871679
2005892403
1516754024
1705795274
643536128
1280248632
1225603376
1864818303
1467206771
1925405262
950797841
2093751895
1961505755
1197049725
414070947
1563395696
1434457843
1487663109
238690598
1869815530
1223649556
1816022901
1853425766
337099037
1028603365
1419124149
776716908
22810681
589473071
1951041002
1018028974
260173310
1894357057
455787787
351569732
1053050723
493419841
1813261669
948866747
2069161283
1216963690
724975498
171333203
1038852814
1962242145
1526069696
216611466
583511248
1415404172
1668552009
1642950938
404377269
504092549
1514025925
1908109855
861206304
1537673823
1071886399
79507199
21249892
2020768721
539652106
1646155014
724409082
1961801323
1568670712
360360525
1949320209
273115490
1501383519
399359220
1294197251
101600918
1170911012
168112325
710872082
1811715049
1690600571
92619063
262227403
218253347
1889130258
52195966
674078380
1197580887
322136811
783114887
1417296232
2086171680
383602909
1782136810
1174921134
1153321650
142011673
1087096112
2135722656
94992893
1576785810
1879786945
1998133222
1932064447
783147454
619200800
1676403946
686403547
1650667536
1942716374
572947510
1190104822
1961165456
810501474
645147217
817373378
550821507
966497704
1267504643
1112047583
1121372968
338790704
2124114586
1829275164
810946432
330285903
1499325946
843496239
50671255
1977380369
399081390
747405331
1965713118
760705648
930640745
1984610263
1343694668
1422613026
1228932667
706783436
299719804
1995657788
1734017500
1307039372
855191042
2047730219
560757955
823079890
1420268256
2089925020
1919862287
609384155
1009587557
1510447663
1132950334
1847395785
1259624726
673113499
1492931854
343166304
1504430918
1239529955
11404845
1242629725
281374504
1628126755
1569071395
1720502455
764766301
1841059273
1118128060
1315855335
1311155307
1038735451
1734674321
676927855
1588843956
1087854155
139484776
1498610479
1780716193
746140081
1170134569
2127997879
656535286
647400202
1345779138
1706680763
1947097446
689925415
573524181
846327472
964184254
1062508302
724789796
153529845
1118025375
385309654
1991194291
1666514749
1174458566
288350656
936996680
266889289
1990313621
1894428615
227502126
1822106020
1408455277
1522432332
1269922181
1419614191
2145380420
1032200975
1562234490
2130424371
670730224
1362938408
737035378
1012644683
1640002751
46483145
1432589320
1139373139
482490043
1030966729
93638559
468428602
1592449880
750491173
1678542586
1375474877
577493040
218535976
1902918722
1361720213
1946429869
1221366133
1828792854
1888866320
2036022808
120230764
1918500826
1537529631
1767484133
724963438
1122092963
1234397944
1794621473
813130993
1852290569
1909767203
686729935
27893170
1961072327
665047495
1296317057
994708790
1391026360
1816901249
1285658378
1638375825
2067508339
1702831188
1768894507
419734299
245433617
700110610
485663868
483544613
84374435
1297540452
975662476
870130404
1040794101
1628602978
714117121
1508312217
1536401544
1885803197
1187043447
1825448815
1567664105
1387249305
898912385
2089482912
1827334400
1250832853
419940651
1504187678
1197408946
2016533558
313294679
1162161958
250919166
1918956466
1398245705
1392384499
893248319
1811763815
1620387214
1175808494
631344466
1175931835
558686084
94757223
1934537841
226703282
1690048060
950244144
241295254
2090788384
1774068473
1625868926
355159564
2092952360
763348753
1316719871
286106609
1201090811
1296776222
275033782
1197983529
674235623
559184819
996890031
661374067
303861835
787287699
584961583
2147138154
874301721
1086568918
511255289
1306156108
1077543509
963542330
935728330
1593356019
1179763737
1243008657
384134750
636423636
825952628
1016619601
841921334
1573672601
1777975159
361438118
211614019
19756183
1149079462
1979181297
1436487183
835573638
164953450
2120644748
1737384264
836266963
609956384
1198160542
1984488908
1699793320
990721182
1656435198
21866644
2091042648
1601790679
893039310
584711684
790877131
452248720
435109309
306329867
1501478491
1136208734
1206267961
439522923
1848844184
558949234
1426184491
1479944460
200450659
739242970
375568024
1032724354
1034358696
2090979172
1689728842
750031100
896822256
116744659
1803780398
192774889
136047183
1232423462
1031507413
1477351004
1411843054
816842123
1057940619
1875065009
412835204
1361459422
1054652720
1881278596
1474879730
311493126
1753227006
1207017967
1742019588
211817146
1833248849
1719354619
1320884128
1297550863
1190419475
2101337275
1457545104
1139746355
122963284
981854020
1960923057
1322969482
945130075
457810924
913713637
138339025
203687206
1370883581
700251423
315663277
52381013
655073518
1592443931
1979525212
822467748
375892229
1209005986
2044140719
1219054169
1053539015
1072208715
1968465493
791294616
938393924
2041736929
825010457
905687781
410379453
985894254
2073835754
1278834110
405314854
9589884
1521054703
749496236
1237851848
799675450
1747690350
1863475425
573432091
1128311274
1416068104
859885507
123502523
1436394351
559910442
22049816
687629105
1778008925
280091761
397562529
672717406
1727409357
397757486
1431024008
76751
617503136
1425635720
1939621472
818701750
2089004231
209216446
809225825
394596664
859058128
773998456
1035616463
446532037
1565770812
1302348007
1285074616
1156290436
1215344190
405830345
1644952674
626311259
1367209057
277046186
658590104
1974837439
941735099
493019279
1148900957
890483745
20413053
422258912
1162353598
1616629731
965790427
968671495
393486629
1732793505
1427050739
261670225
1528451581
722178818
1223140907
157482534
914913729
956502060
1807459814
1648845277
1823255916
1242591254
559050011
1369150949
1899155611
696065098
1335955774
1163581613
686945382
148271564
1912072012
593623242
1895726443
1558431996
1570909255
579273064
1154271524
1402464944
1567634061
618892385
93972003
178861729
1789231018
696851356
225060474
416204212
1368909194
36367705
661228020
671620279
194772075
1076638906
2032280435
1213483223
1638529032
1379972287
788647125
671290104
2029524951
498773395
377473163
1699624168
884485288
1732418960
1206163607
1855682508
715452452
629761958
1268794049
1740790413
523315011
1950060313
1614423278
1043283799
145885489
1254168103
1481899677
331035268
1770414822
1214531421
459825764
856630303
1812934320
665267440
895821931
1677132944
2138835367
703033555
843290969
296939207
873392080
714421830
729745178
1395054598
499568618
322516586
663591932
1294351330
1798738671
1130518498
1998210615
872374553
857954835
1392814904
1644555196
2133644278
10223498
1439250113
1337060493
1763489580
1709037507
1707037
1924293909
725466066
2125506054
482263392
568255793
2074455952
1312855863
355813870
1646225373
1850086605
190940540
872772097
1947788159
1220524185
1422279501
1717457729
1373116835
27902397
470920469
1919811390
363671493
157611454
380359084
541437984
1025994600
197283971
1240486059
761151278
1927745213
244860821
82448517
1883831310
1038307681
849974799
896677951
1591560501
858710954
1124682921
68558792
1892713155
1033750773
1483242049
777248848
1667626607
1246487746
1707847838
1664892037
467480486
463916089
1434112816
85151806
1921769106
286312314
902849311
627426007
239059715
1016961508
1390630081
1274914432
223189
82005864
1652167641
1894601461
691928314
1855732691
143656934
1945936357
1944581625
1884267361
2070870133
821976921
97561845
589035510
2092593772
629154265
340525288
311382786
1648333929
739878658
1584936918
1878404784
579681253
256643808
780496323
1434560190
1030976394
163814296
179731026
390131728
267352249
1117727684
1325703388
2000394707
750199005
1701701720
1629233023
1191553966
718752183
1137778587
1667014087
1104938375
1726762400
331697360
171886739
1624499371
2104194305
827818687
2075664504
548785442
1894943638
1492443721
300131674
249498824
260655961
179103080
92889157
1622022364
1101004488
531358854
1691989582
932999882
1883044694
503051328
352581187
412147348
1913887168
1822161015
1392829168
823371550
1648292519
1337642299
2122796616
272771882
535522148
1034185182
1283172082
1848717961
1836631327
584695981
552875908
1223248505
69505092
474193833
637561886
1571630526
61575594
598098781
493242568
2093958967
147666841
1305882274
1769368884
1241633317
945633162
1661023793
1124003066
2003123754
1942870558
789026584
769770347
1598378533
1048122362
2021387882
1505957719
466856747
1272566147
1857553761
1596247652
1573007007
1753184766
1995766586
1348377162
1593017396
1315531606
1966023096
849904806
260153736
429623338
1685825376
615352720
1742302408
2093050041
1150288568
1847835789
677541082
1867903456
552765650
465953893
632480899
380311344
447465628
316369828
920047688
1157124378
455041325
1904326696
1065776649
2119310472
1678650792
1109116000
1114367610
174089232
1186523230
700201721
2075054485
1893502924
1929089837
1660679544
1418294124
1706505389
1660789538
925068329
224480333
1373425943
1436849430
1490366536
2144212864
98173661
509321647
953958583
1685870997
1403056926
1192770679
349126613
1592043397
1226430966
629617552
255198295
126881221
1473870068
1979103650
760391315
1629996702
1833090190
2102872466
1730695877
1450727047
1138288366
233032857
61888228
986519893
223761221
1798512529
211735552
1931273879
269109404
1914568668
891146218
1358500394
776809491
1717077848
262204884
1156708094
2066795474
1267615312
75838159
1239799868
1037506182
897172301
1757926102
2062128727
1484347458
1513211005
1721026060
1073447107
1425591286
567479854
1213162900
1382914620
518779332
380761951
288127779
933075618
1485545332
1854100079
1565498403
2074605647
1763680360
559306649
1915782356
635135220
693043362
2109086322
2054548812
231273083
99054640
82954683
56913934
793042972
233908616
1169075815
241120529
327367111
1696285665
1891133493
784610162
1915152285
1512424509
1435944793
1892409596
2137616739
1401490366
1453594563
770417717
395605761
67742874
1406707410
957932986
15271337
1364937208
312458206
1682542435
2104951084
1370196951
73510282
1408801011
2096737520
1811696923
1647619415
1423981006
118270357
1320212364
2059297620
1866088354
781946740
181770279
702126441
665491900
2037949938
527725088
1440123000
2092075108
1576089177
1675010063
1856593242
1526750043
218413827
1774674507
1760972720
1004961237
1904981006
371040765
2087263060
2008628457
127506320
1629900615
1842189865
352976965
665772929
782772871
480117437
1627220724
1001388593
2122282651
458545828
994893935
2076146513
1382503938
421350454
1629820209
2130113719
1587982468
648434986
1291384693
1694847381
2067998717
97703250
1616406007
97095732
1449773949
2138890511
1533498912
1911683519
1077465350
925235868
1901804434
490180506
1258072333
1441915879
635510330
1851492902
1895664744
291920356
788662483
753679717
1943995940
1389699509
455753675
151845731
854057190
1684879540
186981426
1911358874
1020549982
616180389
56633060
1952382426
1517414669
580998854
706940099
656092593
1284449040
1987618671
148296696
569227900
530422282
1042205067
2077236302
1419446763
420024463
173731228
137205610
1254346947
1822286669
1145096309
1273580538
762621866
1258264757
1233371419
1295537971
908127102
1220972504
1177966444
514590864
1774599699
593756998
1660194715
847046751
1674224360
1135768120
1708088059
278684026
826266507
1725663801
1655032068
1555888310
333452752
65877626
195812451
32809861
1309870194
2133472385
29504604
66007582
56691129
1731032386
1071998644
487034294
791685824
1544201775
41486328
950455480
1851332793
1315709772
1061019228
1967231736
1287108447
1870799604
448506383
1893883319
1989875530
1897232046
1178057
1867789515
770752285
1365510900
28469330
611855146
1830063037
1671024550
1197041177
697046394
816276865
336867194
1246301505
357968743
2040897486
1495088376
1645350102
398995826
1014845065
229358533
40951255
823370476
1864971582
1403934321
1961021188
899090443
2057520246
873246433
201011107
1070268860
1656846932
971968463
1801152265
784494595
2105062929
1406797201
889262987
1288858654
2071855314
1416982727
289237945
1671745211
2049393313
1816013436
1549890721
1027457225
1850501931
281437335
795684609
231739708
1129663434
1740533840
1191028281
1278553362
2071337239
1834580197
1749138310
1705383954
89201422
859126954
2117204212
1725146457
758632381
1470667103
2112951085
1540038718
97749790
121036323
650502908
1907904461
1700453251
1121059575
1047953124
1469458553
1422081360
1540384482
1497778749
113272396
107907514
36288356
85778915
1317438661
252404064
247935260
508923367
1067038207
547235693
1358734792
1618674234
863342953
141197389
494052866
889143730
1183009304
2602231
762561606
2060034423
59734897
2042129194
1792306151
318541240
851059889
749601876
375797925
2137830944
628250330
109706496
728550053
454145657
439388404
853608719
118566141
1287013386
63059117
1625419556
54112502
595131767
2000804734
519814112
409535048
830358924
267954836
1298466088
187277777
1999382040
136396550
23546981
240763798
1875629371
2091830048
803043856
1425481126
229052608
2041745715
1717912360
1129704217
2118277276
1257043288
1662053629
1137560747
1994398925
1161741726
1892180743
1235232382
603604042
121382196
479183685
712084368
1071864690
264320054
921241914
1562587077
572215355
1857548247
1006727557
1559753572
481109193
1083901075
804099045
1091430578
1111664193
569512073
927647273
1845470052
618655419
1244801628
124521872
628181278
2092548210
166093783
1109761226
984144368
1325645530
1383306153
391217254
384902412
136362
1699812105
1088571133
1030225392
1731168633
1327981133
1747171733
860114861
913742264
793199959
1539626053
1814115014
1764757771
12470251
1100326147
950742835
1569029931
1292892817
1628344229
1431291018
879529251
75604276
766815255
521530190
27977420
1118874729
1719050193
802029752
85719397
288623127
2039860216
1166036813
259891698
1618852498
1968464591
686407662
26634122
1013791628
1594290589
1448263441
950068315
1923718816
2091936515
251624567
1151670571
868544783
46159427
248074320
369201941
1733103397
1350776366
526394904
1987565091
1988291320
407421288
1199714921
2133941080
1234148263
382297331
2012523178
559305205
1440355818
1822270735
889509040
1849675037
2107800717
1354816776
1737525743
940370870
577189440
849105991
1044853774
1852716940
269246487
668900552
1209413612
1035687374
1809679463
1657071663
595244902
181014848
1073659976
1834236896
1691122075
44488502
118201973
1347965752
1708413290
567477360
1960856474
1629642367
348985136
2000063184
491635128
1832962934
626386546
240090784
2057276900
1027055602
831978430
1018159028
121562731
96591868
107896235
80546836
885577098
484970821
464075463
513574169
990729409
1034295080
919856512
413345593
375689828
589687624
835629484
1093230230
49349611
643775538
862552712
1897481655
1323675402
747408548
1932260858
1778445316
714663075
2105292207
612480848
814748979
1430795353
86273543
1955864319
641951736
1966658542
811736768
1883817679
588088078
740890326
808978295
1481203082
480503006
1357857233
129794819
1648383669
1162395783
1821100962
1394236878
766529683
1796106498
1491204567
551064766
1322569137
466977496
276151669
498971619
1999333298
950401605
909773512
1385847486
666661199
1990803312
758919016
1124591838
1746134584
788414815
996072948
1575605346
1974650635
503244951
1786823611
1064831058
1948102179
662802244
1091820066
1555467227
1240447159
1260195040
1575285119
1576670664
188760040
1740180929
1636859735
165416290
952387497
1060186340
576355315
905635830
1192891954
1219909925
440409014
1083517792
1220250326
315194532
1150072117
1126339102
107390595
575251673
789419755
810880301
311135959
2040487515
113151478
1429175383
558996885
541387531
1411512680
673853704
482866415
1743241755
1549415346
299185500
58525462
2104140514
208415764
264412618
664476389
275587180
35538759
1094956413
45629141
227225391
556250086
1754553047
513238319
1547221311
1903078042
1456347403
359437631
535037011
19125505
465477165
1028384941
2082234129
1763327697
531097461
1677888070
1389091246
561355176
552417150
2093908685
1881565338
1523362867
49806137
1875644528
978276694
713319281
628327183
136075015
1148249276
585735322
1676327221
1146820761
963033535
1818363971
1249143881
174343559
304693060
757204279
1670710979
39494844
588145622
538564299
1213139604
246839716
1596752884
1811480647
1614995721
266104267
1375165407
1781395172
1595943488
576892605
785808096
2039473554
698485364
827967301
1034367612
1877263616
513614836
2010615810
400051759
453530262
789514164
162519909
1160631400
2088953725
1311557622
739952915
882352762
1457240780
327206777
270301443
199475271
873863344
1084321488
322183300
1727597211
840248761
1332857309
30712879
1372795942
422773392
833276117
242835447
1123274355
530439542
179820293
285048148
1744621150
470264793
1772218765
849908858
331499500
589419156
1845673349
1821592518
1894644121
343486815
1224411236
1973880108
594959899
1843009489
69936692
75986068
1165926826
27807427
525319349
63492330
2080569543
257198818
1483662124
632794851
1101504566
1622794724
1410914649
1050657776
710058423
545109527
352039724
1587823808
1787969187
1226960278
1011113959
1568934497
1274241971
951508141
2056636705
1094467003
1584505198
634261182
463700874
389544830
1985351588
289957537
60228482
279135863
810699175
1697981442
1603692187
218064921
491022867
1837201683
1714561576
1078541526
1733031307
730996673
1691291200
300162453
1502166085
1637285250
1683717818
2124725848
1509765275
1657266093
1634453998
312059860
818362567
1460782968
403794165
1701692631
902473988
1224412720
866998175
351612482
1059058624
115753306
722953916
1759683422
393571196
726811052
568457846
1399729949
804752775
727414248
71918163
281022205
795021331
1979283243
475936802
738584951
1807707177
1949663072
660534462
1195272373
526372239
1541917588
907822091
864490462
1080426103
1198354171
781912981
88794473
585968030
383176244
578875578
1975529272
288177539
785121077
1945572742
2036446456
443413249
64786581
1383925893
1508865844
820379373
1326199712
1202199802
1874501984
58382129
1374151061
591137034
1259580860
1171428495
561236860
468494323
2110338311
414545825
1012453356
1526709725
1674249191
491007790
633653714
1582701596
1213843569
1632751027
1146624877
794307128
1500374160
1552821667
886382487
218514653
2046237427
617788111
1141997924
355111946
1416160531
323668087
729343596
301693022
96565839
1375158743
1553567625
1952626113
786126851
1947248273
2068369272
1463424003
398302521
469913844
1262113296
1065718671
358864679
567509783
271544115
621192464
355834535
1788109222
956419161
430393752
644566231
486047736
557664888
196986274
1796597290
1545553609
1904807682
1324112216
920485369
168413506
1665687237
1343875702
405661452
1865565750
1853813978
132124051
496663561
479462090
2054686809
1489813677
665254267
1153239445
1141551195
1707750908
273370444
1485395622
1814089298
666469610
1497914003
2023140935
265667034
18696663
107461750
78663703
1108577132
591525142
605770143
372980677
973965328
1619400288
1065282460
1096428813
1348144250
1308848582
64301030
1165114782
1659543243
1536934891
750875440
715827008
1437872775
1849101942
546152309
1329533458
1151908643
1110937053
1552504241
1136632937
1822965028
1799667370
218709724
1291169849
1472907048
1937583408
1526209726
677783313
1701692167
80061821
1117819405
1223059189
1770540679
758869605
1191070583
1317327435
635368672
1320667022
875030100
1742461405
2088485938
702293253
1313407134
636222686
1031062536
1073930479
890375287
243721310
1259996895
771925220
1636150351
495766540
2013514158
87138725
1914060391
417974461
733384691
71617765
838823849
686628791
585262925
2028284067
711961374
1310896180
702388264
1690797224
1860726703
1609494949
112006313
601267199
2093716494
1149028320
1227157651
1670687402
2003042654
397913173
1699050641
1863504014
992947241
795099097
1487743299
1683166915
1723942862
2127801397
1029548869
718186249
478339107
112551211
1127031957
734068192
513357436
138030650
2007666051
1001362941
933703688
1613531652
1985023916
404131778
1395222881
464766947
570866766
402532784
1093785115
797424389
2015888178
867913951
2087302180
245885618
935969601
1111503314
2108155858
464852710
589894157
744073078
230787962
31076476
258606860
1610800092
1745001353
1274320027
810005653
1509520553
807592236
1637712815
1771966734
1069681072
638938737
1732458845
1475427102
1918830614
1310801345
1627000026
64052712
2063401521
2073336032
1514556923
861808621
1329699880
526770628
1933511173
1191287144
2105386089
1828580727
1953438260
938265053
1888205265
683774533
1816561742
630723283
649623035
895103368
237044564
1151044886
393862888
578803926
820300605
1280778620
1938437197
435120004
349470911
766357962
1134307309
35601718
2055367170
2116435465
28258089
204878332
1368645272
1362188252
455395306
1207890200
590308178
106379604
1735817769
694420978
155422834
1987057665
162749233
1788403609
1227715775
1887874740
6289116
428991219
223308167
1274699872
931652567
1986118594
2068518864
1403086595
169041309
572308814
274019609
76447577
604941735
276314486
237726143
1284181150
77103661
1635149015
239527607
1177358184
83005256
1633970138
1132612704
1611752144
1349689950
1123987835
859683678
1395975601
1925395646
1039266609
305863951
382359143
1655914272
1648474059
1475800358
9530308
209303493
1751438359
1440002756
1677430990
171136844
673456376
2144365555
1770734870
494541902
1267750579
1372658426
447611213
2138630561
676297770
1399165267
1302943828
1812137391
1155354426
1097073773
839281803
765056043
1083173497
805214657
1608239077
1192218011
625995528
669977404
1616274493
482098420
313458006
735827497
21439960
1528042537
301329395
392109901
979507699
495623773
172570138
1781884738
1600468341
601093491
1042569655
1470594364
1223259603
1273631114
1205787279
475429249
81912887
1978266199
81389296
311148505
459712992
865337302
962534407
506255115
2079318844
329255596
1064744438
1714363739
146640013
1883470252
121817929
143475354
129808729
263439976
1615674339
421169759
1471505890
1608021148
789701659
47725246
6414316
1532776218
342966068
94066799
1823261142
230666756
271308272
1753520400
660604688
1946918598
1048779600
57091240
320422754
2002572381
107015365
206520547
310264137
505343039
1807383156
612797569
1855108829
1788132987
447264930
96969207
1712898969
1739301286
126758932
751234969
189032213
311651966
1736721673
770766038
570865838
42611714
1717802316
1393618840
1746117041
646520656
1657186140
2091923024
1605416826
916510778
1698099953
1570926928
1368689324
357039709
2103397689
843000568
1526975331
145116457
1194042698
738572141
1839172589
298861949
1767955196
221049639
592096840
754612936
668864792
1013592154
1322433665
145207432
521468203
1876164692
1925493148
2026224097
178621040
239136610
2056841216
19526272
131130947
1276980210
2139742882
1471231718
226522989
1115468410
2093123451
1934307962
348641461
1231439831
1866108027
235985576
1893654471
1501454661
274145710
20754692
1491896885
1168539791
2108121080
1032163945
1029845838
1459069585
383857188
984072105
1419620973
910263393
1580546507
549120366
2069455444
275216918
1688325725
1771198962
1252456158
403351368
2027532206
72133676
153848281
520818031
1569811279
480654312
1172561882
217386310
598343878
1245777279
1838211632
1609791099
506485045
379780798
1599840047
1825050089
2038095502
2118803281
1490104679
1812158994
1754215617
138018981
1358978770
1353874735
459301623
1343431457
1692792127
1926273504
1538191661
519387652
595867781
139364335
1698660841
43915979
356225327
438983774
1613532000
1720785433
420298489
20024584
583930214
621594251
496858069
1899636073
1091450002
1655074599
584951133
416553861
2127770195
195044828
1836269270
392475453
503977556
1516179945
1467992585
2015678326
299249642
1026081183
391076787
709364870
1210722428
1230018141
624193562
284308092
1807703045
816392586
720013928
1298546554
1119618899
1939967886
1395876933
312509025
559702277
44095425
1587468604
825236226
85129454
192526435
355330016
1752534595
1185037578
1774638458
720882609
640280112
195654516
311658386
1002395043
685435123
1797565832
1717137415
1082346260
104588412
423260401
868324872
395598095
487888559
1823953763
1578183943
1831340861
1883136433
1678073424
1505506714
1841839897
558730486
615616953
297484761
1942190953
1737606428
1286297130
1839236677
1163930285
132306100
365519668
1468572384
1574483592
1846014661
2101067326
336821837
556834269
2040892080
1967421693
1769610874
1872845943
1045273971
347253436
1704998201
743055469
930583200
1407278878
1385309406
2101621380
217073495
1447917230
137363720
462061278
1185180696
803614842
498479827
184126500
1300706530
1431305315
1428578480
702264389
32343888
1978758020
556895612
1146271531
981019953
1427903787
2140321609
1414167388
908942358
209706608
805689635
1487899098
634679755
2114391205
1961365177
970041115
944424190
616539530
1377231053
779820962
379225313
62439570
51039161
2088077880
969691306
638144682
1381837981
862227992
627176614
17234257
829845766
2125308818
209063812
307701680
272546741
1233689476
1388284644
1985830599
614437799
346150678
67289694
24714444
902792290
227454743
558298180
192145252
334293367
1752543530
2066347428
668764705
1996642993
1621513915
514604436
839700047
1768762081
796285435
1393686427
1645325213
728231386
1428325638
530786230
652030883
8345864
1608835262
1338065289
1530450388
1799932687
1217708400
1454046904
117195096
1700926243
329284541
1259964690
1870853251
2012911803
899087954
212255074
438772043
1393788130
821516327
955926552
84883609
1886030970
757851897
474065880
1621752694
832042878
2053966323
1329193672
1725446679
1937055934
1982357784
1104518735
1884276987
1004276302
1146340946
1785727869
512754772
644037985
2059734715
1350080287
2049342039
1536005151
1491526021
720986936
858996331
204753942
648288873
742391463
1107487576
489079584
1969904044
214510393
553577781
1743797432
1613853680
1308920461
1072443189
1220804451
1603383282
751143528
930297396
314300916
2020956428
1389575630
1986349572
233608231
656759355
707404649
870182976
4138595
1740319752
1136741629
130551509
1381940548
662991418
552599301
181095038
771658782
1174918445
2114741611
549858512
1688142866
537834256
154207921
1954268141
663451102
1523025975
2032187836
2064909992
1287222110
477447360
618900367
363425440
1635669660
1994157809
802121888
143582411
452917566
1600798607
633458099
1544124024
1845079506
1433168889
1187363827
1267384424
716235345
190123499
237037442
620774361
1670410775
1981348935
1074273134
792300066
1727242729
1769936874
145789592
1459034729
746744199
528518160
349708044
1284141194
1317451078
1820769656
1601165206
1354770754
1776603267
1206576952
1661036786
1824272603
796520712
1011472700
2033998803
2114461943
1104255546
2097173221
449854283
1811400570
301852476
1894782233
605318994
1743694978
953231268
1959138157
472334058
595151668
356637391
65118991
1893552101
234868737
1853994185
665355223
366984129
1701460480
1510716589
2037912247
1060088227
993086828
1797393716
957328164
727026168
1086911439
874434815
1763875550
544111158
1377722886
1158830649
237088102
493911412
1124609613
1558661122
334419079
1644163712
232865640
1469661558
1384083657
202899440
795927732
1972710011
1344199383
1006882332
717984398
1275084811
879648497
7225322
717142772
1609174521
1820027452
1728986255
1816615247
639581722
2124202895
1977458235
630250731
277371231
1391075866
1354922184
836536669
490047811
1326685425
1199869636
1086478580
10036437
194848697
1430418062
1517276273
949344992
2094613298
441556360
516177281
1479802067
1991078132
131830053
100304713
344115098
659351228
1244489964
1467018049
1159673713
621499263
1292864182
1001172647
265635143
1920227000
719123156
2001388304
801504766
1997920168
712895902
1184039849
435121725
957956703
1576814895
1298667782
767312476
1004345965
1155544929
688843835
1550872203
1038886927
1149241677
137088013
973227614
1690102605
1918917646
1271987807
769047272
1375127399
1165560376
1584789433
424294493
1927012377
1676063387
866315867
735007220
182271186
56193696
1503995217
1232653232
1877413634
637672659
1563567682
1665299184
13047754
273305571
2126829230
508062741
210327452
842990744
1447391041
912352589
2000011116
1967976772
1126108789
903175179
461001053
1522683340
1903757797
1825245827
1290267259
1022913377
1242822047
1167403129
1685429270
467630027
651930310
1804863340
1664475962
216572230
315802710
140497950
2083440543
673830740
1399029330
1963462099
533891022
977382395
808345470
1786992842
780727627
1154891793
668491171
81676189
518696008
1918122888
1762134493
693598065
255653691
312000700
2039726483
611586006
970236000
1712330516
305019174
2116861986
910603617
371336379
1106674703
336577002
47713477
772983284
1343545911
289463279
1571633632
1961763859
1206449469
1681227172
672092312
601420414
939951212
37024869
1579298834
1870116248
610681020
1901948672
157981856
1212017390
2055891514
532921141
1155567635
428305474
70749690
2055251726
12900593
2132011126
1442931946
2009694838
1925174208
900185110
713127091
1378200094
1365880729
1554111424
1547309193
2054780782
1892640447
228800243
1270621808
449092449
749832488
909817179
103576643
883595676
275897532
1783393185
16268921
1160569390
1900396080
2023766800
743242435
1672328257
259039885
1792785585
629123135
725356463
569459758
1177782536
1496471573
2065780994
269852451
208442931
167755068
777057617
1821013939
510166985
1425295652
412194556
2124885150
2026705774
512022908
47556677
27779570
550088822
2142700384
1889496107
122745787
812887949
1501376498
172123568
1461237936
984161927
1529972793
285912211
1037829105
190544278
333387209
895853446
1224013875
1756874075
378773007
565239847
1731907239
851333619
1194814318
201489603
147200698
1601614425
1015105394
359016362
1694872204
1739731631
1552777761
835760505
1986143474
1441248422
1931235917
804270492
1481538159
1113504993
8514400
2077836066
147809742
1401370003
365967514
834748652
1305071431
750166001
1626704103
993027322
806271193
984571369
254900931
547068932
2089237411
582792289
1710472376
924852598
574176597
1307992178
218304490
36330173
1277652240
496610647
1704519807
12251799
1902436914
167262594
474333385
1875993904
2117175134
511500237
2045966383
1841432851
2103033212
620442602
83565418
1679206528
102814105
2146698573
1704768679
592366324
1032373794
1183230917
1864546154
281765607
415361833
1911797203
1790745902
1853008519
399489211
1034120288
831520132
400790518
1161394232
2050827362
132211398
688581200
110922277
1916596955
118079573
1676378017
1755918559
304187162
2092635517
1824154809
284393384
1851176720
494695984
882253493
459693253
390309299
525228364
991711590
1041042850
578491210
2139470287
880167929
2058955763
1882759381
750887588
992465116
1489552339
2063411280
1449202121
1400142815
1194568545
1485052640
1480588679
876723195
1621972266
348857044
1197878514
1405544122
1120515439
568154540
1625861839
1830445059
328367928
1776086178
90896802
2041409191
1768271686
1135419607
1846979968
390729593
1205281133
933094444
1439717119
699019379
1295380945
735888680
605347006
468040454
307545334
1000532306
1851968825
1820620425
706343852
326047006
97825491
842662063
926260272
1093684053
2011599478
832020068
322432221
605213900
1063276399
2111480741
227701892
1549687982
551645171
937611515
1714202687
532277802
2144966447
1214930638
236632086
493386559
962841056
1462080042
1152942774
245034015
1310129712
819649093
1620361473
1233196901
154861436
1413220895
1673880011
1708071522
1970347144
791803230
865665978
753549723
1994877748
2045402796
1228163376
137964502
1301111764
419147710
565651712
279230562
754694802
217870594
469498190
672096769
1538870041
1768402399
1504708394
1800594616
767025997
473482855
326599122
625962435
1030060767
1900268876
1904141085
438134040
1992144812
1075040106
1887242751
1624071141
1937394042
2011278598
679116344
38233998
442921488
4434620
1424498869
496385696
991360780
719004286
1441837122
1742453073
2017901534
365384516
678184942
507149430
122625288
175479125
1608087323
1728942158
1617833273
810166098
334443079
1719102791
2029565111
399321025
373533481
1279172713
948489206
1655559721
316534820
362778108
264991025
99217582
1711418403
459050751
669372345
885018442
380619863
1662752088
569695816
935590725
423102721
1089022734
295462287
963176448
1955007715
986440704
96994166
