1180917335
434292705
1332251977
2107067030
1228021399
1669518992
1002182384
1816616759
1839398618
1226550594
2053482174
615463296
1441006532
1253947599
16900940
635157863
1978705373
989649291
275519142
992436482
1909302981
680946095
1194349958
1783095171
596853973
1403806020
1431049896
1804482085
1500761081
492388790
56125925
1770096537
1407903770
307246287
181791973
1687658310
777749313
1522516021
1461894217
685376798
107630074
609296187
48978757
56413843
2062076531
932749234
191006197
1285681132
2092964642
1406731750
193312967
1701513697
2090200578
789949264
1249201723
1369798577
2099181615
200879092
1339354161
754219978
857877477
1173337598
1279534267
2104905607
831863391
678453663
609364155
1497125254
703421548
358541252
58843994
1421954462
102815582
1940685131
1513737222
2076181800
1023811611
126723792
1613166768
1837392622
1392712103
1301423830
1266355879
1729195594
1424040126
1049891722
453923642
918881472
199497875
876632829
1570537294
299867336
774042734
1202253340
1900677267
121219891
574879434
1396517966
623342281
2012296282
1582832646
169407689
1401050961
647140991
577656963
949026605
907971153
1856376777
1315395546
547702781
654457068
1839656073
8639151
688046102
115294685
281737667
507013581
166690950
1328145138
599440701
2063936600
1582152507
602272747
2116058800
684661047
201428519
577302148
634072259
12327227
1939847314
1742018589
1698125192
2110937193
2101870017
1760097176
220650123
260336887
1105973417
1168021037
1132345128
188964912
1292087429
2106785001
920271748
583699861
1081572866
156049251
294630325
43940532
963459899
1945732197
1772270807
1171434598
1560779502
1688095382
2031011560
939611669
801481969
1223492624
2055863750
1007344397
2004982484
1797690004
609237389
1006588301
1255144381
2117666980
213863259
1426974480
1497255403
13492116
678757370
16091261
1396904523
514970857
443379246
1549039263
1415781161
1933751804
1648915722
1127233084
1394010614
419078617
544024610
1012869080
802562069
1404837197
2007638300
374395877
286900690
732913640
250374077
355628005
842535669
58746132
925663393
908483892
1716830956
1027018572
1673812944
476901875
1691577048
584758777
1193757156
1970337858
1615623779
145060287
1818699048
577048733
480604034
1399936418
2126352068
1829041458
1508618922
859929139
1463274479
1007782159
1313844006
2066021284
62389946
1275018571
121975114
303078136
1276629168
385388603
1292915103
1505970075
440880564
114197997
1815471447
323576360
787557530
1937809855
337609195
786964820
1658497551
1683535922
2135477778
626027392
1626384448
710352459
798603056
169329088
1165184034
1023628748
774019760
1015192753
1762921864
620749787
445329220
1750053500
922336016
8626241
519401640
1052266427
1377743374
2051404786
1281924560
160713028
980961834
303681380
1191569201
1043298096
1215130384
2086274988
344023742
64363384
423475469
519758161
554314880
531297079
1961590949
1641022196
1016968385
251328076
572438214
1664799264
301837468
240224829
198196923
949033954
773970008
1772229413
310174433
1120927669
1864669525
1876068282
556992324
1795543029
588831126
539695670
141579593
347002701
742992310
698221736
662340659
1056731640
897586116
604701845
81979201
1323654353
288455156
1391400931
1020950963
491872548
1206826990
583113604
951128408
946796628
1469671406
2078977712
138403189
515014944
263114455
543368122
106609279
743190272
1459140834
1569002869
943639633
1890706233
560241687
1322133658
391960119
1964944384
1465238081
920213831
832333219
527752503
423646879
1033279048
1385195867
573919459
1513971935
305414707
978271092
148353758
813960949
476742193
1053403305
1631428729
2056701631
1803294114
899036400
802541682
73991398
1193669479
844014716
30147208
458016285
1117420472
162108778
327057755
1044218391
345846802
1488951250
927398614
623254561
1994222682
1755368403
396116950
1366664746
1871618127
35429856
782182737
973188221
825220721
1740865397
1285527977
65654893
689130521
1768221259
546496338
1470856629
2015103418
2955570
1511493827
1418602970
1796856430
1849312337
1703127827
648881516
1504355813
790048349
611267928
44962916
1995740352
1183179157
1100367739
1071892879
1491615528
2135521954
1039629642
2021702921
150530126
46106921
759445146
828687167
1287541225
1335478883
15847780
1372598707
1063711605
1127620861
335142787
1143333725
732418671
2098814231
356702011
509947022
203189983
1345573466
1172886102
694062214
520201660
941383875
1697035716
982711475
1246592655
1239581270
158476888
1485072071
452799373
1069964059
600186176
533163921
682511549
398206728
1083968457
1527987616
438070538
678692094
1607463369
1238985620
578570415
1754469583
687897219
1056062086
888271459
952651282
958008762
1396005883
2030781860
365287876
555584872
289695516
600175116
1882190284
1028359223
1768799993
976925781
940589634
784475524
1472336703
44225095
960272249
697660223
127038278
588604801
150846424
598584881
1988648053
1069385983
1730187669
44458413
611190274
632433245
504471363
1793447074
1291419778
1447937015
710398706
1323954059
615402695
1064089664
112040368
2034672616
2060815329
136999916
1566016259
1649883295
1134338475
1734900954
1953372370
781455267
906522548
1478479445
947200226
1970516749
617089458
534680689
363935302
715456870
1392245446
1212144909
1234808804
655632877
1672297582
489643514
1316374775
458436696
1294043340
1874112515
1927121874
138598486
197580716
1329058649
1257430759
2091095410
288082420
2064559865
175442609
754994607
432429874
1302788726
1113698350
231195067
1535223045
671687971
1360615641
1088520176
322127867
1462283491
133392183
192272383
847273279
678287132
1831154424
375845483
45592466
1050800620
240499519
1654374351
1449466891
508191315
1957094942
259692447
1010138574
1705016090
366715458
830551969
1357902134
530953460
2115906
1920981674
3979249
208671666
796083287
452054335
548707967
690472117
253255766
1576544479
1975300048
592671493
534027603
1017295428
1007137213
1348219901
2056122496
1508319946
1070224425
70631749
2067693813
292329722
114395739
1288969079
1205422798
334937943
1917004165
1087748128
1981229650
138135973
2115550642
2023642384
206568566
1904711323
1699913070
1963860212
943131110
341957176
1133644177
757442345
906390417
1192474267
382476051
215392890
1240515293
1985719906
1803522232
208549434
1509269494
167040049
601307270
1621312095
345790930
543122415
206690132
18592062
500824202
761537609
2064831987
258545075
793540033
1512707108
739070929
353872092
1722493033
1663555528
2022504828
809496339
1107801246
1120232418
1645901186
1472120425
882553434
1156842368
1777243163
167879327
855895894
1167358964
837130805
1558294790
1553084392
979922388
363834404
725599603
1243388374
325034156
236086727
1388846641
1836246268
258555436
376543721
49257179
1506810757
1210584745
402744026
855178756
1903641029
2117467846
1855819493
1101238573
1712112853
1761640854
1783813645
64953460
1132820505
1043207678
841905184
445707437
1271741268
820315565
2055019220
981982458
1864871155
1262902780
1676962524
2001094851
1385337365
466694875
2018327171
452007395
1350021194
1840594848
430510222
1814615692
835274634
975894066
1360594550
1859656001
28567918
1038672063
248229084
980473318
1471812700
1141850539
626111836
1233443275
1762240326
1329326496
827167070
178382241
1223198770
1774936150
1068811228
600584185
1307003546
1367658647
1891508520
73298506
1700965651
1987954447
1735368499
648255416
1592792684
766180870
440988950
144830851
813527299
1959718178
986314517
231802216
1027517573
408604607
1906513750
1401457107
19783814
1086246672
868515149
2134861914
1216119212
1996713536
972023933
1035975051
648579628
2098318495
2068232055
882388918
1590130131
1829067033
242762108
94736536
1480333295
1019558103
22697855
1061639954
100272606
2119433940
1847740173
970744198
202701698
1469495798
901308268
1193840193
160744376
283759243
1990690566
271928985
196473795
1246474479
891549807
331522251
1328246284
1411624989
1051675043
1780447396
746919919
1830681735
1678202279
141806191
1507860852
1929214430
668302886
1868543076
2004034884
1187802052
2143628740
474637273
239601616
91774053
1419682243
195053252
22083521
395017255
1112744288
2062599349
990778869
1869100444
1166658115
1010182444
1585997918
1779746159
1759932474
290343107
874056876
77533638
1239210259
2104115419
1481603964
1473813101
1875010036
1528794999
442481048
1036621040
99710200
1988873613
941548329
334965025
1391384038
1164627422
1120209757
1829863389
1099478423
408460185
1406434175
919271310
1231373230
1368805644
2114668140
1481391999
1886581561
1539249122
1837280962
447453805
1170921430
304379802
1181942463
1088500893
955457069
1242119373
2027238550
1918511704
154366918
1893500049
1845344671
1943017294
132694181
448248247
735955589
664576204
680737463
1594726498
1994794773
762465482
1958830127
389303367
1787050810
1374818039
2146108664
1162938010
2056485548
388846508
119695594
650678400
1866712492
308801290
964357875
1640619004
1080150058
1045533322
101165777
950586013
1770080643
891469221
1779624869
1581236999
1892228129
1330315795
199403219
2009434351
802375313
1333707549
878235479
1718514525
1357873835
1522698373
644699755
79006097
1854833731
714220693
566986584
511293141
1624782970
2040008791
1674899721
302872836
1235584736
239418091
1426129673
872288907
1161512938
789053836
1304538016
1458959894
667955541
455721387
779406846
417681082
186803501
328802284
1731861697
306792310
1057623486
280473972
1487094151
1406319648
1450869612
677260264
238829398
1882515291
1567091203
960346698
1075149577
1796785077
1069996553
1032808448
1341078993
1989000129
2021600813
1480709583
880657013
1952550989
1142586317
118054946
1030738455
1832410069
1506701754
1645611106
1318376079
271719296
1578408731
1048532386
1154505604
1371117763
1524573170
621901717
342702437
2100247826
443390284
300240743
105885096
1877843443
790319934
2118944335
34366596
266506050
1659157780
999792648
493995226
557262877
1971705739
892714359
1051501243
1735759885
1227314868
667413079
449731671
1722287881
1455626845
1154440511
1941516032
1002011335
1093679197
1843886680
2018847569
1315516456
771058658
214721727
1159992960
1866069096
1026692571
1830501484
1621755455
47346351
1854393430
313662885
1385303054
1602566097
1044654995
1970203155
71194321
1544786868
1102546535
226128764
2096867056
823213924
336728318
1128286505
612558572
1551199944
1958014241
193693229
1615382846
1003955007
1650485022
2090682825
395486153
2105945175
619415352
1431396883
2040060359
319416935
351845045
13405561
847454141
1702873966
455908527
1566596258
1169086590
352553843
1082527267
509569736
647390914
1458247841
1990771927
2055019989
206891534
1806896488
247894008
1888900634
1289187189
1809869017
362954832
498073615
614055296
1988351011
1234338622
975363083
1725946617
1942050789
98491742
1117974643
956259897
578767625
796394489
25205481
1347771181
110466222
860045032
1081909373
1347216123
1051678247
1928861742
1371334587
1035869776
487873171
274390660
1587549607
271867363
946740977
116360237
186434824
648641109
263157571
1871660272
1797425013
22540548
1268368803
1847698372
960659985
1659820727
1061258499
1227548502
660710096
1296518358
1400028895
1683129991
1559978297
1372265496
545823549
883617259
1096223324
1669351148
1242537097
772113971
172690881
120639678
849433877
361089927
85395198
211556830
1463280545
821610611
498453723
457915019
2079986934
401816081
202087316
82308116
1769938879
1727489154
694780330
2090082304
1485789719
917182289
117173942
419019283
952210286
1073669424
273591559
149304537
1851910459
763894302
1720304217
250197514
514116135
1435689331
2077986832
688174834
1344297159
1499104046
2483343
275155628
1424680288
915094532
1406470762
648024149
1241980616
1267234832
1639285907
685795808
954569399
13424087
1763739309
881560997
2120589948
983137675
249643432
1824901848
2102076593
489724889
2059888990
188564312
581396458
1828064741
671797191
1631420060
107647649
1723709374
1118751141
1630579331
426992785
849492009
381146725
1635953649
1751972315
1398815364
594952669
383886851
4491799
2022059116
1747816216
645293343
1316819172
163416895
286884233
1804606851
1256256221
2132671675
1152077964
354155679
2087698549
1626147242
277349671
916285706
1606181689
550362040
889116047
183046261
1403919919
1869763929
1169959991
503280839
63121676
799632627
789575724
1010249213
1826762921
1992157141
546657808
1206044437
1900834192
1753171001
1380105906
1406877503
383368318
1896202007
402340299
994849417
1861891754
1185210157
1855644011
1904086071
1277598938
865950971
240706528
1463785829
1058736646
76974109
1718281969
1663580448
1060157386
1848128538
282433426
533845472
882577981
1514044755
1537486368
1294658047
1548408832
1963428374
1467537534
131340315
649054718
1155853681
1409722327
1191887180
1349649378
1926826272
1961496747
1706454040
168317969
2138615456
53238968
1707734100
179982592
1982803875
2109277979
673172577
360386657
1979359082
2080877419
522337709
1287192431
48158927
347986147
1698342534
748879252
1174216056
1282639451
1992082984
688329410
1833044882
715845742
1354201209
1995782749
1116594539
987136184
1493992654
1161856717
1180102966
1723577059
1842230622
1098302952
2133389312
587470761
2017818339
1543801494
963828153
169680273
1389820776
799364741
410160541
1370974423
1320082239
1951656942
1422526071
837663988
1977847082
1132834621
1612930469
1708478767
1511199831
1757244905
1544216018
608069695
1686251134
1958650369
1957264500
1193909340
650230501
908075219
51971482
432057600
376961214
1332587320
1398174175
1002399307
1757916739
31561148
1498328097
132307146
1849897043
1075529986
1061275965
323352314
1881792728
41071936
470342265
1934517167
720814106
1885728403
1858343957
1674801134
2032621723
1208250536
1995526277
224018553
1198644087
169457555
322342151
230965428
1898101723
1459244658
198626785
1196536270
2001333007
1353110895
83620382
1035470571
1410886883
1378695766
689996535
657746182
1093502549
1434493067
313844271
634040142
1245944722
617936636
1917196689
1377517429
652345724
895474433
2142849120
295938827
846688734
444161418
540829339
1016668885
600357789
900562631
441032385
574113120
1407416091
797016695
2066664609
1111266028
1904792084
1207696568
1049594013
1425245029
889401135
1506568931
1270401342
212622277
407752354
350775500
661572541
2010208948
1642545778
2065353483
176790255
256771701
1803782119
2142996751
228194587
1655085970
125015316
277935697
873583816
375472783
1046748517
701954218
2095017562
493266887
573609227
99251641
82815412
1682637351
2109705598
1286731851
1829092180
1287363742
1864775505
121765103
1376811372
35608666
647819032
884202206
713044673
843282126
573505056
154323009
1114469115
1889925963
2036629412
1091171499
942766091
397547914
59134780
1075111357
67130034
99172856
69272207
342313549
1010355641
1255442950
537527973
1807433559
1940708302
1294739414
1877981539
1342262316
1715014218
764121817
1745084408
1273951786
388325140
1494248382
820344558
978940669
190376201
277171981
22078796
454899740
1338933721
1435348555
621007761
1068813386
603270036
394830104
1270563767
1116396712
681331782
987732664
642595494
125441004
654555006
1368005047
520619495
517998371
1572518702
1204634667
134836158
559547701
1850636417
1372469876
657125936
1273907312
1429336877
341341272
847945839
338234035
1896066514
68630402
550896477
1628932517
854397836
1048363925
631815206
1534370364
1427827803
1822136423
1976112254
1892404679
22745690
518786775
428050566
1550404433
62570251
500010114
876996882
1808839068
304195926
542034987
1264828376
943464338
1094647983
2030469342
1023894327
1430555170
459489695
1520087004
1612886400
1788163797
1236954958
807430529
2095942163
1580294720
1222821378
825747080
721068139
864902096
601776281
1487674813
368428486
693262901
136124711
128416358
1768582502
1847024673
2102555932
1881964128
196283683
438079323
1565295037
1101134307
559360813
422112018
515423939
206544336
1459859001
1415121354
1722676872
2055164581
2129248587
294554113
836027411
27212529
693550452
2033858997
1132992328
391152581
898773354
1927033942
342533802
35074481
1423404401
1995240902
46320053
1619420927
2140836964
336146486
380476614
870746960
1760998901
178070805
1260749049
1939777249
711531239
892192486
294904689
1442018352
1470426337
375152946
1429700252
305097580
63717895
1218666935
843855439
544306199
1583183166
1337263488
1875440692
1132227073
1864954513
987529557
1798389907
2077031468
1614432564
100285947
327915694
1651824551
940273302
1362100736
1114287395
1275003763
1377596786
487909248
927422349
952419893
936247372
65890240
1688414066
1834452907
996077053
1388111115
118436941
1059312241
1933428686
2116450799
844569305
1191444611
1435251269
1741872122
1188494853
1172257626
1982406586
851863767
209518043
115427263
540621624
1831622813
1533844693
650144950
524765801
1505728664
1825945666
1706011970
140274896
1967068167
1956462265
1794109687
32337988
1999636034
1113762588
47384134
1664522430
1024662316
373131427
1889767378
165449062
1289491705
1545944947
355107171
1510991124
749317128
1447460408
71614156
1576880233
962145207
19609295
1360080393
1254081520
115509946
17576580
1642479342
408356565
1984553366
51388863
1338663071
1170800475
410409739
408634446
400598060
1269643039
1767026575
1863042814
33247403
1146755196
925020396
838221337
1970179079
57491454
1407673016
293466868
1202451274
283655248
587410706
1819243282
2055051392
1074630418
740224345
780039706
1231489711
1423164408
1721916598
2116628208
1196357942
980181104
1542702977
213298455
2095607163
1199021321
133863688
412335263
150836837
761500072
1661173065
1127470835
215614073
280248639
146537971
208403514
870255286
1550245318
952904127
623763999
885873974
583730797
717583621
785158608
116949876
461638668
262445780
1838026957
368226067
1311414286
744092582
1498960976
838732774
963308132
598629063
618821012
1931433347
1197925043
594660672
1351978173
886119694
159267721
112128902
933950703
924550106
69933829
623346539
893595696
399892975
494171534
1247928393
1255916295
1525528929
1769970943
125679140
227501462
176328826
1256990665
1594493633
1331099152
1001294572
1609687652
1694742153
650422313
903611416
324136832
722267641
1870996339
1653629892
408323574
661485564
1377569055
2043873670
1110384080
1186539896
1357557618
159821959
547156310
1660054278
332047262
682523112
404852400
1210490487
1202833293
1843149038
1341656031
180066362
964536415
2083533354
1630942112
1430167859
1178589234
651234730
1602292240
428881242
282119859
1425179607
1922119964
1022169590
862575138
2011791857
496166189
69094178
585665456
634932505
351761
1717154214
1846508129
2051508704
1512021194
859372245
1402190732
179737752
351970328
1913230993
718809880
531442010
719545946
1787365970
1367742541
2028936549
455246419
898112826
1601533296
1917529925
443487978
2020344424
208345987
654823629
372090821
1469825711
516973170
365339846
1794849168
1315350818
1493034427
792063428
732909808
1114177290
1114272013
1245858003
1732009820
1257813469
589815241
1951352235
2134275688
2078608612
1154083742
2003667930
2119663027
168378821
1813026844
1287240869
1378272269
1658211011
113013892
1900803794
635473431
1831317767
1715839757
698789646
1794698120
2107760634
1071554468
1854277352
1101484605
1443594169
1634088935
1080071125
169415331
595601552
1162358718
894188630
609164080
190520509
733853769
1498034294
1814887177
432076632
1824290078
525287941
154229337
1912867472
897494014
1564092551
504381199
1097383372
74652696
2131743842
656326481
1203592922
1328921082
326741554
1723373299
1874495111
49650715
1639049050
620460542
1975428236
1334859467
1766754750
570423987
1388597290
1214972681
856428176
187800470
1698589874
1772750813
97303059
327483925
968432714
1424567172
1141817252
439351264
1341013441
1552167527
1458297378
1527346570
695514897
1617202098
1801952529
1999962552
39992975
1986258113
1918660977
225450064
1459596257
499842890
2070207196
1859810738
1222882752
855381081
1193098046
1349477635
171100709
1917954627
115164234
168852558
1794205519
441527139
661046756
829367953
1136538468
1779072648
901636350
1751625176
1371115792
472977041
1422563128
709159696
762327322
1378934960
1358275309
1715900650
2146582351
1641592996
2008046061
1795444467
1725200385
1835373969
1123308750
1665911988
1007581526
897097504
1814115793
307392617
301638420
1949096600
1492112032
2123822748
1046914244
1954822250
1005144896
1296717722
759349333
714338108
160398653
1750404518
1286189361
1850218561
2046537588
828748037
1918984537
850743377
1363948979
858020416
1684801121
840043046
761743818
1550866656
1040678360
1425910762
1257719660
1824633262
1437286232
1109829748
406565263
856624463
1888946426
2088458173
138070928
404651519
1823361453
20682897
797301571
1437933477
278588291
821430573
1886873360
218558260
1709950506
1778049046
456254806
533467616
1018564246
1916468452
2127376265
2030983891
1978633518
239758335
1536440713
1340717727
992528250
2022752747
283108590
562607245
93905756
947966684
1841211205
351622796
982353011
992056794
351253359
230546949
180727189
1699042287
884453406
767219838
1356198671
1212454991
2059620757
1322582823
1720624174
233352209
127355627
2121439387
1877525404
531633646
2126162809
2136698865
1035836338
791065104
370333770
829446006
1196746648
1533867096
1212586830
109009716
1340155274
1616757425
1453900478
2030398670
580698336
628713924
894064839
78794948
238624196
317345304
499413185
1628314794
42141723
2101501429
131935589
622091584
1882099061
617653051
946244435
1121973734
379045339
1993943716
1697378230
520881085
2076242165
822582328
1026915085
1390975489
306670850
70650876
1568962687
1725493385
670867645
1883843659
1887792633
879345170
1101614756
578067753
1416446294
1033707830
1642653538
1368098564
1120300492
1097767817
603708327
724966979
1158477843
869904887
159136366
560124258
757408038
1871745924
1434909773
1111446049
1443098230
1180883247
1027675008
313095436
1907045470
755570543
712826081
1855167211
994151961
1189440512
799370896
387718772
645389151
1560159816
673658344
145795717
433943101
868322545
763400565
467933724
975824931
1844003394
243897091
689807931
1561430485
709838627
1721915225
242559874
1670432139
823780950
1875087046
1098964179
1594664116
925407611
275992176
632577208
2007394168
263867717
1826631285
615812811
1539427688
1542179558
787213723
463407040
2127882783
1406698615
639217655
1354993570
636430046
695998498
1981492929
276319940
473582682
1781005448
1530001083
290874269
1527178120
190953753
1643411204
408442662
1079362252
1239751951
1184670792
1909660507
1883180562
2013502504
631210506
1054763902
1775456279
1718295580
183612537
1211330502
198045621
645322036
1684919330
397601907
675457109
1310434119
932055265
1478842062
1584521059
2070751563
188635930
23639978
819658830
1562589871
1634668898
473770785
36581767
1993210319
1195975026
554389531
1121479679
197492572
1345784496
2051018044
1604437008
1686007532
512303218
1542574731
1929493911
374019527
552456019
1189320042
812065397
82643120
303594800
936104908
1349999854
1952237652
1381275527
1416852754
1804119379
2021969528
102920073
362227174
570695095
1046654620
1818364383
338718536
1242760406
318718364
978344462
1853949103
2098049421
1105392245
888467160
2001047220
331223917
1497083267
1346184838
2049699372
787002058
1735733787
431683365
172056441
707406044
1238579267
2074701913
572362124
1754513783
1501191895
1085772691
2046589714
1731022657
567340363
2132628338
1872629648
1224912210
1286352144
936581649
101674212
1001478751
349408814
1451446837
464606315
1888669901
26739340
647901610
115642314
1766932906
1480482397
1508755695
1232218994
1511535945
2123350173
761444412
786916519
491322359
365537326
1353847743
1012133861
97546452
452681976
1231194488
1201251120
1530141229
140844927
218374364
676532878
1900670458
655033134
1210006652
1716037488
1868132939
476733230
2041183171
687782083
1675364524
770935979
277503635
804721309
241461469
835477531
1697787756
948086386
59795916
1108983623
692505533
393691753
1841949176
768654858
246699452
735649831
1093870235
309348465
1909404328
2015995309
1586005832
1730681231
1215658768
602013863
1078417745
289208109
781761497
1305591277
1929409880
1297730160
30842338
1722137716
1471437204
59422839
1397709490
1618915383
1914226795
863225594
403720638
613507506
2021590279
610520746
381185830
205357945
449892786
2064167362
1908496622
690452837
1989496586
496683621
1994238291
1039919311
2107679097
1716778541
1150031881
436295494
1991023537
911058096
956958449
199639250
618181435
661020086
173455905
1195084226
333504803
96677111
1922062425
1183967073
2137188911
752826676
120828235
1081490755
1706164340
1969512601
208562386
571409247
453204415
1990548985
1955730936
1645358289
906250116
642216401
852932020
367118485
1258249970
1726962286
2058351605
1844461578
492772900
739169657
2062707887
1316646234
2075922943
1795083547
1905572293
1589040541
704753932
2088523917
2092630458
1221446589
1518823695
406113819
1604409713
646932507
693989891
1159418548
10779956
1712546923
1979512333
1286055426
390114074
1389914083
1989678141
91068540
1792485780
1143364967
104986925
1942785774
1052668015
1195063460
1021744213
2138837384
1780181034
982496410
789032934
659566015
608433691
501845633
1930838929
439217715
29376632
180704388
767340932
219209780
1788689979
307990580
168017216
447650358
1850777392
1987706197
1664412877
1325232271
1458337755
302892868
291236176
999130077
834970621
506360435
1188080139
1351675755
262986185
2103264864
1141078138
1082165189
364731659
1267204427
320492657
112462419
1926841748
1614087583
1955699054
381614201
1674017105
1468798700
2005828323
1618401837
1803772677
101215960
311473115
2137409722
500619777
637305291
352720660
186460235
554231971
31108513
44009590
1656935320
1107043617
1454235964
213746417
2138495940
693595890
50362013
1430000715
982849273
25567835
205347453
775389340
1395407091
1614269493
1782267291
1899697926
542856091
1447139557
2027630745
1885282092
726411051
1572668011
338865988
255372093
471051012
1171450246
1915868076
732469050
764304875
561060946
770624090
1000925111
1061683342
216831948
300171981
2012320849
97333641
1742987989
777709568
122267646
2062449138
292321810
1016035092
1773312224
389231874
1186928442
1103895160
1356040038
2083755148
19115741
1294826589
1831978678
1505384513
562541338
781858162
990914386
824355674
1639547363
1060276567
1173150927
368945034
90390091
547930600
1046344681
710343302
2089172033
617863719
178244624
185879889
788159221
1860239269
845015536
232076279
467568176
1267188583
813900516
1777708378
641143783
1505181293
12351397
410371518
1438590365
162910890
1296489637
60401178
610562446
1348162081
269674951
908991376
130298694
1364778438
221069177
125099470
646758911
1316289946
1460857412
1470768723
1600645743
1064392895
1611341660
2088765309
1128855854
784963555
235905031
1266288430
572737166
1848953290
1830928600
1638416307
1942260069
691208525
1135327807
1873836621
417309622
1503874490
372658902
2027086755
1663276268
1011218107
238476142
1843737784
795665001
1739729371
1289790277
1784428211
1901611015
1077675349
1024421145
273650255
185317065
351898991
1545706696
1597035860
1201839472
1689272520
1070876158
520466263
2063056577
1312916587
1134607709
731941830
169665785
1049297334
1094673709
1981842567
1601685852
1963357346
50156785
1475383947
1617772990
1633082798
1056148042
173867964
384918156
907336247
70854790
1410630544
86761749
393302855
99363769
1421149658
2030337317
1085542187
917796966
186324745
1193894898
1943999352
2043166877
7724449
1700326683
1734563000
2140140803
1502503382
1069868470
1737790419
1242651091
576001750
204592094
1438160176
1563728864
182947075
1945287570
1271464132
1796374168
790643305
1055873174
1339877697
192983732
1085339694
1668669383
1638779756
103177086
534211490
781888324
251194039
286999343
946687385
1427048983
861039372
1567728034
1466063896
2090630453
135702832
1694655380
1725148365
1412545010
2002461419
2073031710
725071660
48176072
999134211
661513977
537682982
1130466854
481977682
785314231
576954724
1406830650
1790938937
1972800224
1725895420
490362941
912598349
1209261664
1481007851
1467463459
1254444862
1113540352
1429030775
949995112
502152357
350671417
965245644
1957122636
1856913668
1145565970
1731134804
757348083
511240391
1851456522
702753027
1044886746
1076447616
2103756732
510200295
1481275822
1906261922
2053620232
716103747
1617551377
838151810
1969063219
38336536
1260007387
1838117824
1431441356
468686567
1924122237
1659216063
1648480119
1406320879
710954079
1801460559
1281707281
1943929413
274834889
1557703066
1411389529
1947346197
962735602
1912749417
239029694
898778853
1907783762
452902216
451983352
1811940955
1840097515
1742347544
995297475
1419988547
1053485944
1097974498
1364732348
1535803123
1168732058
21807892
980330466
1901032827
382801615
1399275004
1214481427
1358268523
1109970195
116966945
1358616127
934364257
1806636453
1257192464
234085360
718696738
556585374
708386491
1266562940
818862369
655509645
1151785265
1379023573
181283586
1875157599
1578111838
401821760
1679297898
1257723246
1505137482
296289621
966067470
2120282768
1830949618
618126909
1979004182
1937173421
1650948215
321783522
2107496323
1299889821
608557338
2004101059
2018053356
1809342566
1772937164
1043703021
60906678
698146955
456952861
1293563419
1225397751
348724880
641598305
1502360206
355418852
1070455165
1090576167
733661546
2138704134
1784087852
153341965
1283926618
1271378327
2060813518
1457610885
696932468
1101063463
1943654654
1117103363
1193208326
1222507344
555947078
2031762249
996229130
1360228680
1452550792
171758994
1499361888
1445257002
1987836890
557074373
2116510918
557198138
1218954270
840557784
939721671
1062987287
1533195582
213203932
394410161
488840650
1569525054
1990428663
1393870139
1598221325
1161550747
166219285
143658323
1035099141
945841109
1395823951
106626759
440349771
1844790408
1989399123
1563876709
420570269
772837567
1707721270
686870107
288755997
1451624612
86147809
260924018
496134360
893763505
1699765190
1103698122
80104409
898490690
1794615229
1935276085
283513061
1815029582
1920763102
1720390414
2064655559
1560081450
266530712
1063930893
5448652
1701708165
1410315823
788737466
1564048614
138636590
1391336017
414371349
1806320652
1727680361
1470570401
596802318
1877270242
513051148
1073112569
1579183094
1494019853
470335344
2110202200
256948262
1085589080
1696945120
110574675
312229200
1583249936
504070671
2111540600
2064481665
129154864
668138268
1766458138
479498721
1741375385
2114017632
664920110
1516287186
446713282
337414145
763978337
445860284
1346279062
1216652837
1029211027
1345347097
1061974014
188672360
653081751
1479542405
1492381871
1905038857
1162866334
126404735
617410074
262484488
1220580561
548412900
1929076569
1372793881
956153954
814839899
1965760362
614147539
1701008356
2107744232
1905747084
661771727
1970362354
755689197
880522289
1752281809
804502835
481729647
208255037
1806059461
945246650
983346481
127749725
2002713161
530319649
614809053
739913818
1690639812
877009000
1150249370
1236337346
155103739
136410817
604877453
1703674490
1943296362
1167149109
988811140
552443051
1319247664
1074264550
9063952
1032427304
912328189
1630641578
684227291
1047498439
1183076879
892633578
1267559153
1627011207
799633339
735249166
1319890447
934533736
1582774100
1950736607
2134759512
887851055
1240281180
233210524
1821810969
1875759153
282230039
1781452303
1803630696
1997343108
614470320
1592769291
1437972567
800859852
1160909783
409467104
1652125240
1593332220
30784780
218377146
812897500
1511168636
1907955928
541897264
1033318492
877945500
1491613826
9360132
2087804343
283876175
1512772707
723319086
1778061907
1247318830
602919994
1250369382
168669436
182254673
1769021063
1537646390
1805966989
866011455
1957495056
1910019329
1231129717
906329949
1923724498
130480548
813917498
1180717923
213466093
992297454
1109694558
1083409094
1542836650
1464467955
644510327
33711868
1531212155
1332094731
1346231483
283251237
93941244
941755420
1357806627
2006621764
1785707339
1726058984
1385378320
124592733
1296554836
1036531880
946171630
1366295432
441654769
1383618512
1470123665
1706370849
1534633672
499154095
1993852583
910402833
1036991199
1209645141
1125203605
1133384504
754372887
1382470707
971924842
680732523
971094517
1501679874
940712223
1790761348
1972446219
1347104893
964857376
639922695
973984673
436801916
1260263735
56377856
1660385089
2107440633
1465570608
92768345
1839306321
1873424097
12121706
929289601
1149771433
1636794351
1565500118
967128966
808400728
1621578915
1096948604
1156678496
1271073916
1273505469
1160922688
942060014
425991591
112482776
909226122
1715649860
787249411
178776361
605562679
1255635335
152397595
644968912
1475813610
1334791271
1911748382
1135829544
1756301086
1110992739
1860955155
1611442198
1440131217
2062730943
471798476
1106756786
543376164
719974876
331797558
76295486
2028345089
327150566
1182389042
2137263576
478110200
405697963
359953239
1735662623
640968238
320557327
21209712
1868378493
429678599
1390536335
204710381
2009181254
1281680992
56570072
793213654
432252318
2104410291
1681470184
441698358
690010338
942662715
51785501
1235329681
2064845178
1496233950
1955599656
1796665950
969682829
1498118465
1035247953
1709610664
190960594
4928752
1819868364
671614593
78279285
1596308643
757190382
1645431404
738256758
1055811517
1416845917
549528999
591188880
1118821181
1873592132
312226098
629373599
1025325361
1375633480
949191438
1858435543
1843869164
1098699182
417385097
1096151111
507666740
430499922
660407261
1374752135
1565607221
707906811
1682557601
540825299
254267281
459634570
97061166
1196109758
647421354
669755719
1281005281
1910691408
1862855660
1274183772
1124255714
489869247
23712291
1282976753
775069339
1862925503
428064105
1069302390
1790329232
1094693593
806631665
2045645528
1130573634
476551218
658571280
1270556145
1225755183
1195397105
1836214465
1763652492
2143490482
1704744312
2069796986
576407868
1452835448
1305316014
1215496895
840647889
1216755215
1507068859
1997425801
1126247347
1476431982
1397325438
1298747457
1076456439
1069862293
1858485369
804441920
1136494294
806474191
1575810251
669535128
1420035669
664160521
2043304848
345084573
1106896111
1925695695
1014624406
1075298599
1490810850
1614981160
388671795
1433952648
322345160
154978229
1144403690
470384475
1663638125
789298423
1027976410
61591192
1179420120
1064069931
923589679
1337162667
1886837987
1296801518
1148207735
571983207
1528130377
1961849659
1055684102
2133669479
219439359
3588797
503941093
1247271497
1294359172
85288270
1673313516
712281198
254302137
1963025065
443438536
803857119
113728889
616258891
1774972997
256496476
673113175
459760081
1909640541
396116529
1098401486
1112680668
1280609406
1735185771
1885560185
1223470762
209216366
613141250
2084953919
1911646549
512079494
1257485067
1270361994
1954456412
1862445162
1881616809
1045782363
2110088856
1276250167
870759496
1054787486
688977740
555796836
1902328820
12749533
1323567169
671835032
1729657060
1397622723
1284200390
689609740
465077904
531945018
521248999
1834313303
944137034
1900216329
1999252265
2115405718
124382631
1576133170
366482116
1028254251
735748055
98327979
1823969708
553640967
751578164
2117618718
1438130330
2093540904
739611274
1347693874
1438219008
1004661423
612838377
136249422
1728470079
2030249558
34912745
1332344456
1362168393
1224134118
2065764113
488265919
1619705466
1389247254
2143987534
311488201
331975375
1374055140
545107638
457405136
1809548429
982447529
825050146
539911303
169790707
2012919643
1600701995
1858958090
211393584
1146051406
857261782
1199443731
1314621061
1247934805
2045008631
1841260851
169548255
456316629
42144419
1793366074
766624334
1259683851
99233965
753063116
24241885
1721012307
1987944076
524672071
1747931413
1121233416
727353766
996680199
1898143520
1360270599
1210733622
1150302684
272865183
1452983641
756223883
1136720144
1163153072
468759274
1921712393
1369685249
1012459934
231996019
60550109
1124954828
495344219
161406050
433729078
261272289
742424994
1967613141
2001977258
673874269
1240316448
1513077541
1232141487
1612134692
169363986
1398751203
1327893376
857499298
1483171374
1692333633
1976661976
2034415215
393566219
1059516126
1476816221
801199025
111275020
45694797
985470900
447379381
443480194
1606784000
2051148474
1119121189
968038812
336969587
416291856
2033099323
1864249037
1061518989
258504825
1318658830
1256324951
302399011
774726422
1067125266
1235933561
288080609
483388354
1420422807
1319445351
15258833
758354941
536855766
1087604784
944953598
1744438140
1281925798
947047991
2121324797
1041822787
1693459250
1833908827
1880980752
980957568
1743768837
707328531
1350291358
517340405
1710405996
1368241936
1351940439
244927561
1424089702
453541599
309970769
512105502
1419663592
1949014967
1314128302
908216997
382795015
1362766469
1024699255
941059392
290319459
17259742
1718975018
605852858
325971062
885715621
534986365
1880803349
1761206529
1931647664
230805276
2025245821
737117620
29694117
287562860
981543718
115082886
838396109
2082387179
1289171476
1743593223
432444219
1828545992
392238841
139848830
1320108549
1803184066
1586617197
485231372
1273824425
963118996
224262447
2098814424
1841052382
2076542306
347631555
598636861
407009308
2098629359
1619009818
1008741589
348874033
1802401834
1909443945
25652031
1082051321
1263276416
1956318971
173585236
446893768
1098940706
1483707167
1854263048
259557987
1858973054
2024305422
245151782
1700208080
310490330
378756238
694818863
331516372
44767644
933698398
178727664
366849385
1674918798
696825780
2146423236
300154044
724976978
2120844409
476097938
657680594
513416170
1185948487
2104288538
927809868
938815881
1688794411
638817970
808424074
1494216210
1039901865
1925080156
205502087
556331267
1098357002
1432238168
1953881131
894471521
1795957782
267664264
1688123235
731021403
1582016592
889725753
1756125122
1266804486
1941878441
185124165
104190874
2087610224
1668232483
1330133141
1321800621
2107008561
1321659674
1581401067
1293744214
368384494
2093806398
1881977087
1378742026
1051063549
1159278660
765985460
652876653
894966373
519086132
967785653
1587432320
1603727246
2094842117
1855427427
1671906055
358573846
1286538920
378472315
1957974011
1387908324
1472091083
366041339
342038848
346598590
703127277
1549571835
68765503
1562090107
828617181
1403652155
965427006
1330396606
276956133
1233421671
303192143
1963130249
1707855182
896314184
1151617022
637098923
1891104427
1148378636
329497398
1562379401
2060642351
644756222
397830804
988073610
1439330905
561543300
1853889400
2134136653
1799921976
1519824795
1309549244
1284163332
1660197659
7473658
1791658044
443224890
2051324608
506690631
708100319
1388065657
1114769558
1288188653
1834695215
1181442743
468143753
1798999858
74898188
1276242895
351048350
138666702
954995944
325995950
1415769615
1601626060
1315001478
1957071409
277544558
882060221
1383936519
69542716
1714990916
38474787
1829632214
547537398
358756719
365321348
455349863
196162042
1660282927
1450769482
1088678250
1445550486
1538275454
952585101
409951357
1389690835
550931986
74099456
80941575
2086909889
251973941
1210242931
1156821684
864829146
1916053073
2000736918
1285960040
712184754
1227060757
1746786612
1440189986
469341255
649667075
428704855
428592115
1225429428
1651732435
1136067147
490556716
229397922
1334379471
1462518311
1848406313
46707728
1529505124
1861403081
981230776
133078979
120297804
1518125099
1417395868
2116953110
1466568830
2019797664
1583575055
435221578
680599355
1607009629
1230097673
74819649
135173776
1489445879
831011449
605214796
1222561750
1968297429
1688865894
1147336109
1282111499
1083790953
468587138
1865443106
783024000
301777161
1405054831
894160884
1868082144
597675705
1141516078
136869245
848739169
932632328
364892406
66870294
689405302
783999387
2036344884
396079287
589915138
1572691919
1102181885
1796273759
518825241
453839027
1923804967
1757456420
66817895
1117478935
383901100
247469449
1544692140
2043359896
1423619890
1655866612
1044014047
1651957554
1848917586
2129487070
737848327
663228261
1560764348
1213927393
224191869
1568699616
9292367
644938143
46339992
841746078
980812830
467965222
1808785681
1598510313
157416927
519881101
174314707
1057906620
503182068
1058191381
679302420
724874261
1940926899
291789155
2005286097
1586039806
1355709218
2080577464
1969671190
1827394143
302965432
1155123687
601032858
111487345
1923171694
159363094
240732329
549441340
481872650
1737635656
1759323628
810682722
1491749730
368106434
1062483806
881743599
952493648
1061821397
549280422
1444953173
1508717273
652823736
1093593962
1470865035
1518381880
607355585
1935947884
67466315
782203219
1652981864
912607529
1606285175
1711135162
433912007
1730275363
1447177882
1839509365
1466309924
2122667695
1576650126
10667937
1679076648
353013023
592245404
739302217
1191339405
1544252628
12481452
1652732018
1828433261
1951524166
882204450
1097554408
220067185
866541138
230366702
1668802575
636589685
1222676349
572996556
853250401
317793263
1843946750
799528163
1257045793
223867766
451156139
703621074
1363704663
488365314
963983652
1482812672
1981594731
946645490
1829709926
290627957
1703828673
652767981
690785397
1783931412
1421139719
2035504384
2000374899
1590565805
234485426
1128889845
1962528363
143245370
1995903097
169868821
1553382244
2127988264
194701056
1588604943
221392942
2103461286
790325379
1927839763
1744706621
698537599
1700879509
367957305
1718398052
400804106
1417510688
1770387582
1106521783
59737584
23712309
1081768764
376811504
1826124230
1662042676
853800177
1516754007
1802328172
1910889714
1617011450
204269207
167586013
1099345145
133853370
1896938648
627084764
866207703
1822987323
1598261237
1180232844
367771471
1695195419
734872945
500720240
1994936580
1684924886
217498784
1773749907
1452568976
2038436453
419316952
262893435
146231163
1442030492
165269262
220725798
343807270
1430432861
833644746
1374404321
875392346
1554237331
304536183
480087700
1372908175
204844210
985119098
136433210
2016076721
402484606
1009392097
2050990479
2112724112
1309713246
846519725
993857141
1154827301
1283657002
901819318
2068351313
577363107
185521167
2130514576
1790733275
472554565
804453384
677426567
1369418183
1991825043
969904638
1407430137
943036333
1381823435
1550770966
549109504
552544438
102652872
1387122267
665504404
938417220
138649011
996708206
1074263649
193272657
1126698131
738177332
1428220091
1815129936
260488731
1686671228
740535259
1199591087
1621810006
1530216022
1503902492
1194498756
312898157
1941408284
458243846
1776900672
429058777
616490701
1809972102
189076623
1699002661
362056881
1952736905
742016748
667861621
221216093
1456944061
963369419
717501589
363543102
518577200
1552768201
380509356
1813491608
2137001058
1861351372
641322928
1272588566
1667393220
78153278
1373540655
493442568
379295326
1471193220
906022580
385329875
1720910102
929494873
593853816
771476579
1627394452
558458902
2053197461
1983760951
1969585236
1035046237
1243683039
1535743337
150785312
351095242
1318464377
711123989
497529245
387931604
1846720860
1196908505
1140584726
13634803
1023025275
726943455
1123044680
1096852533
788228243
1231223888
910207555
1099743210
1424397663
1903883144
1098428110
791844269
1357364628
1999477661
209767951
293276497
2121775475
1915814765
1353333538
2081592956
1976285283
1401167809
51933413
986114553
2092629374
1661294294
1936981760
993973273
509514937
768360369
1998241872
1674778437
1218309951
986013725
364160757
1972943176
92960644
419837269
233806620
920460227
1870707387
936920059
2048197735
671030931
119901868
741191510
798207133
112652186
843462675
1644112790
1730953743
251735593
240811306
1214687800
1799664956
1241386444
2050611858
724923048
1086519794
146401345
769482807
1775426058
209298603
816232784
2053827386
1279779681
108089824
2022739019
1143573433
1113705982
772151897
161718802
1116929923
482433015
17217117
1277029919
804054416
810158577
1622110238
161301671
473118532
1658249853
214995383
1991269661
1131430680
1747336067
1386169221
528741342
753151200
2056247402
854170948
1573716734
1169526343
590497270
738030985
176951453
249388599
1415268987
785909615
471760223
1979881158
1622846082
181158703
89867084
1515325111
1574112418
1618928490
1042917623
1163146671
942716212
564895929
1330583150
2083348046
1249832342
1280558002
423519326
2102811534
211973945
1066467888
980776664
1363015594
1732738984
1685050707
1438078320
710243087
1717198876
117978943
1545115769
1725043097
1022943529
1283768504
154348215
957789882
942149648
492045717
2057844440
797843233
502150501
1357982513
1289421621
1525533638
1081487712
735524747
1272583275
156857457
1717848605
1065296912
189964967
2049738619
1548603897
2083384045
380572563
1590442902
1696256773
451965888
685671139
795656619
2067124908
1180128749
1308267212
653118677
237580271
1306804614
1088693711
52366583
1486979828
713016706
1146973975
1347937392
1996181064
987148213
1970933648
1361219535
384824655
1969323205
334990945
315769814
1541079990
202979349
208983654
1920993374
510343657
1678915438
834715321
898058967
1971975879
1617742456
1920197088
463880128
2067426353
795882591
1186714721
697412249
954133208
1962138071
1242579685
252103314
1301582858
214876880
251565988
1209655684
1447770758
2030591627
571882008
2062810141
723815646
486256949
825681712
263743237
1228907427
1145509259
1218822600
421295614
70386579
735763976
1668262693
1750162401
117254091
1894654114
66395438
1597420748
1911346569
389413106
1961298605
1101124382
1299712883
1922606681
1921050223
1208978534
1239996757
1306549515
971235234
372841513
1814629044
1345387375
655629070
1316923075
472713810
1003091689
1104901868
1489726839
423760012
315148304
1073392713
368507056
854563949
1009019436
993505980
506454387
1183845097
1215234672
861532134
2088126269
1594703953
872890378
432397332
655962300
803701597
1452682634
1411726009
1041463031
1231194247
1829736094
259803336
158545996
1418655126
256382064
1820735371
863918759
110532656
1923775164
1051405628
1486490083
739060253
752507103
888972888
181017333
806911248
473441343
1888908690
1515041165
1533519195
1476143579
301873549
1104784061
1873802756
319538382
1505423555
1448984429
1333270623
1715049075
1302916684
612916684
11596216
1827684912
149789908
1878151757
403466062
1478468322
530146593
1332998220
489055694
727611620
1718286023
1647595697
242548810
158598027
698087074
814478078
1299012645
634986685
1423661028
1721431748
646393923
1380353627
1082530804
1957960521
681538088
1087464453
198366840
630842322
203712375
763000828
1265743734
1322754848
1507212248
166702674
1763719816
162988617
1039957163
684949817
1798587493
386285921
888893907
2110000047
1437973385
1503880687
886421207
1536361113
250238829
527831093
825931736
1770285338
92408478
1424662020
448421419
1879100377
1035421967
1152161995
607759491
508894163
253221086
329377870
1556417673
1461576692
695625915
1054687677
466340339
1764272799
620980435
749487593
1552553217
1962029880
733934544
514131771
240006665
937410456
724971863
1970802115
1762462818
301229481
2001993573
376275437
10614862
27640997
202983678
1927405833
569031069
1944716548
616749381
558998128
886367085
1195327793
152045665
533926672
456383936
64445623
909025289
1359820036
578774138
425910543
605589612
1985013580
819967990
1523953369
201513411
1098907886
1378154428
1389730174
16762806
337982791
884125746
1279479028
385350111
1139951050
283740131
1517829154
879331622
118418770
1629279714
640627299
1952098921
244168655
21975101
801759053
411885047
715580777
1327086584
488861127
1190067631
1187068059
720730640
691284298
1439784072
1381137974
220454249
343604224
536093746
421288322
1509678398
1605518242
1499648795
1223522606
1270755640
441452101
1567355875
196528789
430478114
1902804943
516091512
1688553561
1917519347
891959344
1326558596
760444462
776887088
1847170810
1182886503
1027205327
681642749
229771632
672100279
1965445005
2095244199
109734759
2034453062
760906220
65916857
194951750
1104984082
817726209
1893355796
1614224009
317639653
323408169
1908674677
1126745613
1765847150
108683405
1873635980
2085939915
346852113
1744952675
954770537
2069085181
1256214428
1312824381
387073608
974385167
1023280570
1798230572
2118778067
192935243
111061557
1109045376
1016357188
1137944450
171786371
899142770
1087260092
1048598046
480577223
61979157
175571550
1753191574
1461308257
1212563874
794961984
420521164
2145726022
245878353
898484025
1578357871
1913904204
1040152509
1214001950
1323276850
2044243732
1072489151
2033825977
1471066416
1324152732
71516358
1977148961
1653642768
238315658
1078630408
2027425860
1198098021
1772527258
457077627
513082808
1828233429
977127055
341663763
914241350
1565346665
197418953
543919548
1021863022
1378155121
1723092809
897144815
996737883
373415406
983576339
1046146486
650566005
991055970
813209730
818688755
2086093119
80805393
1104841016
1599139097
1896069478
881099023
699682590
339390472
1487246772
1957393467
1155017750
1151974137
1374333415
551908005
282588889
905253260
1168749306
745599806
584232041
2011383358
1377920255
945692052
1354752658
376071761
1503385729
2059069273
1806177856
131311614
225653482
1596727944
663800548
887917295
187874090
1208595275
815192543
1466421406
238349479
1275807304
253087908
1569666896
695371727
368398999
1136286166
2143505275
117806325
1946383302
882124032
1780813312
1846507646
1879777061
1643017590
977211077
32607005
488669660
881346835
1571997664
2099798982
1784107572
364779015
1678097520
1567558090
1585048450
1353349899
1575240528
972699466
917138909
1402668196
337456771
540541074
1486930293
2017139457
93436269
1389974335
351983648
1079511839
984796619
841999874
891569774
331581796
1924076108
464359159
135566561
373555933
995271616
518746671
876044374
2070773735
1298080201
429212716
1926594551
748258979
1927105573
319467442
12698460
1511986336
94138829
991376350
155405036
808074037
1961168963
1201131742
1985246809
992094176
496523340
882104186
462326611
320620740
1733140497
1758199515
1073838739
2139076202
743735253
963259695
657943358
1904323337
2077120709
455987181
871037834
447606349
880200132
1591690133
857441729
1124856947
1564233189
1803003421
313103984
591828595
1382097715
1150347682
380943026
909516946
1145299463
1761839838
716253019
515906507
1937089276
791112803
714225293
2133742469
1054846430
1466149724
871970591
112968720
1682031177
953108744
1387325461
1033228955
875934775
2122469790
85200332
1799274126
754359214
352192432
558361810
679904321
1562996398
1934664740
1584492810
274218656
565437066
1362355099
904119100
1892180799
1408698421
677322013
446304283
2115686019
1201646151
472791338
1053768218
1888514858
1727749247
1786633110
850458118
512400288
1581574659
540238505
1697015228
1376137368
682999576
1151905679
1033693900
85224817
1279087585
769699646
14281856
1126850019
1484197768
2051753479
473948317
180541071
1208060465
620421138
1804605240
1062316278
960091517
1138226429
1065366571
29611275
1991301299
943900874
11091403
389039204
739813384
907640381
1208426652
1326024383
1898348561
1599047942
453646269
2085981891
2004627017
238882873
1353671598
249459854
1379667154
1738200670
1219966708
1659109997
232487900
441860909
942221168
1397691949
197909704
325951686
1484606761
1129772898
1304079906
2136620368
1104106980
203256758
569046185
299620875
1961043923
394116779
562851391
781954221
350528215
1981009775
936551613
1317131520
1424351528
1568905474
801388083
1496086998
637198716
207763554
1969322981
2060785276
50570201
2099875027
833279990
286939061
101693134
1919829938
2118445661
137186146
1948331366
1859116498
679881063
2100190671
1963666661
876117174
372966393
626141999
583770327
1368730413
856270407
82814752
323534196
867589778
1073604592
907467842
103442856
894442823
650355450
5419298
1287806573
907865476
1258307798
1000389353
563575325
2057399777
596577601
1890757645
115136341
852466294
1570714809
896247939
424736783
1200872792
2054176730
633757163
971388175
598553843
403421489
679604998
228170642
286968401
45687481
1709246190
374813845
378373924
1037122948
2126849225
1748419287
1438082737
1471908740
2141290519
1156133749
363626253
1453694795
723859151
827470597
15531026
1208523952
673672350
1629568584
88012759
2112566470
1918608695
1071837878
1943415577
1449848683
2008714147
2062795960
28660113
905660970
272150420
1350768084
767854855
103427734
1061654676
984303029
782859484
1402269541
1501382825
997802553
600151208
852612019
974192676
1280974759
963150513
937543157
949356027
1454066727
189576614
1252006544
1177955323
1963765635
1702913750
1562166029
1462159900
806374857
1557325241
102700426
70797057
2142962950
202538192
1049830193
516611385
83132377
387251915
927990559
1130707682
294322417
709744511
526116165
456056620
1117419146
1148341020
1494785625
152436678
408432123
574217159
873067858
1072840147
1131948940
418411667
1192352521
67042506
396532235
1946639241
787952366
560126743
1220958537
506713940
619826112
2122751754
1405396382
1551221435
1978522090
659543023
1358183029
211070256
1035273501
159308851
