213207106
895758702
1069546752
1287304142
1487122039
419046296
456764715
1707481398
2098515645
97890144
505951316
264534907
1493441631
1405810686
711065858
604941480
1765931050
842545251
825942860
1673288022
352898748
1561666439
992637162
1864437763
1127135861
537724693
578262486
404027888
60695498
626719667
345461097
409504269
1104288967
1370935772
1178588624
256937192
67858020
47394763
88598567
744135040
123331376
791615884
1107500086
2001535226
132440696
1735916580
694333689
246793683
1580912407
1302238193
1244801740
469323419
1029912816
520514080
1733952033
1559900456
902096874
1398015136
1258998658
836565299
2125108913
518135107
447081883
1283732511
1864823212
1086486359
1819027953
732397230
1587327110
690916889
317944363
849990268
1244527399
1315584030
1279290578
900543140
1436952573
174802855
1919709917
1989417172
1704654564
1015694694
907752180
1293056189
253441621
509800333
361124521
740899593
981169066
781690817
676832109
131238325
23300904
1799155126
1994872492
617064771
1463248779
859907667
37464325
1975982098
2134033879
369203592
1427410743
128920828
86919035
100419945
90231864
774513579
1781100493
1033495989
1118171170
921256415
972558840
663108861
216851218
1120549117
270559087
378807137
865688687
78393325
453355956
1511946402
427974907
101587764
1919323133
1759542869
814390366
829142196
2101513773
1898588781
1033591750
828140991
1081058664
561679918
1658775360
1040802000
501813551
1534429957
943136433
276538021
663189914
144910637
1101266620
446003600
1209785184
720973034
2028408264
821558768
2068589150
872382665
514680856
102555489
134409330
1015135564
779861703
764263657
756264430
1391874352
557972625
1667793204
221995999
1951915163
509095076
807761283
1792294475
826196918
1487917758
1965063271
683093812
1291459167
672554563
149163893
1306374111
518168136
670884710
1401048288
484142194
1044629372
1602844860
1932929238
2106464366
1555014627
1040349013
110743074
279893795
680945417
813571630
1858974688
998344706
782197331
1202344861
2046637764
21152354
609970551
2071381933
87238749
340303218
1674849760
682346595
1200942519
203550409
1778636478
257496721
2053970849
1997965360
977845984
1120065792
1570630795
898155251
245037265
1899843309
840832364
696057288
1150177218
919723326
1098865603
234042880
2059947337
1714061373
297770300
658119765
760409169
442128144
303311130
1491743686
390090703
1350172927
288065528
1358586787
1474755362
307235552
477151928
1970761971
949277662
539588197
571372346
1190559032
578171042
289213690
857170858
542972329
576904421
1939651424
887740675
1893813475
1671570846
1755845384
1154462800
141248452
598066895
1143888866
373336054
1733795505
1362996775
593274215
934879020
1426661622
894532364
791544846
849535007
1323089815
1917124457
1102939448
1809094844
141823870
1032417407
55121546
1694949796
739198232
1712903359
100836552
97808096
1544427333
1803422148
375430442
1656013916
1186324238
80510067
958202584
2093408480
1771861336
1755500311
877755859
9771366
1230437499
2123494831
1880269456
1497509157
841339717
645856470
1119532086
1756758500
890890176
523488866
948830429
1553982494
235068465
1668563887
1892787184
360313549
1217760337
79969824
1188126579
1253086113
525618696
1517832511
1345418987
1670709600
2089661048
374437023
335493406
580914454
1663917482
2145800275
428699126
1336357517
1209549176
424878445
298119318
1471724798
783545116
1769658047
30105372
1075754968
1507175900
1811318816
446791985
930130561
1514542689
1085914779
1501470778
879037305
1165886967
1583170123
1574492147
289121484
188101175
1850615441
1062573526
1415045418
982015214
1204915074
1963090310
240884555
653202017
1679142446
1181049971
1775044198
1814669817
1245078534
2120672606
1623231999
1291741595
983090274
1198111978
1839773514
607768726
404969564
519980335
587753468
1503421953
1024793182
1674078907
1084341535
2033177937
808745192
1566972977
2056189704
657210435
981350451
1626801269
250267913
437157589
564490186
248929617
1970378425
700755567
310332994
190456067
740566047
2144841402
1544090099
228473883
871595822
1713460239
1285666375
955778464
1536751310
570481680
1762971613
1268504072
2027644352
777318679
104521064
1078148279
1835156676
226524138
1337136747
2003339518
129143177
285060838
1056176044
959094616
1725436735
764488391
91429244
2031902855
1902576619
539197807
2118667189
28914041
1745881016
315508045
2025015956
537800038
1167312325
297611231
464431881
145341077
859798663
1616936931
1614042649
1591679655
1413081224
1750828662
467848514
1374190050
1040386393
1520356124
1857742456
1826846038
526647659
1985863603
1190978360
2122876028
1926698122
1466721668
373343257
1699714242
1849556607
1958613459
1201967045
70521800
834714256
1407411913
1854642963
1159501223
323458196
1192873869
736550046
1068339570
961372105
1301653061
323819865
1175703070
1110650129
349364955
1004160327
333676409
1452225820
1888298953
2066805659
146583550
1012148371
183492920
2127248388
1620496823
2039278683
1424936824
1135046510
1423797992
922832930
590700957
1045025262
1707799694
391278101
1370171954
2022681397
795686543
1829433769
444865711
215286584
462048507
599274614
1548796544
446940569
1943328855
1258086852
1126877104
842044121
19836267
959746706
993226792
1088802152
1139137016
1089178667
1838136242
584925461
990387168
1472878583
636701771
1948113179
214289498
249930048
1659194325
337772851
543404137
1888638007
420950918
543038530
873986121
1733175640
758854958
1764371252
792229216
2117486585
1495754717
714464518
2125656352
1419375154
2073473772
1802453222
861300085
1763936037
1505587276
1775913207
361342506
1639241230
2025098166
1967957730
1897322085
1894944012
166953812
1778605955
1894240868
1789773063
524409838
1711248358
1996508513
526008541
1981683683
1026959539
1132457831
1974362021
893000583
315309595
1519223192
1487050145
562221019
1215948571
775463670
266006203
182029418
1421375032
339975597
2026145729
2076722148
1889512055
1717972653
411261231
202505161
1234033928
427174456
2090176937
684322569
1950625108
2115899149
1780602902
5903482
1152786504
1497849454
1002052781
1361525931
493101327
1915430184
579651502
1316183776
146367395
914802188
1253112424
1301860748
486199704
982337192
10226160
1424645348
722129660
172393838
243635446
1662261406
934165925
1470947923
397623459
2067439746
919584771
1428214752
346447261
561935064
1040684446
928769805
202090575
1946432049
721367317
247738978
1663272253
434297504
1320174929
803269903
864657574
269760124
329589248
360855827
971102697
982259341
1029425005
441313291
53888398
1187169133
775458477
24764361
1274761442
301993587
97571353
23750779
326613412
1411940950
1926613542
1077416607
333112512
960804502
1766221553
1561042184
1746763128
867904800
1251656457
1805360017
291566644
569693528
251822522
2071138769
35667691
131309534
1536083079
1412703636
1006113941
531790443
1231447922
886393432
368150904
1815657653
936687140
722908409
1706991321
1143238949
896063716
1477890583
1314550932
978632155
1277106598
1070027005
1289618596
1562449460
1679818825
1409216779
1644966159
1508652181
264261150
725057869
1719424195
909358520
1550228072
1943914376
1665151181
1514435307
1335204645
962011746
149384614
218308883
695717723
347718463
1913553066
252764304
236105886
1620817309
1076700553
85064008
78047509
2110436082
1262371927
2146458072
2044717783
422437258
893869990
923669112
1008130332
1272598913
606739903
361914113
977207477
1844412698
1071795138
1972334529
1962231618
10843408
1697913584
1888057010
1446325216
560858024
1059832169
30695442
792877101
835205131
2096333494
1799165900
1583805219
2111984327
658966291
738320521
1281553750
1925981809
1084997097
1646915674
223958774
1781950057
1034441814
1863749187
1486013087
1253292134
1446413606
2105240553
296964883
1662209225
2073851848
948329363
323485189
209970529
631859566
559802920
1762689016
1532381725
1959555236
1312226069
2126844319
456791037
1318277966
1261169179
1963429092
972927604
590407511
1345353319
17117183
1955011647
220865463
1822761215
1683673770
1347893798
230505001
497224005
1943803372
221753684
490075051
774724800
1257607194
1270368859
271520876
1066269212
790399020
459399721
2136177059
18329777
850639912
296979460
1992237888
968000730
35818666
1671515282
2093074870
1977826155
137989438
2056806410
2119172665
1701870284
1833022281
1508801020
333588290
94703610
973429288
398677146
288074492
1161140154
278074575
1639136407
549094237
683858945
2027638427
1296356681
1076894352
68991518
1519328688
2012160952
1543932513
591403604
2091386791
507270223
760786248
670460592
1088960793
2024087823
1410750159
656864217
392012320
1237692907
682934918
373997554
1857757610
1713218669
69594315
1668255941
1993891890
1250766208
1510927583
910373966
1071431871
1840141298
1552136999
1369050178
2123296539
1136217402
1752545555
159389655
1182175762
505892266
295668503
1238742483
1399134555
1362370076
265294850
344510079
1157602573
507754859
380274970
1734257781
204990250
1846609582
373260763
1868760989
1480606148
1737556307
48903831
1841458130
1176609085
2037195999
2007854525
1581967880
118036585
569615000
157768781
1893747233
2050186133
564165771
2101268999
461591984
1559047798
1380659981
2103385769
479518977
1000137417
1386466967
734628469
1086476367
1915439782
485381921
1946394188
1457590016
506438998
1729017552
306870427
1410886115
1732103435
1748673625
178667259
910462855
7543048
28491253
834400528
37180912
69987017
1929529367
1089299858
932691274
1137087149
581399863
227545191
1177607706
723632620
14988363
1898194174
2066806356
1604765419
1022926783
99560080
1802681532
150070304
1637956703
683506567
1435841596
1194997208
2117111780
460321468
1495323287
605278165
1320171508
725630746
1727099840
870002622
719020938
65530266
672702673
1689435542
317890967
1614173198
333945181
967071864
1143775283
981829630
2012747820
1219323245
319820312
1572904408
41442673
1448700188
1029528300
1279015410
757396965
1873763340
792433590
899925983
1336331585
1693629647
1416888357
1739830256
1051223788
1176608388
333230105
885775431
1891192564
94762008
206877053
1793785722
261892457
2139195016
204148216
2124523126
870373853
284296992
1271990607
130241811
1641206757
1108147720
599851326
109834989
1751477996
1745767175
644943207
215494859
527423864
1985400766
211256508
195023122
103567056
583208406
543107091
2064415023
1680019752
418281363
288156019
1528597338
445290202
783887020
53511333
568846659
1317958421
632304183
242051430
1839619923
179902424
1006208931
990683262
1697105835
377843600
1083266853
227882899
668417610
1072383939
856334003
433931069
1797001912
362589938
1280412686
1006357923
2064951896
1177875461
712479209
882749998
1899338397
249510203
25396726
2020413151
1863417431
958989440
1545391087
1395936611
2088482145
106165077
1338317420
2131402799
1275545655
1644940986
20246657
194543707
1298112807
1520737923
1639343715
2123546574
873747760
2086733479
1693907799
1028437303
1776300269
177894559
909594925
1944675129
312425369
1622309240
1088346622
743604900
201625034
1901281279
53498656
1195897294
1271923052
2104613641
1370475326
326648632
1307838078
231955962
615490720
1733017037
1798567202
284224141
885347684
2046363477
1906913015
928917284
990342786
1140975443
1748835374
771472342
1022471760
747802251
1304762936
1769428315
1895490759
1711788207
407168274
1815007791
1809947937
1054859383
794761997
1318460314
1850050127
854081708
1073770912
772980611
1508056391
374982514
495865845
1158375190
758868135
22792334
1019724056
1930950258
11656684
1074629132
1153403623
281364967
474153339
659725691
306441317
1132719730
294708146
365201687
273358807
750188544
1365258220
1233421463
123673476
1178646146
114025426
1812368845
829132782
246017884
2145725024
220355152
26937728
565534447
1682539529
1828003619
795989792
14607579
767650840
501685626
1134665864
104946589
899155745
352543458
243588824
72444288
724403125
1053240446
1645159197
1364994470
502079800
2062616393
1501243929
620178449
2003955752
502252460
1489634276
1321695600
1176702787
251865125
745209954
82821571
49838192
1226941998
2074589090
1708368670
691256259
1746199921
1547104667
2003594658
1696146748
49942135
2096165263
427757979
1439018122
1985254720
1703101841
1186903098
1358007300
1325298993
369224799
1227297943
219117711
1849017757
726371721
1013103479
130921734
494539505
1641780837
1526552816
432563358
1496411550
1711157313
133568849
664063233
1344919413
1816502743
1470770674
2104884942
1047746505
1761636131
1709446858
1259933846
262177486
1860713182
722127877
1970074039
1507315571
1465548892
1370170074
443484858
809410319
1819800590
341994594
478210616
696912971
800451041
684964342
1341963713
1662155990
383634210
2134756630
1715909847
263828350
791188196
1181254519
176817879
1983313155
81371528
302189834
538857517
1204078606
1006874153
441836612
1057271149
626701027
905314212
321117452
921803390
614011511
839229242
1400630688
54918064
1348341814
663174870
749704914
982938375
1272958902
606287382
355214961
295309985
1835255009
1645983915
149469781
1755407740
87535054
1115768800
4941052
553882198
384024526
1743729707
736742652
1889111579
202680606
447377523
659013604
1187350899
2093029134
106120927
1799037830
1674046487
2129070373
1429957359
175804804
1822012907
1822390667
1776559449
1365430139
2061857151
1302482242
1987836066
1426525151
958395302
982321481
1242908379
1078496933
726677836
250520631
1195306189
1955258866
2064388789
1542124900
263360374
636959619
87569913
873892200
1695630098
1965257288
1513755162
823010758
1881359647
176019100
2017983280
1479470138
1228090447
879137043
938205816
1586857497
1370038042
200069032
473517307
624446146
666183675
165265402
614934744
1162424029
991423028
1259435594
726939163
1413360646
1781590294
1067726956
1351639615
2001805120
640920846
1373597161
518110161
378041613
728476436
1539999050
1253297540
2028075102
508100296
2046515230
208774137
689765935
1564541921
619757250
669644053
594568412
1584106458
1186606897
795522673
1338180634
1969793137
1788903442
38722346
435895201
1377581180
1601953651
1066355813
1778275893
974668481
555492188
766454139
1629249225
246513170
1602533166
1244525226
1580772221
116649965
344548643
1776672927
793492331
585240721
1475194446
1050779060
924348611
1434214994
1163989020
947508349
363638291
1828828092
525868120
827668936
704837668
1935334212
1671162392
92176207
1972185365
922010766
1598807929
1994038147
939351290
43908127
1703617639
724025932
476818496
1324111384
354716669
1690454966
1740097545
790169924
207181226
1856791174
1186856428
1310305239
1828374486
78162338
1670700511
1044493217
910387088
1331010831
522220807
1920953061
1787638721
1459061326
2114976383
1951820825
1770002789
256381614
1587069486
1335070414
538722245
1612586386
401826200
878184294
1383374180
909071045
2142378281
388360511
936303601
1546259009
216108137
931122236
862004186
304579269
20524750
1584926692
478360684
1761582703
514648317
715311495
1252142088
1490985654
1970199848
1754795807
2006090225
794705990
795633047
2110710550
1886923031
980405931
424688929
550254093
2141243716
1680803893
1330376233
1314545671
1436959714
976724444
1953572870
1632150525
141572175
1365450674
1517450125
1989791054
1699400969
434096283
243933646
1896967481
551536032
452119108
1586576328
1503304370
82320346
1493406688
718982988
1472545956
121173069
1119807867
1854560155
584363779
754123578
632735232
25655708
2128689296
927419722
666740248
350742067
1078387905
251098442
966747537
1515479273
970981861
255018271
524659919
1683585337
357325343
48505497
788609762
1924790955
1924051563
408952461
910289695
283017202
2038409557
820700982
1070283253
1755745882
604441290
1013794284
2041195296
1022762166
1578368590
721634067
2135447054
488458609
566508451
322086757
284463430
1221515373
575486892
1255452619
1562940905
2038446009
399610390
1238758068
432379408
938548065
1773176397
1220377866
1979656127
1447201856
408559854
857216504
921378258
1966172223
1813197745
2124165316
1116615001
561622228
1921499044
2040424783
728228841
2113445525
341284380
412086899
1549217974
2000462669
356462800
206726635
528669348
79468059
1344058306
1360581946
1636961648
1010935477
778929398
1893437964
138838561
1182097582
1753168017
986073046
477533165
1835481187
255720511
904183390
967065791
2014745996
403406441
2018939740
618654035
1568058249
1158543111
547200456
1497874639
326694127
1028209346
880522988
1557275151
1375862254
1536584333
1835930926
1739102221
988781195
173119220
198410485
1550673471
2109589240
759193304
944775393
1930343668
157199955
659162831
391648352
1216314576
1561942568
675884871
1541859458
217233177
1383714713
2088696333
1219870515
216374987
2033874717
192093301
1862651390
1906107403
490342390
1092402190
2072254316
1480773485
748641374
1863938414
441095592
1627852586
842739080
542473138
858306014
1556832368
1722981971
1989364799
976547466
1726178555
440300722
1604396105
1854416
1888696428
804337248
233632906
1930723291
1654496866
1704503489
857951248
1728727354
1926912916
1206179174
865345785
1481218281
2031035608
626921744
1821463577
723064408
949525088
1301729012
852423465
827248577
8013356
805448831
606504851
1622126174
1043052433
508569819
1027130959
102374288
429076612
202990895
2079278071
1653515841
1366453475
714169837
48529279
71325414
1809253141
1232345067
1541759095
1722814739
1967278692
429406692
1181489374
270278262
405645963
1150334310
1058320468
979298184
2098851384
446553049
1046820136
1718850506
138040933
1186724488
1039927142
862953570
396108425
1474577970
792434174
2072879235
923572047
1159498690
978185016
1299080293
19431646
1750479174
55839392
2102750649
774062396
837513766
631046117
148954422
1796192996
926110800
422705894
1769115314
1432574961
601434470
386592166
1099079089
902301092
159578241
259369543
1882225451
676503320
1871735142
605227650
647064598
1895993507
653954234
1418427173
1748089676
1190487410
1228104081
324625670
1104741328
223082478
274115096
418076840
390147066
13687637
987205304
1527612553
1082094715
519840885
1701295747
1262891838
1092077497
34449190
1184065568
2033056662
852865611
127520801
407693353
804527029
181765545
2029854670
1795304562
1566465041
1403951205
1791500379
1560607844
2001005382
2074517925
574358881
1606932245
1124034828
569752038
913118841
447244742
1612492811
789918353
517662464
48243006
671173093
1056351065
1044004945
1825170768
1905735879
671516946
1627865792
1450735301
1299328002
2051038740
1609010163
534205644
1646180629
758098219
480987229
416432983
1956834205
1321899209
1269151450
1612086795
168026436
467335847
780331067
308965296
2032726626
263411974
1159781492
1153726288
793368501
1796252593
496671182
1636927148
1025415320
957953267
349953068
325697616
925248913
1730450314
1463693349
650953400
793658052
672980004
494217452
1221527230
307424800
609111605
232288406
1363081759
31425036
77484796
1347218272
281002560
513253483
1390608606
943048214
815402179
1340009941
1071299455
1010828035
399137030
100847477
743867400
310557219
1018470471
2085891484
1077280346
1048816600
1015322608
2074428255
1647034705
7328034
1062646541
2131859558
1073977312
912446739
666851216
1273967185
1086091136
996396838
788030455
1016451523
5347631
1705796045
676393086
1419707918
2065434921
1465682780
1591238543
96625330
621981080
10933437
1706228199
1223460544
556132898
1647195131
1840627759
597301454
354838386
1355979248
1388498995
2093836686
2080375859
1587548456
1618996951
1158630064
1476614093
1352173439
1951033223
935644557
141952926
1907247154
99443576
787632277
1056392923
1648875546
1615293300
76502986
2037456950
399692891
1223082551
1770688329
849378159
1642053570
2060411757
776762246
1768675695
1516713809
1378757225
296115048
1595295662
1964417996
738735552
1528135161
816539332
1257964661
387060109
874326664
1515990098
2134290704
2001900320
51734398
1027587266
1164614638
986077460
1841319435
1933727513
1319789530
159587817
254124165
1352868869
1180769602
261790668
445021098
1004950213
646294097
839701895
539260424
1439518895
1089056811
2039550100
743622932
1643852533
1275636273
1174797642
558756002
637396295
562235786
1514027306
1845084820
482121032
1131808207
593746135
336468119
1721695105
425879365
210089338
1514358710
16433779
857512091
936930636
13010890
1777733412
804822300
1679320202
1922978049
1997618999
179807955
951296452
520492160
1387640434
1038856083
1151760978
498995911
69957510
1354445161
2052718109
1234015948
1500766658
1792728447
664881760
20400873
755452272
380241853
822547345
1248397172
1599417888
1849791902
1878935307
582122223
1814410475
992153210
1249471836
404736386
303116540
486090730
286840832
716946587
787398477
214301658
490919518
1869975284
452860958
223398077
339287009
1471528948
1254979373
1026966952
1128643055
26107392
588994029
1177282549
2022164939
1212031324
813099499
645162590
703257044
1561414910
825931246
1768843136
836267686
759380370
1106979576
1666575502
180090049
937698757
1281891207
252654751
1039188309
979215641
1986477966
1257865007
225056523
1961101638
1151564266
1925628466
1959788847
695715662
1328718786
2067085740
412803436
244208204
850287730
1857942867
1840111734
235988541
513670719
763082388
293433220
778476014
1919201224
2090530710
1167276456
884211466
313329318
2119139552
216813145
1254336510
189176507
121172443
2011265588
1149699205
709115536
1460582214
1461405013
1157821484
1055274240
284877528
1379849058
1846613153
1817348240
1855679818
1976078244
516887109
736286785
1161998541
368181499
118830491
195760853
1812402329
288821586
1226313248
1648887313
65056140
1938081596
1805887635
137210325
1302625629
1966419411
1563808796
1102276930
1806315266
685342573
1003027292
615738271
1388858705
1122240576
30533118
1006357589
1815560511
846824941
1975875231
1951196587
738539210
1267791323
489614489
301878346
595656751
1636062732
1116665725
1892105539
2103642114
2758563
1536492803
1223084348
1029044726
1636870770
2065575476
337727781
298336392
1421285450
198349203
2115540967
259699267
736408427
1682191320
11189331
2051759106
779550118
95586978
1333579633
812520160
980302054
922343696
212320574
503782493
879850387
1273906457
1350498713
1318710583
2092714421
731550652
1249177283
204727303
1465337114
361233674
526510242
152408371
1185076626
437987369
153713049
1856277205
624262963
412636244
1600192429
1980842924
283570480
1082251904
1593893712
105751042
1585240029
1520098218
1296594175
476659089
2028500836
313557327
1830205537
1764285618
1076124668
1987962644
349800145
1591586038
561466488
132010525
1705817569
818459099
365162982
2046162049
433946961
223682439
590108609
35821403
1337969839
1878449507
1248367230
1264651173
562001083
1008637320
1900587753
603255692
1589029502
1984718170
1890424582
953703422
934817206
1894315080
964330553
347851119
904677820
124687922
268163968
1527593458
1377336793
642791394
267691189
674255297
1995750444
1805102292
2137032356
1951768151
641364694
1588228094
1686518298
1749120769
1176870161
1134546141
1131512253
458695556
1561899167
586486535
997879731
1928874431
1488433796
1054256612
1148420893
1038921943
195625522
1248855434
1606920812
45097417
1655862263
1461670659
1775063562
1569956676
161321049
258731206
1321445049
423100221
1723334866
1728514200
527151715
1470759361
2145638637
812472402
2087733291
1751648561
1590495281
2024154644
1352500209
675397613
403801161
2024330809
1457093102
34352792
2001449684
2140380853
751617389
1539372026
256017840
372445694
489816608
1727316817
1168186958
242812958
80265772
1860153822
1731002603
200554573
779682117
1447247558
899900336
844740033
306951859
1821201844
659048250
957977998
2055135232
459781076
1017751087
2102588183
440208899
1131834221
2116205430
1295263848
2046038733
918968240
170840761
605238368
1677182004
1026819201
2015499028
690013188
1326847844
2064583076
1431192540
2132892994
431324584
1801388248
268685724
2083726510
1403541278
1978913456
1590506641
257015735
980067719
1338076720
511398482
1993038962
1924208909
1409108551
953718008
550075534
896160071
877944087
830182442
401405892
2098902975
1273062173
1219210073
802688658
1759360037
144034745
1790253343
2041483557
675415922
1231082091
1588411946
820176106
136162033
157236703
86669
553482374
1136150925
1456662686
2023580290
1444399777
1854993696
1050918284
158168831
173495990
1233727713
1036436471
1169866526
1700213165
2048819237
1850496493
441267705
1545055914
974920566
1504122404
252580501
512355104
297553099
512688265
1776877644
417698631
414733863
1642187439
399697342
563248283
671744971
1894719116
2119296587
1821043203
1930354665
1112726593
799853440
523244592
1505395965
1863576111
1736153861
1964864842
374584954
768910489
477968140
1313515237
729980504
1349106231
797215659
1495596277
1076259953
878544029
1954476464
274143393
1847734664
610718371
1279986747
1874560721
506556291
1595446444
644939399
664135661
677690069
2136924533
757424614
1921490694
1727193870
738597967
901219165
1110206776
1046088314
1979328894
1119449500
1681083897
1393653674
977270779
2124970227
1451830553
1705813065
73130395
1992731819
1232221653
1560571319
1938594497
32058612
1645671270
1786189221
636583327
1102821752
854146534
242744267
1101338568
1284529931
2091241069
1555427370
2082484647
714426945
39614428
587357157
1191931752
1809009692
1781765812
1425881089
1585650799
2001854097
326590661
392264629
1058619136
1393624733
1268943762
1694992632
1221112271
1947957609
744654776
1887658942
401124182
82140063
1777779510
1519050877
307159437
674675084
1743124720
317846733
1795649424
1018429894
1278754240
7322269
911318744
473483683
1303409415
1865331422
336856475
782601432
1088966093
1151316845
809256093
774115317
1911393875
397028037
915716475
876113919
2130845951
753605194
1479955362
1277962062
1717705894
1547903768
105740334
522654079
1172659454
243203573
426362575
342415924
831972447
1619021917
739036990
376804636
1951602025
1818051119
2104974216
1350099515
1372653490
1051866244
1484034519
389443895
219335482
562218923
190253048
1322951513
551405367
1099015783
891950811
1437467333
2087045539
477247279
2144259371
2009344118
877255898
2014405805
1443285373
1980339183
1084948244
534890851
1463052286
77654660
1651893685
1068812625
1662069227
2008181665
589186864
1012954063
1013888645
414809143
1910021396
603076610
1245554324
1300118979
122400973
1332601949
620812184
670559742
1982331841
879011229
1712657432
774168041
208098269
816703757
596404062
1388792200
1943820430
192842110
1223276364
1871405655
1479198089
1469868351
2098312981
828469318
1530941940
1805229443
351665039
1971303977
95111976
2036590409
932881937
2135043403
1880459490
1764460967
136743454
669222041
2116692587
41796341
1764815367
1245770584
780492381
1746585890
729176540
1719639525
69967272
504109853
1939557002
1963189609
598256090
2008940384
934014835
216714776
1725134498
1680679852
324922386
1376706287
1376588234
1824114323
2013105707
322123544
1061863686
1589196868
1176173824
431516612
2069291390
1115322078
266747195
458052073
743427945
1025650905
38231505
473431749
135053673
969662285
1924466480
1438215968
1866596415
1602076804
2035845518
2135622021
1661738911
749353077
1610037999
69108948
133744238
1602045062
1781286590
1161320541
710419148
966491197
1539804173
1889879915
964920234
514435558
1303339084
1346199149
233131286
1273641730
1624212551
416033157
1329660773
828365773
488851148
1520574607
1680947575
1661015336
566990763
1283742438
1048393454
1355897521
1377680687
1647619949
27323455
217345753
1329038856
530992613
1336688878
286358463
397653782
365530136
1053880128
2060167444
1409454581
1005038028
495350884
517016107
239961878
519134038
297628856
415522777
1908562303
144579936
1652704717
474676583
1380337304
1198342722
1954370120
55404885
1472863248
1662314253
405510466
1652337230
2112361231
1072739676
1751161547
741613256
2051562165
969081873
521699825
14908271
1910967095
375422479
391823307
889484136
696920709
1861768010
256223029
385270351
1874995466
705972257
529782304
1709127881
79676898
2132741806
1309691036
743807417
1131459729
1411158819
1717569728
39704567
1812559548
1466369671
1356781267
1550675770
460796688
2060365190
1643139467
1101833199
2127611786
1038111502
993998472
702080376
464433148
671620383
186562339
608865914
938167103
811458359
802712932
498715711
733824733
412696207
596739893
1501860547
399900265
1557559910
771621483
592170877
1786171222
1389489523
1019385986
108731364
866456798
1584336442
1966718130
528361379
1294648858
1779699772
597624226
1326318708
909958805
1911044667
1550104224
1645798697
1124145611
1710339571
1117848504
658781695
981516254
1444836434
1280909693
751369038
1166945150
768004268
513184539
36795538
1855245156
2133662689
1756702090
956190019
244323179
759897040
1151469940
120299461
882861643
405909774
2049158027
854033013
1451365763
903779995
861955123
1150307856
1152732703
1241112006
569668575
29414355
1341133652
1987349253
987668210
754945753
1456904710
852223916
219106109
331177924
342869527
1631526333
677933387
1607306192
257392422
874288876
1482592223
133496140
1127706270
1530656270
717787251
1805312568
1942463659
1372976721
1088626722
981330111
1839467652
255410860
1543854921
150132485
1952059898
1983652495
546153543
718330327
659136451
1659090883
1198488829
1480518471
294920585
476170142
1561703050
1941380551
994159446
1227147678
1107108012
596082459
1239320020
1432286456
679823635
738274598
935634531
2017407692
1151857483
1803526623
904164914
1154435401
574312842
1301641604
1059047366
557607583
1344049880
435064325
1947559930
1675698776
767791125
210595632
130438410
1542325189
1037515253
1236932151
485076581
378251201
979086397
1411189011
836618269
1353951899
1278384054
2019969022
1967805856
259383934
410520578
1865871983
1376090079
1199083104
542848802
852444613
1058693128
913817220
2072099156
1509994989
349172207
1477959418
1704224128
1430412352
1391899107
1037397486
1852668007
310831925
1269219119
1279136458
605868455
715729701
287393991
2111965046
1939549871
1326614795
1008298869
346651714
1417328813
635964434
1943469496
92583294
2078952505
1974581318
2087035370
1221216710
705102566
1878123527
1761363637
927862240
1559782195
1700777953
92901534
1368805585
2071815463
1272116494
19517730
1471204724
1925063358
1064786001
1236271098
42308566
1948271956
2025574822
882067669
1435874077
1104205883
1726136867
1916097058
1413238429
1435367625
1297282666
416828079
856465713
1094974954
163311941
1250493253
130335083
1593294625
172838697
168041730
1655577110
1919108698
1556116809
1996105866
1111756160
1077245398
772669708
417377308
665650925
499119877
330737847
408496162
2023401121
1818320518
901832639
687010534
1663641936
1900589940
361894308
683149620
1167888394
701055419
917094698
909669726
120024622
607112704
1128868224
1787015182
1891291197
657763031
1018813592
1352709067
1547124822
363685834
1212786625
920544660
1802946457
1624078010
1393811237
1902930516
709750884
592664577
1449852214
994066503
91580561
2125779843
1870644279
376834190
462902573
138594767
27855019
1713476044
1530679987
192660506
375674726
2031268630
1463827723
724604964
127715347
509012096
987205513
429686655
1993321043
1483411097
1690863057
1994088377
801613730
1303381221
429734192
816943985
1828866377
69623824
1898297816
1789280944
1603657798
1253747387
847298884
2075639321
1846376157
1546292603
1582186925
879887874
130984338
756753117
1783161622
463826398
487039496
213899850
1401871816
1444902400
2025409316
1830154206
107010063
136239185
1592416376
1823999651
1892770769
1665043063
1262393312
267523307
1401141101
462430525
2000196356
132411655
774359032
1426522634
145626311
1916014516
1131756195
1506870404
743802682
387751792
167946175
1751200065
931397775
1787298857
364932031
783915871
944605856
463464951
957946112
1169692044
600542656
365405429
39860096
612255634
934344554
1191934834
1618671706
643350997
1071630635
205902649
1492196569
1579441338
80596167
853083542
172379218
1251506243
52845873
1307456157
1516553076
269559749
1855092636
470850934
429712090
899159335
292825112
190941260
829145249
1288240333
1399150433
135899458
572819666
516123004
1790528759
864910948
1455359955
1382671300
513814682
299289818
1046250852
1152923067
1453804389
1683547929
1350244703
246932522
302296086
888402079
935719695
903026657
837827019
265317745
1637241385
1610376508
2025366915
1413866344
1916683600
541280163
516569518
696971946
237616604
1362361379
444730057
2126298008
1941851611
1453268958
1004126485
1524677940
1841017648
924088373
807351310
479765746
2136776174
965563140
1185073960
537690598
1254117374
411359011
958430961
1011164668
263284751
1551621957
6900100
568533623
1107941683
1855323470
1838600028
227724224
1854340260
924993209
1269949141
236320090
615910310
1070840319
1136201279
1632083637
1380122661
1532342886
1366752573
1204483062
329391558
695383081
317654795
1861294308
1871893191
1213515044
1031143477
1266727729
1004037793
1965808076
1410039035
1416902978
1891228990
1638052640
1789662055
141067609
1403055874
419745401
108750208
772657172
1616723823
1468811195
2051020144
1467379263
1481539533
746938961
60120548
929490602
1713598948
346241856
2005880831
93301903
764868572
955837598
824243519
940732840
2070573797
620245600
1029001645
1652230860
886709540
765611277
648432613
582345149
1743078880
1260410904
1842776991
1046980522
807219880
41126306
2080674546
320676246
1205910279
1765115854
1718920632
1990935218
567637398
176507335
788939945
1830767534
1355280862
1956014697
487818384
860179228
394984810
1253514183
1400112674
828234245
1106755723
2047569587
49798877
600634049
809732906
1693943406
1259945994
1789127238
702409111
1170110702
1800193386
16542538
501305072
17207741
273284397
1272515121
908331626
1716787590
1578758171
1863734800
216735114
1659553072
1101605880
847119154
2089535833
177529476
1306464972
2066376584
1600789588
1117420129
950278636
658053116
1283767570
648440297
878234476
1673830433
1072450064
1310344913
1447874750
1121982542
1385393635
1489552789
288220247
568285141
1768752109
636855141
1068164479
1658080332
228299118
1208218505
1042256224
1619119823
500900960
1890645268
1491526192
286088618
2073054579
2086756370
2010607516
585673581
807382587
958927503
1597780725
104403912
662797999
733200453
1309110679
2109864929
1348653296
2013013875
1784447068
759456851
411665251
931613643
537907427
1989070028
834880990
1482448812
115111556
2087552786
1729105157
597428727
999711817
929074197
802626969
1293479685
1886923897
1618631093
1529797707
493907343
1769620121
1659366221
943995795
1535665615
863028936
1464541140
1620706570
1553536457
1454205657
1556255889
141956302
419849938
920925104
1728222805
1814349090
887637755
1550891769
1489155068
1606347090
454541506
612593626
1836797501
1473565920
1807613878
977451755
2050418700
1498430296
1423685708
1433669386
316414074
2140865006
1719529681
789091610
596722750
2143456767
1000628794
1857538471
1455774847
640549142
1554767563
1150523497
1983501095
1388100192
2145992587
1429751653
2026445713
976237984
494808785
572133610
1282858617
240436787
1070182229
245023702
902983797
1759449634
758894921
1845935533
1928145446
236248598
1104719344
437587831
1773990176
80206214
2009415059
547719304
1301776851
135184796
1238859682
437269151
1975970385
325538813
67204270
492561860
1163105273
344991466
406140394
1676343595
1217229537
287111122
762993945
243959162
853075303
464407817
949596329
929903886
1714570211
578591462
1905813434
1051698793
484949267
224208190
437599967
1102754321
2082620814
1282146075
1363511361
1838467682
43910535
620265236
1445277126
432885926
2141818972
1379523761
1321412406
1731751744
1625530586
61860057
220066250
1811083411
1789204266
1008412583
1961168237
1359232028
234579331
2117583577
810990772
1130291817
1999362679
2072470518
1155753947
402391352
1534557847
217590425
1245629046
794726973
1547859315
64323365
1326270334
425101780
1368281685
871908769
1094980997
853252361
593928370
340683870
644153683
1991813535
1300947003
612455864
2133868117
726268245
617763865
1235638951
1847310461
1963648609
1358707674
1970202607
942873621
711930895
1208451984
1564949007
1068273984
1453517103
1018826149
673580337
733465931
133324726
320619907
1077474002
827977641
2012576873
2063289562
1228560655
187762491
602655059
315840235
542710084
681606467
744462100
875876517
33519206
654614796
1172644208
845544391
162284562
168096089
2003556519
1433106374
1029940673
2018061457
1859240305
687285987
1735679039
148528081
1077375518
1656044222
183297280
158156464
6619897
1191763933
1480880343
171226478
1929660911
1320382617
1551838277
774283587
222846598
1604833782
1159435975
75746205
1037054923
1738000414
182503564
425749722
2068017667
2139297767
1642480080
927715084
935914477
1156355488
217074117
1935372207
1109440422
214222406
240683247
648948067
1149202376
960627947
1717607284
390027418
918191831
72529808
829352784
856995172
1439729239
278432765
552491206
305619722
130510013
2002380136
1942128922
1660482307
1281486349
719025271
1993058732
2123861224
1091666889
2032277606
1190410579
869224847
1521662250
2094270419
1809167194
1300866810
338355555
298042867
715992009
831434561
147635022
1935656746
252643347
1092679984
834844611
1120352958
1300309547
1957746678
1341292175
1136462048
1780414342
1246382029
388856184
437566183
826430772
1159988135
399516051
1784043742
1835708347
2035657692
1361433224
1338155564
1489677698
1837345734
331775621
1784202099
278990863
416919973
668779782
443487476
1617899916
1062183306
1061303428
1688634682
2079177564
1193836786
1361535383
362378218
274124573
2020975389
606171628
1123595371
2060396738
958312886
227351452
1527209626
1456782189
1459318529
2051655444
2046453060
742016870
2021691785
1506760439
1934194453
1106553450
1067755234
236126380
343327378
283742837
1509919187
50451888
1383311823
499474621
1018990487
690541
197368802
1320657343
798787937
1028035479
86167977
33030728
2005269679
572317935
1210228987
1355441240
127011400
292858497
1459825873
945119217
2123502881
818590089
1518436957
430366992
1271702681
1536663665
1386080324
36510081
2021514357
1587522573
1020265786
2112546469
1332788416
92556058
1430146985
1694770200
1784815729
1030965162
724337754
2040286504
2130181823
1627911924
2089475293
864106488
2040178394
1395760087
247035841
951189449
1968452775
1961050129
622687971
2114361785
2067918300
42800493
1820981192
1057098166
53752001
152048309
911493678
910064707
2112205511
897425584
203249221
127117081
423768208
799391060
1297320386
1031537411
1280309481
209154200
964715656
528883763
159982623
500265963
1785690246
638855605
690073178
721413000
2133441920
1953412576
1873760835
1592230980
986122702
1590500868
1097648048
317218059
852013049
1185174905
636809222
1319362822
781210068
1206240982
723086599
375384906
1592671352
842823900
1538671753
938564467
1077586314
1765547718
1916881683
921488514
1903896056
1584930170
278501054
1270179567
2114863939
983767501
1995920322
2043795273
1669945634
1525295352
1039810022
1702010645
1275939058
1216259052
1839878032
1655405173
777443231
1115469013
1051602784
1135076685
1529342023
1134431165
2068196659
1597407912
1630468553
1581568951
1110010065
1719341643
376963131
670059766
1101664416
2100644908
947176391
817577571
182024797
1339907294
564100414
1168884822
793799362
885111891
1679701652
1387914426
2418518
1095095256
1578902680
218783037
40733611
87077981
1530343554
792023825
424431694
417495311
1900078320
1923029975
657389302
228363983
1730914067
768279892
307162217
1274191286
619427392
1952261619
797107741
997999952
1252686215
1405809939
677696380
291131236
21759407
1533523973
923435159
956374410
475526443
1097026074
1813005048
1544338563
10787344
332235812
1461535908
879545996
808205732
1265451561
1302623082
1090929143
272441048
68737823
263219747
1523731358
876017281
99612845
603362034
247914402
1474839430
2020923429
1023060023
1821250789
528655102
792432325
861470240
1273730245
464515460
267614504
572351752
1343082738
1933308529
692393962
987330287
918869256
2043558201
740696189
480135562
809899842
383495519
1614460198
1657142403
718539039
280625265
608743197
1934967583
277151296
1240206508
1025620086
156257351
538030114
1113510435
755114164
540752494
2009770940
1055444943
1236457885
654569837
1519597509
219506823
2146933211
979354605
1761141541
1779791059
1364683073
29792838
272276094
1583992033
1452841667
604725872
1684195367
610663333
1857497065
2031710224
1096700856
852452531
1102765652
2011004922
1653360737
181491293
1209550319
1254062083
1523246497
1409885988
1470601941
321368847
834940639
823280524
2105631078
1294850511
1556357467
721067830
493149644
386201566
58404564
62451977
187070809
1557190917
75260236
1505635470
715911644
286600927
1815229727
1504150874
994602470
684025787
539924721
171799414
1507531647
793924341
1104627809
2117618648
1258777593
1064058409
1775851159
1853320835
220598329
1123980169
889564027
5129243
1110955025
1495822542
1169677476
74976936
1800863641
1461101834
1682531292
937482523
1899573825
52711047
745633586
1679323481
509954745
594640627
227183679
2126151083
520275022
522658831
2102076972
1370424795
204177756
309694484
2027977526
1527091467
1378138650
92249768
189322774
2109572366
705459056
1970174157
419419691
2033628493
993605440
1211223665
1884509720
1105067846
2042730824
2058359868
515621132
96945930
2055545661
1653614304
391472708
1291039536
30131750
945835180
1533602991
215332448
1083444450
799928543
1195379576
1186845253
609374200
889158515
824500778
1679700766
2101198372
1509163577
1401877286
1971186519
1154699099
1392714583
295161044
898743785
1395300472
1674576612
855505748
845595622
1210267136
696629722
18946947
1759244285
1851261459
470604408
868355459
129135026
465935437
1736600027
759332805
1572705081
528769714
1210676678
2030577134
1130754586
1207328625
144670628
1691320392
451492929
1344596255
1848842953
1993982175
317608843
1952321310
1585958178
1931495588
818707732
623853313
208598712
552044881
448479297
121342444
1308634590
1464842787
1568398967
174463215
1061663793
1378331588
828834151
1129468646
617102423
844508061
1402215750
2118997117
1518541512
857841796
774221115
1120643737
758859839
1228728492
1756924710
189818364
1428041155
1793093867
587828203
1192319916
1212504005
2085170591
1014473116
969509113
357950820
271943442
865980280
1341553953
1586526545
520001354
1999474069
2128476332
180097409
1260047203
2037852557
1119976312
1397265516
1068699139
1610256569
1986591631
1664622412
1091959801
1263718032
729514070
374763935
597903752
505287655
1957269134
956465182
682238092
875072754
1451202541
451209415
1064454176
1755163071
314764024
567352765
742326156
1584351885
1727307277
196007643
1532379781
185810716
715937981
1241665745
1169516855
489126514
1706256078
1288852423
1503559353
244090202
738274081
2128320904
1718602661
1231983605
672973258
1215616280
1387869976
1720443512
1483972750
331641859
1339713744
136553324
2000733737
936073860
1434477458
1868878637
207108178
391163166
438881993
2096122982
489001473
1637008080
1914506849
259309792
705379224
1957692576
1885284283
756939398
563692100
1721195551
1472450684
1730528550
1094726239
2069662132
1717273038
74441164
1764064854
431171233
1465070419
422707304
30654128
1681498484
2048405279
468159585
1998069166
1309867994
106574485
428709549
1645864149
1522905634
2095800305
159305847
663540268
341847358
552212869
1195578660
743771142
487939608
1605057906
1717864142
1973849031
1369666509
1884824912
1523261668
1346908787
590502633
2102521015
1200497448
600220963
360971599
1079832714
1916105313
1788321071
1522587416
427021129
1893614289
1102431268
340185499
49737592
1659492194
1716762564
819383587
673458334
412511192
73045841
1820567151
1482729342
868611550
1085797969
1716473793
580252763
1082598796
1755056118
1288362233
1920828809
1570533627
1442200949
1684203760
1000298225
2128933279
620437991
835933697
1976449786
1680589698
1601560062
872942460
1992428444
1373596426
1455376536
1549236771
397912740
710616809
1934541792
363066461
422130317
633599002
1880788033
403882229
1055818838
391502218
2047656465
807516031
630386520
1829708525
1641546849
679154407
662915571
202971437
1935655124
1478131420
170266553
159316492
1335709743
819508200
644048853
2028263373
2053306919
989574490
2106066772
1990097753
339478517
1546487329
1870786541
1715480461
1227837432
1821626122
1707575249
1026689641
849231713
1567614755
708283749
1211945962
1182740627
574729052
628908219
1959233185
1129590733
1007975967
218217715
2106518140
1653001223
1294938148
1559147564
1820211150
562787853
86102800
830492523
723518070
418671258
114978975
1305811637
1824193748
460790619
1994485074
729122638
430885723
1886610169
1879325538
2023427218
361864650
1327859789
1723133415
1379183121
1814151163
1512253939
1880762158
767430338
719906125
981254145
569362725
1430536585
1341008368
312483507
763771696
551467755
2141559028
620461282
1131330090
1700918731
1841516874
434162219
1403122012
730227703
1944201444
1232889735
900931501
346802215
1495593220
46079603
529374851
1678522278
1755055117
338661913
1274780266
1470657245
869164669
824111895
1118587745
435835501
1979797400
1202254434
1962863815
1756005057
1730296711
744605333
1950778340
1166985840
822292601
1959081730
1952491357
1571607904
1318925015
1618821614
334703216
1767114356
1035103073
1104257427
600938990
1329503082
1720960021
1884574618
562249061
304672102
2056961585
763288241
1554506944
1798827190
936500465
805444866
165012368
1697532944
1177944211
1680531747
1175934165
1189135370
2033805598
2023601361
1250105129
1714150149
2095365860
2072206040
537296899
1353486008
1800003916
1317791367
1188918900
2031575933
572500222
1659839516
1818810280
1775463497
1677341335
737362951
1259538833
63294968
1375967578
352194813
851775144
1967060354
821090244
974261327
28287102
1885221489
373203609
744153262
543003519
685593901
1116278122
971408845
273252512
1332185443
1481299181
1648690235
1162457824
1856014922
269074302
1019085391
310912955
1888611719
2029966030
1421741375
553744665
2008699599
530756427
1117258694
238968593
558994396
235325677
2126337507
1499809850
1417445870
1211457917
824863704
1087217364
363616221
675371070
2070608562
1150647036
2091384822
936724660
2018812204
1124325963
2448235
2111650997
1209617280
944602432
1154642441
2126901325
1629141609
29643320
743670496
744727984
1994537879
722154305
996922256
54610206
83244654
622862938
687793519
342929763
718896548
152598576
1255055423
1894661779
998567283
2125491880
1017312873
161854439
1299446255
155734797
1213067154
1617280719
1024997600
244387432
153184564
2007347716
757112113
596255086
85762187
1956090964
933098225
255274908
605045205
1579548680
1045189573
928540205
1951301501
2776676
1021119008
833268150
1911118892
225142154
397751842
229238938
1828042131
1392937116
427443663
871620487
1648651946
1000467642
1707852042
105470805
861409720
241606589
401318646
1005835035
369827672
268396110
1548700737
1390651206
1702292643
2041983020
1189478970
2072518385
1736073757
600228128
1343446068
1755127580
1298019283
1123390265
930063390
1475875706
1779786677
532517015
554998880
349806403
1796346462
1841654725
201229127
1357731822
1906987918
523497769
1716541951
1775674383
678359048
200139718
585557505
2075249537
1200898858
2095949454
352137253
1584089671
1188910745
1270584414
197120870
226446117
1538030049
1693824085
472263668
1089802342
715034950
638040903
436604965
1998726712
2015331698
1903848674
1268035413
1022391063
1841451349
1714800263
320787118
1554640429
19814090
924182317
1306236295
1945698260
1413052210
1063528479
925898226
72460287
643332614
604921516
347118554
1546070361
978776125
1278356728
1806892970
378276283
1618506021
1557994194
53747606
963492112
1066971149
1107663013
353547581
817993354
1955099755
1751055031
152643011
1329809979
1304937091
1216793282
1340703496
1876512107
339016700
158038469
2092732933
655204530
1512915509
1915957318
2116763648
2090823059
337811872
582385639
1351932480
1784965443
1936228602
444787318
1952160310
2117986832
208812708
1491136179
1479710257
1577520067
1027840839
1138714743
1160627911
120760865
1235851762
1683050137
585125999
146655859
144874686
1175604787
644741892
1297659961
869717133
1385178008
1753771928
841093234
1851505666
1150151366
364222221
873200009
1561977809
570157386
1038220503
2072623997
604469599
1624057883
1554497122
666037971
1083309939
1100938841
1421113965
1690442813
1765173939
111035738
1662845660
787974606
1479743882
1492123674
1766306410
1719876337
625154821
867613866
201379201
2025620654
1443937256
1839691711
461030840
1832610286
1503392795
1202121732
1322799354
1430902205
1836013453
1229065052
508804660
2094247854
1603979984
863059557
141655579
1111142005
716303695
86445823
1826009354
3961563
328009306
872817785
391535334
681837413
534629220
1300067289
1448182654
1447051121
254209298
551966367
2140887506
1973292546
604561534
1447713044
1570507277
1647288392
670519155
524248669
1389970229
1425950037
924718746
2100282151
1475875592
1260517130
1957566189
654180399
744403372
1369829687
376517413
78866942
840289803
1287086539
1278033229
1682256397
50475774
672838582
390979355
787022669
198309129
1001589902
1446943723
1214917283
1488399474
1839208501
2131295587
1956446991
311307847
1266575674
815862198
1374573475
1981351265
1920916336
1908887770
89338628
728910759
686478412
1059439252
1199961880
1627747443
1957509372
928912331
438434014
2097310030
1505754979
108810230
2000434987
825971914
389239543
84640309
1522792691
1203015215
344543593
1496504953
1516305780
255266145
1520456101
125876710
192463098
1656843358
1437083635
1561180636
669275152
1885361319
991034034
328948470
1977926081
103771960
1477287835
162152101
1920060687
2025684244
419368003
924494194
1042543504
695164508
1054165725
1531381162
1428990577
1269119815
723689889
1091771565
313318468
1083017717
1767088770
1399222135
1017929209
666777465
295930437
1816907248
1702937885
1734408948
1407721918
1191547374
2050159252
1182766108
2040688369
289493154
68627640
1239758881
1275319983
1697712669
1115134210
2119142157
453419393
628229991
1990583228
1252295971
1083121567
1261103616
1302660930
46958218
324594220
1245698986
367286121
1384052978
1327246464
1812948725
324708530
1999703795
1821320219
388477021
915640214
300255745
1877127819
199014564
1841583475
3258354
1587275443
899470231
804812051
1311321433
1887846586
1353585974
574865775
1246340197
1919008839
1109810409
49235895
1627007652
444622643
1832773162
1309437726
2008302427
949700670
636712171
211973768
1438588888
1231665254
366573339
589704687
514216522
1883804594
1935218715
1535130784
1856412413
1366694369
1057868420
303202887
461897441
1106343919
1265399695
1099713216
1730916985
391417588
461202816
2004497560
728362558
1730084387
1346889962
924959980
1081165087
1340285666
636543127
1445330604
1141275717
1629512238
260157428
1016174331
2127531563
1106094779
776847307
13202582
535641052
990354447
1614405426
1313314921
2128926477
1319327138
1290243077
1721555160
1487475773
1718810133
1759057805
499648505
1345860317
325344095
666350295
40747289
2083085398
1323776249
1100296592
626556157
321782845
383025519
911470157
772567887
1973067329
1117597169
1715730532
1480037965
289212587
1143701212
405022452
739640188
600894021
1860152104
179601750
1906740890
1437336827
1246992865
1221316264
17789119
2107124948
150921707
1194661512
696754176
1416120177
1208709137
1422309316
1859516058
463664318
1100073392
228839907
1949342972
538745718
1666986498
1726152335
376397048
1636797513
1981527562
1840451386
1873851676
1264203994
1996789120
1083820488
1489500545
624612854
1759847510
1247005863
2093335334
1556502472
497942796
1377860454
1480683326
1827447886
2088906124
460074546
810507261
1305158903
1114184174
1169077500
1807469241
1139911531
1022192815
630241813
1405303590
1431598718
754325776
1082289553
1845908365
1701214699
508058166
1155185582
1177899216
1622606452
480546111
1687589242
2040654742
284958646
254925193
620942058
577014946
1347020694
561002220
1749551758
882054761
1770824216
1251996366
1052925014
731277993
1390926335
258680855
1257776836
1521152024
374124061
505321221
1629990257
1746542409
1404676154
1879013650
842118552
1660499298
1224468466
1315678658
263135483
1379631388
2040885633
153750926
1167157312
255686891
467451136
452536104
387871693
639893900
71417696
1830195805
1523303867
415045146
1196840927
1159226765
892300218
957686151
1055195880
1929121387
304513100
303921118
838334268
1535871488
380019129
1254041449
544893130
713344819
725502014
337121778
1600284317
722500471
48570761
1566727952
246714382
1915805532
507414017
1781856368
1932644035
1278951145
1162022312
799406714
86145592
63937207
1445765036
2025689543
376054822
812753679
633415908
1675813540
1926023799
1347442296
597873597
664903794
1910425051
585145438
2008414085
989315166
1648449475
441513695
820836823
1228184495
167191659
1344546521
1639601586
1147683823
1624597348
1235243041
2059425898
135844710
1705875475
1570803167
593023140
2101029374
1734496509
1475119031
15084606
1121980069
602047597
1115661904
793944908
1048388146
99997557
1833369543
1346281308
15826630
245145636
2009852105
661539578
958702356
308262840
680802430
571034857
116979662
318013761
870691880
847780369
795007300
183193114
2106966455
1261323212
1783947302
