1325451049
1472453892
1381395065
684297323
1105812571
1797873687
439845657
437500235
1924702882
936830596
2023710239
856893630
926232468
565616927
1666520304
527492743
696116071
215121855
67670625
317103017
1864361403
977032082
1935662463
400244518
11909530
373664732
248443380
965684689
1849476846
1786678760
1039469243
1563519860
220786127
617079405
1624690586
1467699585
1456713150
278500773
1278937357
905076956
1886457138
1878412577
2142879620
1241028198
1087116091
813336599
1739260340
419855333
1124922123
1731267530
471345285
399886703
74655101
1080004479
1501635033
502566426
1035278059
1732610409
1870067752
1885624210
2115964568
1742893870
1011811325
793202002
1400842577
1208307390
1267351356
430660298
1962012481
1669475460
1530037204
1499790901
934131188
1339253853
2133822759
1591302630
792484742
1238817094
1387120831
712275914
235449484
894272049
1679460533
929775375
1900618283
383797501
2045014188
1077185482
1564011455
595933110
315993837
1341840208
1333105716
1719787863
716681901
336558717
1853434145
1949779817
645982795
335835898
14507662
629048098
1177258956
299042717
1210157749
1069190844
1979080695
322519688
1392428128
711740219
1815008368
1016367624
1938442476
868193013
2013020213
2034777598
1146741045
1499570823
433562476
426121034
1387392366
1652172277
317024959
2089474400
390428727
356799748
1479165850
1908280051
223548610
260761355
43648787
646441331
43055442
1394962661
1521762110
984966223
423708042
165308421
1717508143
1151193775
1509171711
387398684
1583389704
380956668
2141510922
1083491972
981679934
1104883293
2145099446
1618929472
1282085265
1516930792
1731887806
106722465
85470628
1628569863
1015617288
874937570
1836916816
522657848
2143940075
682154860
459543653
810722739
1591833822
1286928575
661611682
732852032
676575586
232253
1706894982
1326514419
613612410
555502970
1327661038
1038051171
850563025
1087130085
796333273
167182168
1877028479
1490178152
676197036
2072370297
963592502
699634000
1676326463
1227472910
1985739983
1823993372
426956743
549640779
1271578779
1943737397
293329671
556315577
2146828117
517165901
360433045
903698905
1956888913
380231786
962580293
410061291
1950163394
625494798
2000905168
904498646
438060004
1433592431
1470750557
957641849
741151079
1414275368
1259634341
2045323087
1391590513
341328502
1895978025
909172759
560229158
286547477
1767541444
1873318582
1517457209
1927295749
1908584875
1083349619
2016378778
18135879
1097076292
620096261
1117607755
1537645997
191533257
1197191603
314947633
799974864
870335311
353257952
670150332
565436426
1646648287
664669611
861920926
179597183
1702186330
1005660623
1899856116
1561493223
84487079
406752765
588241645
1121889206
1015225038
1071490606
2138022813
1857077179
2043113371
1747411136
942034379
2711425
785717295
171636141
630321621
2449686
1408258970
410018306
1818789717
15207669
719667973
1064256914
1239836981
1051702874
1388656875
1464694738
1992784854
1505470927
1632755649
228835751
714271013
1754108712
757724358
1921906309
453999864
434882866
1429738779
1601703087
1790409020
249834468
1376468058
614882936
1995897819
1847392927
553159407
940193030
1775968965
805369675
953210900
197224023
1820034724
1597117095
879048776
96692934
291784481
1439103749
1229400319
688050735
918299947
344196974
719690937
489359419
604587309
1120023087
671047948
589383287
1616922622
121505923
318240031
52320666
480173743
2096475776
516424221
1993866970
421650682
1078143720
1847477086
1948332427
250336159
2101518284
2050730448
2036243466
1100334029
1117783816
1305597833
1955317664
1146992922
919146747
954630116
1986062393
37743096
518173556
854074658
663280752
222186886
112425070
1133991193
215617680
334357103
1946048329
1448447186
643507279
2042534631
1923794365
319302933
1866088970
1811654633
270829981
773007186
48666434
1417251592
330192224
130188922
1613544264
1523664423
1752855493
1013390728
583966135
169176980
1924854484
921972489
1456857276
1655147423
776978002
986610343
357539018
684014336
657416839
1305605366
505019404
1885093013
1593234504
949010070
1944690487
873999740
428672362
1550871164
1921668353
818823193
608327365
1639918264
1266289290
1559039956
775264187
2016992592
2128258530
1703307569
2122501614
1104937077
793896015
1174058124
663231489
721296196
1680618643
601062803
802376038
1191743749
202387841
1255200657
498440103
765407360
20242692
417257620
251356727
2062371247
142772985
1997512747
565812165
414699041
140842738
76607956
1348919256
1005657745
1465779965
936084024
996096749
1173667822
392428076
175650925
1391209062
1501404694
872594843
819698907
1116745723
14306097
1560711614
655622171
217351607
1310451152
1677271140
1909423655
709750180
1640353352
1626749177
2052184812
1618332677
181505713
1513360599
2008756159
443787757
122214081
1229574983
668766034
2091579907
2064751464
1043247118
263077279
234939812
1160176324
485562394
921039810
1831962222
1023270012
247583871
231010362
1757832424
1226501868
144716172
1818730119
1532581886
1386996804
1665598239
1256097346
1020080308
564795392
566272196
1938349217
2078460282
18255514
43788914
250596628
1306870959
1474288159
1380855726
113786520
1066974865
1075477697
1933821507
1948828618
1656229208
2085895257
367057020
133566459
1374574630
986972645
1440162882
1138025672
637714325
665025311
1113590493
1107891854
285428459
413790821
899639029
632821637
1037959749
2004456080
1515758828
55985160
206705986
123381630
1130792535
914786053
305371231
1580151835
1752277146
711962315
2045240161
214838391
219024563
886716266
1854663186
680015517
1819865998
1920312959
1072877843
81276679
847929931
1382901963
728309122
633845991
1410561977
294656643
1438964648
1350642692
926215780
1479503371
226773180
1790724255
1071569168
2008081609
1872638526
685413138
1800811107
723237849
596062875
1965518719
547282540
2101913767
982301341
1092940771
775573560
1177176489
733250539
256094710
654951302
1928531602
1338412179
418586295
602939893
1916370821
1072278717
1232384743
201621104
1574411688
776763430
1209630116
848125217
457643756
1136661688
143771777
348939671
666411601
958550407
114142122
1123923482
1120411893
1708558052
1333709919
145679815
1716219675
9231770
945024495
1314862038
714769512
1890739031
1230642181
2078277784
1846645780
154953636
653888841
611349258
957551793
371743124
813098582
1332531584
1380536384
1303599893
1351853330
747212021
2026821104
1429694423
638619606
155533623
293337016
599114151
283640761
1733779690
1595661296
1187519030
976851986
1782805934
410788998
2138148843
990431710
792182306
1776755746
416389569
1034572322
331910644
1522732313
756327250
1279971255
464070286
1260587228
460592041
1317917648
1761546653
817719398
1595990265
1071009610
600300052
1288950522
1138148522
244172575
1736417554
16406733
1193234134
648679054
171062931
165810640
1389986547
1324667116
1560588563
1842567829
399378219
1431615734
891985281
1479743659
465497921
135714546
41216391
785512661
1964796691
1701293109
1083344721
1065498679
82748097
572483159
930923447
570140068
342403448
820155415
1235350277
1942711730
1049736007
763787255
296445370
995338663
390777156
920923023
1809681739
543309607
1064838394
1548134178
1006610174
285703812
774669216
474538224
445204192
1581913319
1921701044
522596201
901987659
985043942
1692325453
439028237
1788205209
101414555
2011993171
1677898267
1108999735
1188141019
679524870
1268010871
1846816368
96977389
1076226325
966876170
1143555359
1569898938
451806815
2077690890
1586172614
1872335701
536647613
1146722025
150714217
955745709
1342490851
430652144
230331608
1449940227
376258772
1788878540
123811468
1045672061
1384644938
40044071
493868134
1774052096
482268010
1282582294
772183044
1874856991
1676556207
360690830
1655969307
256022866
1489793433
1627761364
615134186
1220017515
436902421
494802775
1078925037
1720564988
153299109
1024153758
483851584
532618551
115612737
1785609332
510914477
1570931873
447145194
424081920
310034997
2009741964
1145228227
342047298
1628806604
1863355679
1379665156
318848736
1592410421
648062694
83814916
386755215
1479669026
897940065
375952226
1517014131
593283990
284292461
494937272
2107680999
491399110
476937714
164734239
480235744
1633784643
1058262257
1472179960
292879403
1816788319
1370687081
1413306452
319279926
2015903932
877067430
1666735891
161516848
2083129580
1058957446
248458310
1001791859
294211162
715352198
1990985165
1890517963
145153519
187415201
557634169
920738145
1380385191
1261883647
1474206533
2117612964
1524622070
998712289
586209187
616552792
1578559301
19966707
484536483
997840122
1079783884
2132480449
303796351
1900298166
1901683796
2043899219
605955069
1630003700
487657732
342277879
879008422
294872527
1341929978
1127143657
912674803
1520320143
1983398788
1097691238
1370438608
193418409
497774767
844276612
1894004043
1396463451
1943557473
1244736671
1485025948
738507684
898936033
625837610
2033625825
1448606289
379919250
1003529587
812130262
416782675
351507480
526364970
1673810932
985739164
328307067
1007445006
1201155438
1821835278
2021882392
1475534217
1612239163
2111306731
1895766788
1928052265
713846129
2035674726
427043315
304744712
370127008
1505832972
1507826948
1170593879
674726534
1902524512
569117203
235800463
826009052
441599259
262808214
2042133027
573052987
1374586701
1239580488
1417257328
260630370
1352922426
586702808
2116961680
726576618
337700829
1297764196
625630505
1064613060
274217263
693073809
931694575
1595876603
92689539
1586188449
1288833872
459872822
280307741
312904828
783211777
1028991438
688073916
2128610164
1087163527
1657832873
205846711
2129802489
957136941
2089231621
810863424
2067213925
507259421
725994655
440870738
1025316772
341389958
1659938423
1055121996
1337615840
1241312603
1510027831
1851200034
1435982103
1776922525
358951931
897659430
2013153210
365727422
808008228
668188222
795678781
395079229
1178219686
1076425657
1715713345
1057496135
27899409
492356445
1372281233
1229683007
1974741326
559781502
1432212124
1961381587
223133122
1757939624
629864527
1616318919
2016190595
1080735856
1357951626
759524424
949766821
100640891
550105007
1376429852
1689908720
141472103
2111456800
555306044
79795487
914128922
2083576968
1838226199
1009717677
377858891
1794561945
1003314264
1212063163
1204604779
134421980
410589063
1953408778
169757669
2035195988
2118476969
1016905525
258187099
1850844714
1818805030
1377329491
1556575454
1665347268
1630497546
1771763753
334319085
1121580147
328431098
1206095825
508878686
798584943
1542652457
100113464
934712334
55421422
1419064804
845059682
630471569
976608219
1770477482
795734582
2099281631
1046389502
1345188414
1343116688
521912014
278243041
1378746094
1984380607
807837977
924031082
1891574442
1397905304
1335653012
488711736
1057276186
1750786727
1345078809
388976978
1224165568
1815999424
210796396
35880559
326841711
823119899
593208905
194364426
65324798
1740275581
2017909404
1787499985
1536046769
1066090262
1509238075
543283285
421982643
1116275985
686049542
1095616997
1679629690
1080269941
1319766436
742417991
1894498161
1533404102
735067169
623044350
834155765
1355947373
2039631344
1083223395
1116362357
1418605574
88116352
19282761
1537342169
1527016553
1526767496
772717569
1419752762
791025562
585153680
1630372887
457029938
1858651324
208499446
2112234762
543544270
625611754
1619909886
1245136182
1871045665
1557552689
1118888097
1232218569
1619298556
2128134643
1770164657
1703474137
2096520033
991369116
1819998752
1505545472
722053325
338776240
1787158541
2083862215
680972642
575111619
1132160599
765527851
721964105
404495882
789553474
359813809
13181485
506895303
1885260732
869826240
780089258
1952069288
1640120662
924808143
1103678338
1989772731
1716764458
1941577619
1652034001
2034554931
1018605841
143271816
893025836
986681409
491579500
899214553
41871193
1323842821
1286471787
1593186867
357242400
1400197783
1665904910
101678489
1204634229
939534219
1982498877
1940300257
565130053
137911349
2146898552
44530056
108133436
1760058911
1908465832
1045114710
2000140354
1371095243
637784303
1400591390
372091212
1490249883
27693037
1798830933
1515737297
626137478
727956906
1271663709
1775964317
53520836
1908084852
143118903
2017457466
1498161773
446190039
1899179401
1665835888
1232656863
421169854
1182387699
187993165
1592236700
1810890142
143148803
499757703
1029244129
898470707
1851846275
851773982
1266103010
2113560686
1883826992
475376153
1343171618
1185539046
310743117
778924460
1772979184
582141413
1743571475
97423826
1465194438
130742761
37593254
1979768043
1203398323
235166771
2037872962
834787644
1518833501
1503131417
1146030314
1940985808
304045976
1726274780
1213152354
1560441428
1953500822
1086254373
557844594
1125899604
1582659391
1868390082
1188694217
1142759481
1234058148
915270091
1065198659
497473668
335559154
1524058725
1325241625
1491617064
1568263585
1589441658
1225878070
1607864777
1159355794
959569006
1112367064
515360995
1533579864
1708476325
423348962
325919826
613773258
1426896702
1832948634
304149128
418794119
1249602656
1033065126
580534032
1351480494
336031518
1144683348
648482629
821058114
1843505129
799216193
654712438
1879247069
218540194
1523268384
1582242968
1975359869
1061920584
1433462837
777832727
990389432
2086933320
1487322802
65478847
1430138253
1663230806
1901423126
919660155
769178592
577123
1184986045
298829928
1420755095
1374408853
380672107
2067548688
712489140
2143068178
606454788
439462663
1421574220
1113045611
665180342
911680834
1071634195
168368017
1648627609
894972156
120882402
565991173
684279729
1241586831
1651228504
361861914
1855103546
1000759736
1531583730
1332753358
1618621130
1787811937
804819877
1746889901
1532226349
1081452962
2054692636
330580210
951687808
477548366
45457775
1372671157
542939148
1001238745
104801627
1416489710
476777157
652216584
778088892
1082972697
1638181739
1057033366
1210721728
196595551
237147974
709994005
1551223602
1320015231
635731922
1153164936
93543972
1864050233
1696269882
1154537898
526137151
1863225360
1279200730
632653069
293935359
1555942227
561648384
1848707136
1163620335
1954806170
576764913
54049526
1162293332
2017084216
411835392
198120032
946827886
1473697540
655518922
1859739527
772402863
2037735528
790890939
2117272007
1312544725
1182273898
892633804
2022650411
41513415
1202000465
1985021345
1596577615
488801491
1576862124
248328152
416141693
1826492732
304458316
1223137434
1812160266
871492096
1672676823
440737269
190773572
990818502
1044135445
812638516
913680746
136983577
50202975
1631004078
61207002
530980983
579151134
1273917355
1123191481
1805055350
1973536606
319558235
1396662352
2052381940
1139910846
2047176740
318168773
1407139241
767015991
56680316
121956776
1983131100
1833026869
2060797864
1589694799
590714142
1720328823
663849087
892313221
777531301
349264895
1152143869
1588618982
1704397714
1485150511
1255731683
1008159831
1855945553
514764060
412530715
60287952
1573803104
750585941
938284532
1999421740
504828924
1806052462
478479198
1578033224
215138076
198848200
1670754216
1259976802
728974261
1021496822
872781228
714269399
618889475
906566980
1419599381
1109301602
539870049
52345724
1281635100
1849873886
1034871989
288285534
1551967658
1165416851
365551793
1145983408
322870282
112171533
555668392
155246850
867178275
1141881032
826621666
1158896493
1325390532
462603095
945271893
1911785425
338267133
1198437549
1048843512
1111488835
1011826751
819409458
1501396299
919588986
472437233
724209
967644262
2017197586
96019706
27516100
1443589873
324134436
503390128
1089389956
1236332220
452656030
571991728
430464318
815987872
1972659879
648218218
956625627
1452205091
716443146
1312181169
1036232680
639284983
105478796
2084934007
1969016876
731466458
1616068050
1050189688
160345898
425480070
397136244
1649269467
2059477176
2137474812
281661963
1069134403
1102397410
1582055018
287383853
484697389
1252263153
1794562709
11283899
876568626
119684099
171784652
1001709693
116346589
665590097
426127241
929430650
1584084658
1087525368
1325347665
2145108423
1944951167
1765610890
1406267439
1261184727
1829545710
1704967347
23078107
47375408
1316085918
637046033
1858344074
1987861318
181595900
1832885745
1758933139
1780617909
1969872989
1160299768
277592562
1828260424
483740846
2009553820
929886312
1792846568
1090251219
250730642
789911499
1705170500
1025471991
368473222
840426469
546909667
1461343695
2120542756
1889245398
1407989580
1806044043
362410731
121917004
118500329
1748918280
504011563
1135032682
1093943564
672700860
841712342
1462614040
1325668307
1795208581
51965538
76748449
1745933483
92493541
1212769939
1742284074
1457218834
680513189
664973559
1469587747
1459789598
635338899
820843783
442055432
587542494
392282262
909237976
282613083
505709545
969481989
1339115784
825934857
744738905
398413116
1965284455
488798086
598703389
80410932
1620102651
1409714035
162879148
459597318
1975083541
1265743661
322041548
920211225
1340401902
118667390
952297883
572463672
1975516246
766298698
271542077
206102125
766982859
2124180810
1951091473
706876539
944366104
1606118961
899004353
1108061301
226297672
1176910813
1469945380
636649347
1630463106
1188831032
1053483042
2055444811
537455239
972149916
1555307279
1926992550
1617130594
612737583
1397360325
971087960
1689360457
632615250
227751849
1919070763
2137096013
760984693
908958012
302320075
1338354964
1840025669
1965191103
391682983
19593925
1951590282
1714308049
1363155532
1660441471
1810580255
799066866
1058471665
1141313203
949309125
228938530
1832977980
1911790024
3453589
1694317016
1687812273
1883519858
719737555
1890620537
1162133349
1930376534
274080149
1698374624
1999160585
915689601
1423844299
150681646
380828750
815414361
1859017808
193070584
1581104915
1618690056
1418528482
305825753
822127082
672925194
128822947
1225673866
1945564340
1272967978
1534550404
686625998
682167747
1435830475
82797457
767120775
1148818585
678144177
2021402817
1060038754
1588524912
411575540
1633121687
311345980
1260117272
1659082578
111337830
874390492
620548523
984649572
1520172094
558016283
1592661600
722652143
1435911081
72242068
846255648
1848238395
881963494
1807584496
317899476
1303621247
126343931
68434015
273624532
1210875183
953747770
1841894212
392411149
69757224
1569942678
930920554
755213892
1763699365
302366314
1453301216
216227344
1528223287
438780803
1571680376
686965043
2072746
716695797
1478093105
86206787
31679373
1666393537
118562823
1783107662
99303072
882127219
522152003
1906946301
1733200725
488767315
850240301
1261071126
1668003388
1398994051
909295536
1083816652
768995589
121717121
1700245140
1897612151
1600246430
1973054023
2061713351
1185685829
1052052781
1351271359
1005964152
200567344
1601133976
2034927207
347156719
1085191361
751720563
1929853321
1963798977
977856593
2000297345
1783559256
1833935507
553119845
952374284
734372388
728077448
2085756537
3532636
422227161
182561778
1895403100
1566938001
1700543721
1204336766
1276494870
420079036
800261199
1752519725
1382506042
87468481
2018084240
1536565781
774334953
1113826548
457118289
606262040
1135503815
1859443046
1344090961
1343822652
1062259793
1626181148
1476196450
646524314
2055126213
1143683987
1486997875
1869541780
20273884
790407874
1220278158
127693465
629209621
1362378074
867589805
801399743
644686985
121783408
1504028679
600126085
1176829057
1823403030
1162026703
270536669
361257801
1429829270
1644814812
1450681137
1939368685
1015928053
2130114192
295817350
305001919
2063110031
559006529
683836322
1642166632
1393810513
1174008657
934852423
96314630
1605823057
1320245734
1446343843
1837466340
1235042394
4333037
1813541363
1756352810
159285715
1819328576
1329456326
1664168191
1082701574
764331430
1761925
1661482472
350682288
961650038
1516421951
587510113
532138570
1124267646
705436322
1192536586
1905231844
1538084601
230027228
677331317
1608835837
912588136
543019714
847396497
1823628675
1061935725
1306635134
963377923
786950011
468676235
1202971900
96358407
1618508164
1431432351
1008813562
331064314
1159564370
1829347511
17868520
1669369803
238160806
1431423913
1629222912
1307737586
1009809980
93870575
2040832212
655639604
1654817452
1877620630
604023905
484587773
1926186095
1873985932
1151083136
123249098
888560141
1006037881
1260400409
1699571394
1641794237
223672691
505485404
985376360
1026663287
1977715797
1960954282
647198955
982897965
2123559205
1423571687
1318821940
1343664633
1326263297
1395524990
249595771
483569261
76226228
242018951
1205548797
1926966957
827955611
259961458
480882376
2031164710
1921011716
921149675
1628347675
1480064835
392177423
27624100
2082717244
957860642
601153757
1065603998
2074687402
1494095369
1848186950
138548836
918701290
969811034
538387033
579194968
168947455
314444155
1223079986
283963155
1385040502
260305866
635061531
703464781
2056089747
1680425170
296819157
355766933
1391177540
1506444488
1132970137
677717716
1378244141
1226448240
2011260787
888701587
591585041
1689222837
626871401
973527514
445631606
1068591207
535408742
1458163481
662050194
469484601
1874620025
2069910113
435321447
217166316
1934958372
1125273112
1053630857
2052180330
1188558541
139500662
534311760
1040050462
440574253
105241150
1411248963
943753611
2091126988
58750858
745707673
1651810887
853659620
1727225603
419062199
738504186
711962151
157367028
325953320
53694331
2146858367
230666865
365207016
175733056
519197737
1576678322
439352998
263538544
1239189796
1222837650
1810854170
1199563550
508638271
975260831
1562433221
474645773
2120152340
336536293
1801341539
1288409175
968125266
604261664
1561326847
1993311964
440639204
164588416
136029397
78618875
1436569461
321121071
550623738
1399514851
1465364444
372570882
1698614009
251511524
631454341
519376979
1929649755
2094082368
974025372
1183216719
466569544
1196380200
1554502544
205457702
416633364
928981997
692769073
2135642561
373692449
2128092094
301652028
1081346928
1776487636
38651192
1428904021
1507383684
1352415104
1619436323
1361791238
1987656109
521624091
1865197468
672447572
1411128219
1749113249
1108061756
1278605486
770141956
667783173
958401360
28951857
742958624
1327902303
474428671
1443018423
1073372452
368046454
294015551
461992198
2052552863
1402619788
305528539
982364677
660500619
1523519995
1700309599
299900710
499028073
1488431359
1393989088
1293519139
636938351
340809654
1818325984
1878415526
1054784987
781983133
1654543774
1241077620
1632612693
703289580
1443992813
100220160
868647988
296811470
301423152
797123562
286708245
1557996678
1324762709
178263513
1621261002
356111155
1166993251
327228212
1410441333
887598503
1453057329
1179593672
636177316
1343874228
1627240726
1459277541
720114076
512149764
1108255392
2057222549
613429831
1438485255
1177295323
1094400852
570236180
1821005809
917626622
866452418
1846619345
1259565409
824039789
1003090424
1895603185
1239286360
209768111
570148137
1036316364
1111404327
1100519692
1316959520
616418065
923759128
277437874
697958162
1953644676
1413130462
1383122995
565239070
389008970
1319903082
1326059712
1843798741
348224279
1679846774
521805867
1878013800
1838108640
1582237232
1383877834
92950322
1139229156
237191470
16903021
283062952
1542547727
169181707
1545996686
1524599251
39110338
1356760960
822853981
417368235
1666659709
728894168
246350136
1841809495
1704116547
143198778
728541186
478134946
1448527375
981854817
1055702630
1956433176
1656275666
387572414
746468964
1073201925
893916954
1436289935
1865132997
924332539
1352750104
1619353896
1796269997
1369266463
219470956
974598160
1590690449
1950724290
586293505
2107108732
1101844262
390138304
420876414
580408778
1275590006
1608276860
1947588509
163587723
1113250277
620083920
151914353
1625012230
1617477004
433807323
611894774
298380613
284434844
931661200
683217158
528668600
738555744
1059169685
2085408402
1837669862
1830235541
1529181740
1871795601
1855769360
238932699
1951927715
260031311
1296953314
1054169283
930630819
1267160688
1713080149
1089251891
955659555
2115678018
1596701062
1110682035
1091647646
2130137796
1694215502
209598260
1370158884
704992593
35963337
375207886
1452069321
1539396080
1988544676
1925136430
863974274
636724585
470106240
867450051
18992968
342360475
1201987736
315496558
786703975
1764649039
235674379
1890771505
2113067079
1687929063
1541963433
1693951178
1203642158
373027148
1131353951
526260684
247129011
1436540597
686055385
992380417
1842684514
1330522217
116036071
1254103341
1897640384
1810034909
965641386
982576882
1238954783
529857552
2029482128
547123383
132445535
1150292123
60524227
384344300
2051367904
699248393
1453338275
1675537908
1382798141
1551637535
1127244538
1365082425
1439213899
604420196
673491409
631245648
145300655
1699876476
691384532
1069744624
1644711643
1512975677
1939264720
933551931
1489911378
885468936
9794190
1457176858
1814839314
1642089184
1314309321
1186973196
118621471
754201149
703856228
716746677
1835692877
855350171
582904602
803224716
298511197
192832453
468650733
790426431
1831548868
1417712475
185499630
2030284529
693666317
1051712599
1599311792
195384089
49374973
159139061
78469835
1278944341
1838110531
1382644376
352553031
527380648
128035129
1205852277
475324379
1680230638
734778887
1822700016
28265926
1987197922
1018985498
1297963787
1473614750
541221485
1712111672
1663130562
1858578234
1840875279
1297813997
1262720478
875136926
1292803095
372604660
1539008671
1222073469
128979259
1746130881
840297064
1317923195
348075533
1149412431
142116402
1219377290
868336077
1118372364
107954569
861818434
1466174834
1708049452
328450991
1711822708
442965783
1062805945
1574603337
1895603802
331347658
2140078028
927649233
2045051760
1757198451
1654503075
888197386
2124554806
664329707
710265743
1490199850
1350300948
1203668188
1955772422
1903150514
1918694626
1617452012
1634393925
398229819
1885106606
850714625
709582145
1001627482
1141973344
1947001498
1691217796
1920890783
1676346855
726919359
2100187512
1708763619
154952372
441213163
2052982400
1789634498
1815460136
2127074089
48424917
1457774897
1925597449
1200698265
226658607
524631316
1443792904
1420379917
849875797
205061394
1502966777
1637273787
1388660201
1118493517
1337222802
1889149937
661731523
1088673382
880684196
79666124
485019553
241470073
1940281823
1473573946
787790860
996202134
1061121965
1513509146
1217001911
755859779
1582560450
697305608
1094741078
261482982
1317084479
413600332
1211933339
1448918616
1854984088
2094593473
848519489
1666677552
1003928280
234577548
1485339260
764290559
1035449507
1720808309
988874015
455071114
12775668
1309376099
2083567381
51613557
1939778212
547644328
2117337845
766520727
925748220
903818167
702737294
1583603301
455173728
1400305756
1226391936
1892490019
640776295
826543252
415663085
1343222715
1124291577
143852715
1663998441
2066248872
21035090
2072007367
166425175
1841880353
1206503291
528349339
315347999
161151363
932947509
99227008
114381195
599390244
1542141623
1807337018
1047968367
934850956
1056204079
1635440779
1315147734
1936105503
1581436525
478090589
264715339
922066186
600651221
591695747
2128688887
1609387970
795143336
796847612
1334615289
406180069
220136534
1850823615
390305515
671782555
1304321310
1468883629
1693435940
612584885
666412849
1872741486
1789772296
630300700
1038721240
64534475
2114964029
2064926928
1689672166
544737667
2044676942
1595336201
1751774496
1264107672
1679693737
273861036
1090755117
1311439350
804652701
966383731
475606347
442969694
564573785
1379079443
176508424
1471639348
963774068
1889951419
775923695
1062123218
1232202572
445370373
1558656261
1918142587
716227783
1966145036
927119286
758370547
1676385558
933481602
1776512421
1031791137
224019222
22332535
459964879
2123731202
1562856749
526562030
719242153
1232338267
1001497815
2123869510
1633326806
955310719
695153469
1637659917
154920884
40952523
756135448
2044684169
966252202
578793690
1173526735
367541855
309339164
542500589
270393955
647767563
894166118
178608663
1376427494
952642248
1117323847
844875223
1979665026
480076596
253130222
374353138
1249702857
318149636
1805683472
1805155699
1075640794
1959757967
1457061104
264640362
1481078008
1216548340
854108895
1332939425
1154544301
2093142559
1832576363
2036130774
1005611189
2053631501
393541405
790980468
1887971331
351831449
2097907623
9185744
287066180
1948987368
222533462
1774849395
418420734
1136449497
2050360651
166638211
527381188
149570470
1573810033
1942108033
542218605
492167325
759093771
230987499
580452746
1847637243
386514245
492107307
284890960
1776559159
1984925048
1826656427
1300822392
2018955897
1313993026
1952479749
58008286
1161439386
1666687609
1314362470
1986110742
800405959
252871668
1587211558
2134868315
1426658683
740640786
1970628611
183220231
286173146
1475159744
942560722
967147779
500042542
44846053
1761268700
589595299
1939640650
1732337672
898893427
1269936387
1672333286
813500969
1218781148
1825636011
1286984490
1434045913
1971966867
158348600
419067691
629010114
677451116
2086847423
404545405
903110152
320551355
1969188783
478469373
1906438268
1648749048
498379410
1650765664
1630118665
1800774930
1984652714
1869882666
607914270
2082970893
563715243
1992245580
625304830
347291620
1334986234
678532337
1303708609
1815245036
1299694305
1455265783
1768239081
504900678
876635014
287705644
793104122
1792835381
1871611132
1839531188
384840644
523088148
1739695579
266273096
1030664871
118843994
509398591
666061187
1177187325
1135851767
1104911106
2017942372
142126063
1908059630
1643570270
2138344824
1558431114
1075533831
1203091642
2109270998
272745715
47084850
757374748
83480323
2042713901
183881535
1441301583
307989577
1440592251
223935747
1183096618
1207044801
1688304935
435872138
1206757323
2054520391
1403901848
777033473
1939821509
1281564501
623256785
1825948336
659019632
1422654872
2123913817
138467522
815672793
1532306199
1012837691
359880933
26761097
1966096839
135023987
750871051
1130083991
1765356578
332323550
1744754421
2071068082
845212868
1922361061
235917747
2057663571
89041933
1396137775
924105457
2086022143
99727697
818893102
582136342
1146644748
1683103941
1996295528
107289029
945278679
708077753
427098412
1294016990
629894075
275740119
486639301
570598350
238566169
847044051
500265052
1308868861
1904715475
1988334422
850503220
1870557658
392601797
311820985
1130891369
243426130
1600163492
1313929343
1748337319
949876062
1503485869
2123995599
435917771
597269621
898310641
165349183
1955240748
1510899687
907074755
1394457376
139368748
383202038
351256171
1770991901
2028289433
123035074
2134480434
2107425451
1464121612
2125297437
177491276
1999883371
2065932598
1210205836
2117647682
286775833
343016432
1310473733
1131475223
575806037
1906004061
1423286659
1179740754
868082187
1369929708
318240309
1906837782
1204394388
1878119223
1948962709
947613058
1266414752
425586572
846976812
752272863
490403918
1881600221
219159985
562654097
819795033
383157968
51721387
1555067811
238629031
90182438
1256431308
907704871
887429051
443357154
2054366420
1196450265
1679359428
1708279693
1215182450
1077392849
140764460
576587420
1023273855
338210349
2061908528
1512536991
1732741947
413397290
818799738
2051511107
438686111
1153517436
803131356
1446254094
1994448065
1760393394
1510879332
1465995001
183689519
232093230
1602057733
1450903383
682015280
542122787
931479114
1415755341
731708011
1504328832
2072416550
452738726
1455019353
1926668311
279428677
1990887973
259214024
308985898
453089146
980139234
2034367878
761088650
784905849
1105559927
495789364
565120970
470872107
1623887276
1171220681
1888675562
1635219321
779131276
1452248574
781076659
58799290
1801422127
799990302
2057587471
1302127301
696694105
1620459383
1259312499
492787596
2147065269
5757886
2047593562
551522984
417572798
2115060635
1592021319
1321361547
963448691
290725831
1238855990
1493891235
190238165
1651657878
191373093
1378754059
2079747751
2139478875
419257659
1961075503
1429642012
717059809
2043853803
312030511
1385678858
240923710
1095593270
1424091457
1138137944
940067221
1081191281
1691706997
1187245780
662062881
831432140
374492331
660674258
1630954762
215592385
1479725173
1133494343
1305715769
1287745048
1970033084
2125264969
513594609
2072847926
1545466126
1068027598
560452464
1614859539
759899578
1757085881
445879913
123322310
496306910
628220549
1965284612
1230693173
438418048
1845760722
1383778117
1182719475
860976202
1962191090
1575248456
2088883252
719958880
1679165667
1264173969
1130683535
1344264456
1141367319
206257331
1622867675
1760526882
1264683989
884382898
120889331
2140040363
1522791326
12783782
270687188
1907928605
327853445
1625708920
288749441
1793754090
724649711
1077385212
1923012055
1855802650
769020035
1614997143
1402301431
1995801056
1527271035
1711789301
124439942
1187265860
912612811
1904517440
1130891704
1986143760
779685944
1120005774
1740020432
1674064103
1665835953
1942469166
1210532681
626147422
58306710
173238350
1028514093
1774433887
21802198
1351103357
1378794630
2083289341
1229721139
940453248
853856413
858996104
1033992435
815013979
1976851131
1014608640
446966130
1903208380
236335146
223730317
179756439
1527163570
1347424566
948817760
1037339081
1855343797
1299094017
823070569
1259028345
1521848105
51927845
784240047
1539403298
119997272
438491570
363043148
701872132
1182957972
712148314
514623227
524347704
1766591026
1680481627
1062488307
1073895255
671196560
456280955
1217529176
533559756
1624754766
425006462
450073421
1457140953
1734837399
495105478
1411944588
236667675
397576212
880305010
602348813
1725579542
12778479
1573901103
1411979569
116619268
1730609922
2008538497
1110659473
1615084109
1967742630
2073578682
1904327670
210685213
1158977789
95823951
1298431560
1512070464
945426056
693958824
1875367368
1166095805
766155865
636158997
1178990676
612309579
311966959
777837909
474571026
847274644
1610838661
211240963
1813064873
1921694346
562372035
360679422
1549266490
924522815
1668829447
449991129
858120266
233148740
1427264125
554091805
1069852723
1675563280
36157325
2050282941
969603136
1739206200
1232737504
564933986
2034187587
1223443649
1182495390
1658005250
1509470369
1935449020
1491545161
1567088245
332802637
1059365665
811359672
588898521
1641336014
1018382209
280393020
2018668612
1665944157
1833291200
1162161326
1998450166
1575100648
379764385
1948709695
630758382
2131527961
1924853031
506401645
23706310
1362608002
113916510
1034843709
1102848035
1682388069
1842561932
1940549417
175402882
90878137
629043525
1889056564
1078306392
1092277672
1205839308
563498400
377482768
1970681187
219962481
932693723
497018749
1703960470
823312726
1876057147
635777821
1343517908
1305695310
268317399
530472755
259354550
376083197
368962017
1413344330
282517867
1206611227
1368620563
12388301
1678422407
737849695
472423658
1267701258
512966589
1085854011
1221781604
516786311
1923630124
1789940725
1904333382
1535957467
1018553005
74873889
936290147
1970101815
151896557
75402080
1565815050
1829141910
1942242492
1571185027
1518228748
848319165
334829851
553429538
1265313738
1270919360
2057710120
236552862
1515695095
1966117032
1505374491
304477845
951214601
1382019017
1524444315
924371743
1219505661
2003062042
1036447852
1456236504
1022487867
1437138060
1004214402
462653411
1782904651
152294240
1543510783
1582634638
142456853
1962090734
592868724
48344297
156897046
128524493
1956334682
1165154091
1261434835
410022276
382948471
2046550412
1684544139
1607883271
994829189
1239334658
1878669063
1033872443
1860123639
1561394362
1615458194
49785222
548499761
1080593877
1592852748
1854082189
559325667
632563555
686704114
1997012214
2017662069
1355746633
1249500705
591216517
1007648607
153618571
1434503361
40440742
1266030409
941493140
667864749
761840405
2016747017
1544803911
383386437
376063021
1922346305
1674175106
1482745344
1322901980
64867518
155901401
1542662573
852971104
769812043
1714441094
1123081077
88961283
33669868
1531779402
945243026
1040533887
1517986214
1869113102
1933144269
468180953
1088362833
51442564
1871680859
377781835
825653614
1781915920
1248228315
55253438
1808090867
692972299
896586415
1802635007
763958611
1537454646
1043679133
25205253
1371633724
335321452
671855523
873068317
293189060
1383370769
1828755832
1397877471
841589400
1116606796
1664703689
1724005859
1021731666
284511813
688104829
1479272904
1172472444
1081680877
658792845
1474526525
1333375279
1758423820
1625031259
192936904
12359159
1195414937
1210490338
1135725759
1757973618
99843546
84432888
576150936
23555355
2103789060
2118654400
1551423059
1527047388
1598829090
1293791580
2133306843
1650641264
931903829
1611267040
1139016813
65295653
557399781
913228606
1008034169
1822330844
1201328100
1734912482
1500977477
1684235326
1284349375
1596997377
1908497684
955347053
1916591878
469880852
88481912
1173172369
1408647208
805606630
2079541550
686355318
59403899
1413280589
1068580720
795119791
1192730549
175759449
165597879
16842310
1902101835
2018879268
456330083
1594606725
163003023
1243083994
1965261518
101329418
166935322
1732575516
46205441
1410958235
116460550
1781967386
311035898
1864938870
111418578
1906191498
5242450
1826475558
1778888857
1471681142
2022183109
1382797077
1810723684
326016390
3248802
1190568439
253036883
1514666691
1806647751
1247381533
1397327377
1045559309
1898502346
612611685
2057709638
2127477528
299753999
2144932907
499011792
1753645804
1039145890
1702347670
555118333
519822921
1203800845
561709770
1472826143
501711416
1931630537
763615282
966884020
232745230
1241920355
1417588433
606641948
255354903
2124654192
175221118
152369038
911761125
1543033858
1170411363
1381860144
431674830
2035731136
810654767
521078985
798282891
2112679198
1850838890
1607098360
2068311664
202002087
204184912
1567392586
316843034
764914781
1011564936
1966042588
358337512
2051296547
1271487521
74811124
647314935
33113754
1985347476
2067265309
64060737
975382693
1137917998
1404873987
477575037
1549707163
594399486
1793502411
1132679868
1680623518
250357721
1259993904
879561437
604061399
696123558
450854950
387808469
512682790
1099441947
128938885
757178106
681960344
1411533500
703912168
1088320488
4791269
452541330
1860374294
405379194
619841354
1153322227
1612110039
453955873
1187959127
1006492172
822115243
1419040163
1870093371
129493215
1924026443
163608412
738934119
411869403
349041957
532844098
511171370
1365051616
873309035
597056538
273105070
334261519
1331875501
293818059
714485942
1334288348
373869653
365476865
945710965
1685302381
36337920
882071073
1897224639
1343091605
606109087
2022284012
1520450276
1946889890
1468173813
348805599
1390564734
436082657
494856392
2074027802
1539698119
1647247062
1141202008
1127205519
1895684619
226903068
1786179943
1970369441
1352339706
262736591
1180610605
1142106097
1106131993
1209317483
475073271
54608333
2030211192
1800346796
292256837
354952056
674902330
1841716860
1999872368
1832551787
1497776942
381394783
449841220
624870103
1301858299
2117681330
801737792
1503381602
1532438390
1405769794
205968939
1601495747
163986880
895836453
6642811
1105552906
438901906
197501432
628089943
1271183479
1136479521
1708345614
1158036775
1730110392
565988794
1888139164
153155991
2060465747
1799488583
21526096
601596145
800036831
956673957
614511588
1649807695
159275611
1444077896
1438376129
2024720843
801239065
558548126
770297978
1507372921
105027253
371132030
348717433
980463155
147649280
1807294082
1158094164
1378981754
1668790038
1880514646
162209797
1109575088
1934993197
1595350908
709811660
662514431
1173191681
1268543877
847298714
8943697
805222906
791917980
131497562
885335405
827783401
1396386854
2021257985
2069725374
693026840
1898896975
467918770
1073585558
860520897
510358035
2012137993
1383887565
2105303830
364680311
1763232259
1003792784
1150954833
2067189523
649575852
304798491
1030492343
543603465
1931894889
1184375247
1965340501
781655781
1865923145
1926875217
1320080650
1496381738
1078473204
233411191
818170149
1925581920
2147198938
949599933
1792299602
152111593
2009901995
1110942960
718874610
436246659
1364754699
615997632
1415769130
1090755705
2012359036
1489925322
125471721
1917509270
2106691365
1525585810
146493752
1157344765
92336907
859241942
412243236
2112691650
143550528
1018317856
817325511
1439993887
648864576
672851947
1664829526
1537183345
245804449
790587372
425353541
766955696
118679836
1664378700
1298774812
2099703721
1601856386
991631172
1407517259
1389119470
315446172
1012982536
601240551
866148515
1407791008
1311421513
1609697149
238080235
134636712
541882720
1003282038
248877724
1555836539
916434475
565808178
718124046
797828898
1620307648
348961903
1812801609
546257413
246050547
1162719477
1500413135
974929214
707649031
1202128119
856466736
1641558293
1696787270
530195943
1152460007
155658985
910762494
1748315261
314423782
1912776007
1613726924
167371201
682823126
1947405291
408577502
1961589380
1569693146
1306338585
689547992
194565852
839915263
718222464
419977947
768789590
1206273406
654157436
119403777
1139646879
1309182118
1326613643
485144550
1669835036
627635634
1881996287
1365974807
1948783194
1841790719
2142849645
1632935566
1435872282
319850334
63771250
80586333
2042412548
122762307
2038569774
272903855
589562819
1936264877
836323668
1884633235
2062888387
93550780
569675030
932954892
1090474790
34637022
2098167079
161214501
404224457
1427390075
160751719
77048529
1659621677
1814968179
1491160428
1066763251
65922288
216664353
1230276191
1551638239
1815314988
1699114136
667931745
1236257189
1619395805
146858905
507513485
1440034913
1704909593
617516235
582719520
840190927
1794557890
94415805
792993340
1343286332
1286477139
1905878574
85773841
67116853
429628536
1994389442
1953375701
1264987622
1848355913
1980410640
666640200
65296080
1170632877
647586819
288888628
1413514688
1592385445
825464675
1121921414
651322898
1456441714
131293472
321727802
1869223171
74500456
1016276047
330764033
676950476
1374651886
1653305862
1737789005
724978756
148069164
845118265
1832295116
118045266
1016747827
2021551087
1732261831
1636362805
1928918960
806600650
465089884
1626907721
1152767069
2130942040
2067295775
344335540
1582689791
1153382705
1241587810
2123226324
214544055
367148075
312465707
1516551022
1080049801
175095861
242482257
1897536110
1512992497
1330540057
1023372785
918699582
1865286218
362460322
1447501401
110426888
1502109708
1462623549
879932955
1068618659
1832346485
9091226
313355763
874135822
420158795
1133789153
414569573
623945690
1206723018
2033500635
2059679584
1424716714
268950522
1877222560
1276408546
1893628384
1137727623
196869270
1274372322
2032055355
1705348229
858576121
1612540449
2113984075
23132448
147860730
502406173
723949896
1694959366
634179207
626191156
1830341757
1501917802
229986195
2003535954
579097719
1470063692
58989264
170031948
1667711351
147899912
1796480611
1125209795
125624970
1018371850
582324002
1062857133
1507276174
1600691196
2075974496
71806943
1793390642
507515547
74503536
1992651494
621179023
927277443
1694720969
680307875
1521465446
154426318
120951375
2106483945
894843150
784259549
262274260
309422846
241007524
1641888230
514042625
1010160571
1295883271
44401231
737964211
1953322956
1899923946
269315460
1538546016
1633465605
322458343
284863226
1143212511
2123006923
2048574848
1714481213
58128932
487872181
1589044657
70562788
1192848953
2049446327
613364139
703546408
656045812
2051531869
1545123957
972251285
1474358289
1499421987
525582124
1899082830
2034618906
1660564047
703874190
916988004
1836014591
552509162
584278291
1059936962
2138021533
2026020271
1108553604
1564653312
2102318941
2146251126
762359376
455755553
264158179
833223221
1686977650
453214736
23854191
188331773
705330061
1494321146
1893431870
1762771343
692637778
187329731
597446470
1670623551
1344634356
402414192
352883891
736077610
1389127829
1348708789
941553032
384802686
816554530
1476713228
276502126
1313307080
1585781100
1709774319
119100881
45719717
1827387202
237316798
99536464
1120903169
1440979004
502714038
988958911
26152301
477051175
1638946756
1096697996
1540910601
1503541029
608197428
1631834105
1987570985
1888593995
915231197
2110809250
835555967
143211555
1621676149
934282623
1363414326
1252559685
107101721
2056610121
2002623952
1968016929
1304881235
475945497
1645850842
2137849147
254752274
766948232
353225301
773485282
1178881037
1437165995
1708217174
363136398
1646924025
796681075
1283931041
1984344489
1904482375
676671430
1708600266
337811000
149498018
1720952027
1878211577
2115870787
1864820247
1114805311
1420499362
399661200
1457507367
585801929
1888386443
418214521
1888946781
1306332995
405120594
615670196
1625187903
235207088
633919081
1782382120
1395612477
322477918
478439813
2087424404
1296991116
997495171
707186931
134893040
1137005468
581876578
175759516
1191067762
518911825
552721785
41826086
496117290
1106129964
33112203
1965115146
1968830293
310616768
588598376
1884358159
694566395
1496214409
1217707005
1829745568
922168309
342091743
495156613
1632447089
1503038492
1955374684
1047945025
1908665148
196881358
791962518
469053888
31909657
125651166
1070214911
1426174027
2004266729
1553597386
1438234386
2007382449
270723600
1700101320
2029622380
1687430154
1046578493
627408891
845775779
967654690
852665737
2036921182
916350258
1232221021
1919874077
448467862
724466474
1362681078
876941767
1895781514
177883227
2002103573
1771349790
1766877772
566939971
1335317022
929597944
1177409425
1898745459
198592921
1023462213
1287748756
1978313917
1955821818
2108447776
1809606794
320278214
142507831
1292952437
921864956
16298215
1423097631
369517593
1710192247
993106045
2007042212
835419338
451256228
1148883684
1313187512
1265778012
1176366961
1441522628
410815478
1487170182
1754423702
1486984665
538969838
16386333
1048315867
1175639325
879910001
2044337986
132492554
570028993
362619253
1458441998
1691711377
948465803
433618064
1004927326
1361505811
121967891
100765813
2144752273
31915014
349294954
2035911980
2010002112
857233615
1875205097
599805587
1370803226
334114836
232254228
1162417790
281591675
766543588
402804777
867517873
1592848131
1751861565
1834630859
1787675473
912760260
972106007
1515751999
1003168286
1440355329
1992558144
642203156
379377717
110995701
258103728
1993502109
2111110037
1865115318
1132990342
1748340985
632398956
2134288009
1270864058
1032519517
1486216812
695670611
1860022395
226431515
922576717
2139366313
1863322973
1849755707
893840523
1008280430
1503664878
424461352
1594331100
2057006423
23454697
1570096475
550453460
114070974
1404404925
88386571
1882700983
715868710
1411754817
983388966
275950291
2131732726
1918870964
260004182
1820933455
443816793
2015690646
967871262
266965478
1541542272
502862296
734013843
665915066
264708193
1913030322
401538367
641708152
1959463228
150152143
1826933929
1852608202
1581675147
1948063572
1935875002
350225078
1774927728
128627998
1633630055
1424792254
1537376093
683298969
532685433
2079046330
1337109388
1190688265
1174272380
1291564060
266838398
1055376540
1985664232
1933086178
1700591939
1643775483
1111008510
1580022073
1997802083
8026056
1238073877
435395432
1361237019
1516188878
1551387284
703125674
1984453410
202211044
766466460
1914552865
1148617634
806463072
804142911
1500590198
870849912
1137161841
1092463452
1816300618
1042034114
600856607
1390957194
1199675306
1558563644
2118873872
141584709
673571378
918773066
1474534051
2032318569
1915955241
37162739
1002766389
557551435
1332883363
1981491043
1134192098
1104464980
2015101524
343720021
1205485250
1732198169
1983338436
631571881
1477096907
346509686
1537576944
866001817
261665666
571764792
152087298
352722317
315653395
1939241976
1959652308
296189579
1277130778
2047198563
289924822
787026347
509468333
683025880
1120118118
349045937
410158612
698127500
1590311662
46084588
605404565
1473987062
1230613573
973148413
2026074547
1100102464
1410261975
335859156
2121210288
520140467
1495275157
884931607
685755858
322771068
12714368
1587975095
1421217627
832128213
1107112649
426523644
1513943291
87915882
334146791
1501839640
1156365557
2005031657
1385143246
717443493
1597493517
1549875937
200053822
897452739
627860789
257454540
1907266859
805155486
868886580
773209026
1258346950
2041854470
1623060108
878210180
1613368080
2042599733
1816188082
635407051
2093237873
1803389790
862886300
33652380
1751780969
178773890
444284554
392435729
1611356808
103561674
1229922468
1316026380
456609378
521583704
663414055
1441302044
2037249838
724739656
1676790891
876716445
2134286848
1951051772
75637395
1183864068
925297760
1260047917
467874013
628153923
451508077
1984644399
1132066197
1307124404
543152170
122248437
1295549504
847745798
301177977
1183458969
1911128722
1786724979
1086939098
110298623
749565445
1485364420
2117022548
1111239836
1920658296
1342114784
554756330
1649938064
202044933
1814798631
667940893
1680215227
60463780
1336084368
1675989611
1481225313
883614644
1545217827
1266604946
1946558659
1250106957
778957786
397576195
228512232
785445897
1425683241
1096613706
890141376
945758686
403037514
308339320
1173551532
975572867
1315064527
687851339
617973979
82545120
1136391408
52838862
1703935999
1700901825
1756189376
1422077649
1294308128
1281696863
27369220
93345261
1316496716
416637931
10199631
432917509
1356211173
2099589018
658514731
1300431813
2123214953
1542525840
1446331286
1262764661
146276209
348716836
1847442941
1219577549
1410254929
728384798
1941649201
434777865
363038595
694834205
387205744
1851482573
996886033
876456319
1667088192
47359232
1562113722
385335378
148091122
1896383261
696576449
178235517
1013075642
699530163
79519309
927507767
1739015842
267548607
589092910
730709701
717843574
2062353263
797076434
1483662499
1107071141
1504348340
1145127570
62515392
1293561567
1595758230
1771703595
1239195733
966378945
1817128384
1005461867
798753060
1707042687
1009163036
650406706
1677492326
1661028271
1626528174
261571583
1112584178
1155029568
2006063354
394467437
2121699983
1601886074
435680837
2053283585
1653013768
92607511
732840249
1944087943
1963836539
25461347
556376340
1879508481
1141736482
950826206
937984615
1829709038
1003981252
1042868863
445505582
1266542579
434255391
473445969
325155353
249634090
1340399052
1422073729
213541020
1463223842
134817226
1984305439
254961476
72400248
1665847294
391995050
1011921193
963617982
1272234374
2079784569
1016461622
4362456
1196479584
306791100
1093875649
424363669
1609015114
819952429
969694892
1559392246
100190229
103670106
1917652558
1258971428
196573082
307910204
356532265
587286070
1928174686
1127059034
1762733432
1202260266
1275072486
1531736596
1207687990
285383033
1733332758
593783754
1710820539
1011919411
136862240
1650027238
1463806
1427257968
1280026421
34246074
1963597135
1318936151
1687877121
515378953
71220509
1676027581
946657803
1249715522
1700323848
1782532567
1691649478
282677604
1541433458
469786723
749280043
299490697
584463348
1875179092
1906917412
1566085755
2124869331
1187847973
798670468
1489332624
1434911512
723410228
1378271220
109377461
751329674
749062559
1525862643
1577989501
1394058140
133532275
1130598523
1070967436
1954921790
1288525999
1500835575
1588136200
430103083
746732739
2095813145
78869432
1698187685
1384257871
324506588
1240830667
1278870869
1639536831
213051019
724960051
2002602578
1884854095
416031261
1871765794
517747532
801924835
472821272
118758666
934364230
427942779
1049465285
893454479
1696226137
1758420345
1292411974
1479775826
1479197563
737574454
1635158586
1917694805
1536924869
470992395
1361407510
1748095811
133209073
151176025
418910070
694854825
1456178250
895189960
1713024817
799097103
828035874
2066708453
1617224217
136029994
1563187979
732197982
1905206366
753163257
1731392444
291818439
1299738879
1691330335
1639552062
1024553468
809106397
1318795700
160815233
1464251200
1198060505
369712529
2091072921
1959212532
929256039
1996856830
1346934842
1395078181
1882014120
672337736
656877658
1408518440
1924965751
2147383520
1085983095
258633096
292609954
1368976292
294424976
550387679
1413422456
2019082055
1604433251
314064762
235703652
757393526
1400555401
829240121
936669802
1586413033
200353062
93737039
773300916
110978471
71629332
1203236045
547872274
1925751527
970307513
1275118381
777744511
1407402009
1295498378
330817423
1496259835
70801036
800925158
297980107
2113186227
1385414249
85293629
1138002373
1850248986
2141661091
2127325236
1015648274
1539881535
887274183
2130486654
2033338374
1702338155
554618442
567262180
2103155550
999601269
1293449281
1630462928
1321770712
940283736
779332108
1123849326
1171331447
1976529060
326056815
1523843672
1603168513
193400452
1800790225
1680781220
1179800216
427570085
371643311
635014433
1057221023
1532193031
1829838756
1159882179
630471111
959864953
899897101
94313972
2051080248
1049354798
1117984712
1142618956
94323812
1565239448
803269587
1621676158
1382166725
99555536
1666768011
981545444
809988744
1541818376
758076146
2021219567
1952016949
495582165
