228907874
1654289532
564029299
1631781218
1173302093
231057009
964639579
1677316090
1720195017
1123632626
1347484877
821144644
1772157305
578625692
1877221734
1167069592
742079168
248134847
515376813
413039956
1913999988
722917412
1910146330
1454659572
1495754983
1858749731
1151566581
522090756
628728040
789411926
799491809
1185030321
102994661
661998963
1798538429
570679046
793059124
953108874
796090768
1199098635
501577737
1149185650
2021338134
608795656
852684560
1964089058
1124807271
1604508852
1810639564
132370295
2022768838
161197458
48977376
1502206265
1022562653
1974651448
2023441452
876153453
613936908
1031141176
294959308
1369203167
807313292
1359810457
483680967
1970815294
381423833
1160623972
1570255239
1917572705
1923502395
538623318
2100596673
634135092
2035035504
176818303
1831546802
497658921
2071846498
1126229421
934959208
1119768661
1738635863
390364
1390526587
278446135
248335885
551256729
1385447244
1001106609
1900022651
1939537483
1021381626
1303420199
925644745
129111204
575774874
1052316417
692641551
107058564
1490186502
57654047
790210663
1386827195
1022523158
1944178135
1222898664
1204918228
685040387
13036543
1347420591
151317145
1816449581
1396776599
784553611
1691940796
785335899
224406027
721444209
1387088141
880838512
2088109570
1767529715
944319170
1266206773
243986970
866666662
2079982612
118871084
390820330
1619483529
992631758
182274357
918087159
1010285825
189371181
57118977
1235218015
1661976342
1588179199
1832030222
1390669000
1664476039
1123538299
525310277
2053104094
1820578336
1759050687
584459830
347461208
419997034
1270293855
270604834
1796059710
784777917
1836730376
1316623133
1963871185
1613427846
529256097
446468728
1370050623
1577086922
2136630170
1701831223
157475692
1573037771
243100221
2045723250
1443900796
1864404369
1018925597
974852016
365334128
965637969
1822886916
263341813
1047736973
179351072
1484229912
1074663706
557251803
888645425
1700169889
1492589005
945319149
238230296
1083689588
1973797408
218855230
1434322195
902664733
303460624
449669152
1905561777
358327997
580367812
304280402
319022830
2007636201
1172288704
2112948064
2063290631
1784339136
1434537436
1672261348
393309136
488897316
1009033999
2103298786
2104909553
1220593517
504862788
367189071
1341219066
1034871165
1887464393
2031112052
1777962662
1502401362
687679983
1903561869
598640921
205516824
1338978952
1917597962
32760166
11288103
482963566
1180058565
115761210
1329153652
1123063276
63819962
1972761867
1577760649
1383645591
230532585
1585644864
96119854
1907493092
640600343
409389925
209084042
555730702
858444065
22396460
829951416
166460989
1195968402
1472485467
168878354
1847543353
1451929447
171742972
1505761022
1353373147
1715274676
1865908357
228858599
1122039440
495119723
92527642
197480517
2080298921
2118009310
923303365
1662906690
757077626
1107445775
1751939784
1164597065
2028223654
1729183852
973349094
1059494245
1055390966
782414298
430856538
2143212658
698799692
1912810050
255062673
1064146189
1598050411
1380831609
1074574595
1287017491
1134750338
107860249
124078696
819884136
1918952272
1899796078
2002211883
456621638
1380143417
1467358338
904469450
1577277586
1599183533
922556665
2110859377
1623173357
173319663
938919054
156717757
1744856337
969434485
5842840
1976893884
458042948
1040589575
138271447
910714023
828226972
930309296
125692221
1650341355
2110412596
383471770
763578456
670253672
1551456484
1529579570
1357062218
561249022
1091604180
1557721838
2109555
1329134146
673085278
1152359401
181443179
953312540
73965472
1506743349
1362282929
1621972298
312399123
956939944
975008188
430501333
308294897
1782676137
394622947
1919001068
1769022517
1377250071
1940837594
1208026408
795448224
1448300417
323137223
368289441
1604513406
402394976
1191115720
930445959
936080123
1109625101
1547907428
859831099
216630510
190011094
2127737414
686634449
1483385844
1361334400
1689326167
298441881
1622646004
1976210125
1819033007
531433537
1483951684
396637330
1600762971
1298002253
1954264386
2140581870
453647080
2101366939
1081030341
1004810980
461745222
1173060852
1481629418
695544768
1593669115
1837633210
1409655206
564633996
1704535696
1124243332
731454341
1109833163
608662637
1481223160
1438403487
1641792859
288174717
1452040889
436278807
118456972
323991191
2070192761
1181955261
486828157
580492665
2052391560
890044642
858392194
1764175102
400725360
447672688
94707992
817831543
248199734
1157888988
1543984689
1657266196
2056107686
325095773
433723917
1360279990
1127762225
1615202531
887095657
2016021681
261535512
320839438
685311652
1243797280
466524654
1612394825
1684325411
1029664449
2005929379
456583713
140694972
1431992903
1741489754
391404833
1935544229
929597568
864058691
1118707991
1594253364
1900032010
615381564
1833742349
971694718
1404275427
518867180
29657201
2035829838
485613180
887977262
1703354815
782712408
1390666130
1410601550
599834462
141551275
572331143
593408481
1217337750
1042934838
1568374954
1771206303
1729189247
2120708956
1106492195
879075682
1198804700
1575431979
1279797839
1648064965
1885553084
532115531
466949516
325265583
2069553178
750021763
1680198323
1479457004
1088168883
1636432915
938529937
443241
1272429905
403983420
207965912
1846211370
1249155495
1127222785
1025717588
1344804515
1105310000
2062795025
1568921750
397575811
1677918068
1253064888
2105764307
1872005998
2029552703
2115553623
119687801
1393563236
1624025380
165480979
868725214
2123151196
1148514117
1018101659
123701549
1970412395
312692932
8111890
1151305240
197506908
1368045983
1815085125
1412346267
909121783
3111202
578537750
1580715128
1108453766
11381528
1447320267
1306045269
214544557
1719758307
1048290723
1991177256
231828265
259244283
101286670
791316220
697667342
101422516
1076601530
65004689
791329839
754991787
933144034
729118259
1573270358
1367560511
1572791965
1374841888
2137043431
758809935
1481077740
1660632161
886772438
421727360
1719322884
1997007961
1102017888
1389386949
1637763191
2018279880
1181418844
458868906
1066884368
1239786378
1397668609
1329071342
1290608876
278851180
1151682252
520418789
1981511759
33940323
1508762924
867363164
854842307
205045382
1414041294
1499872468
1206033236
524830153
148579783
1642662365
909731209
1302093526
1787563256
30846956
263780940
1387426795
2138018367
196890974
1857878590
510265516
1929475599
1758426133
1307389049
1689762204
1244585295
1914978670
1974189736
1593337556
720622938
2071980624
1937937789
1895678437
564644234
828922253
59734863
1849206311
507520706
729173830
256659448
162549772
1329387774
1610474401
1709181204
1244854919
148229822
344826880
1175055379
508584784
2023406155
1617478796
1041169173
1342111335
1705828990
955256966
171172554
1080491701
1293812446
2007231928
868720079
1179016359
873518207
979709622
14760809
1385305165
1242476165
558019353
513037549
1546938399
225697452
1007460704
26993643
1285964930
394913090
551651004
409908834
1606216340
988998182
1238120272
365371165
87919726
1422382491
604157856
511550735
460768354
139233522
593454709
1776030899
1282377848
96584113
844134502
1527910534
405053618
999237049
424373087
779012934
156679811
1341207358
662153377
690793976
1000438447
1343279312
506609289
257595016
2140554050
362703125
137704481
854535043
1191671893
1364395975
185287630
702208332
1109158739
658106295
1834036816
983278011
1629233976
13942700
595487617
220267007
1666916344
426142188
803875303
1683224362
1231198873
248065633
2058333370
983410951
945461990
1514241438
539374894
304374168
39728287
1612084186
1925203082
239430978
2087115279
996711628
812331054
1939800143
584301817
1348356531
1555165462
727606145
914725351
654528244
1078501862
1032266267
1687099550
617418899
605843487
764262114
1778867462
556217613
826451551
1290449614
924264819
1362306693
300630705
1479647994
441044683
1244882558
1106609389
1644224322
100025534
171180034
1861921286
705553042
707128584
34932741
715841687
1497683890
206662715
1021908274
135672700
1977359835
1877376978
1395345249
1430376857
1850319371
2018274359
12334983
1647159613
1040690458
1874808794
1072387831
1803445699
354094333
856230842
500008471
1126437674
895905163
591631295
1981424048
908255773
728308550
245690328
949121174
705584535
168658035
888452376
540209272
539969880
493412591
548210902
1226569734
1970634379
906851730
580014917
1062130617
1087167899
346462219
145189819
519944507
1344202835
1058625733
705407372
1378247208
2056895180
1021641102
1679099598
1938328084
17241946
914982821
246798986
1074840902
1975418474
604189737
529778961
2064490409
1956551428
70918939
1381944741
1422776054
1167101064
990570727
1719280713
219397456
2126807960
1145611662
1444711218
478532525
29738407
418072244
83299786
978116451
1844538962
1914401562
1393293201
1806002880
1962647650
860517796
2089459556
1988015214
1962119929
1915468634
387005008
1362140205
1035174869
1916023084
1607206327
325408769
355173846
1826846861
1126704976
1045089909
2082802766
1737979885
1249322453
1066833616
670631887
1790170635
398022092
1909760080
292138721
213692519
173614810
1617181270
484947239
1618616258
1173319293
2120209384
246975276
1442154514
1485809386
1126452381
1411230845
319612191
1017429708
1676391134
2063716469
1528877620
173506543
1378217271
147838268
323870945
319440199
2145099354
1493966645
819668639
1378235120
1086637814
2060716272
2072709856
368100550
1351913313
779063911
1128688181
491370437
1362112438
1573764940
1665986852
1077401771
1466848639
176846075
425202610
1272403613
2077543886
696602888
1153027013
45917190
509545420
37245360
1808833823
357891275
43184758
1430967475
196257742
648861973
1763418156
1983976947
356055832
471411156
603558861
1538840163
2070491055
798851532
713038279
1315020134
1420702607
1657863314
893138670
1690644120
1218296631
1675690041
1848003582
1378956355
36960037
1273755309
2133241777
1726626489
678854689
1877167867
35559806
310832326
1047937166
35073323
724565475
685847374
759766962
147696562
1129826414
1727865694
27036032
1905491016
1523152001
422423125
1388318561
973062705
659220149
1469619692
1760453216
2049565387
722090714
23620044
1408133439
1942176694
372528249
2130892704
1335510122
747893616
2008198330
907958132
829330167
1489203373
1475865960
1789404685
317921052
324123417
1051747276
962230216
23886873
1532872386
851257411
50346300
554528062
668635330
2118166288
1981642030
1876469010
857803754
1284772019
109884064
1136237886
974756516
1569752269
1332980835
251593765
1642788872
172994155
2146666438
2072009256
1346795593
1620535786
1328421492
963176667
805843319
537718764
1512869734
1132246250
1175126241
2111130316
1456109783
741866584
359009382
1499824995
1680850874
997859918
964336011
1539531372
435553026
864252302
1718754591
1492338034
324131435
1500190237
676728855
787242532
1195809477
171591783
1755712907
799209453
676361618
2062490891
328395956
1103542083
250870269
864681526
2002331149
1688262716
494718495
487456226
758098009
820704751
2077356263
278968050
2098199747
2062624303
1651955496
694623860
2146786520
2011716891
933783479
2046540933
712897229
1482466292
748360482
1648666802
1764432516
1951445568
523884477
1720403432
142492112
2046899699
1759410147
150449239
534320097
2110109485
368004836
466302180
41224710
969108854
1976410170
1373781927
1716263217
316681939
1406631938
1599088248
1366097207
977695955
1037887963
625737792
1626714959
825738096
670472907
772228832
1227941394
243409946
400539474
1338045585
1619295691
247994253
335714628
1009397090
1038517596
1484431055
1343446980
814152118
27895796
1146845411
1490595717
1879820399
650411898
444460283
1200473413
1674071757
491183948
527618516
1102952469
1587532598
1692973145
1518802154
757669205
1842592443
409427796
1705995339
1939529624
381592586
629720446
1409175516
2077135782
603940028
1064931725
751718793
1449623813
458766899
1626780375
652430965
1949508899
384060319
62055576
565880074
1907416586
1296246418
1906904801
539464132
1047849572
280034302
1891420931
150718142
1582782416
283179551
561909768
639538438
1226303567
964806502
735077194
680254986
1078040784
291148919
390242040
1213092118
686392755
799478171
1570540507
2041891329
474535
1580686416
146397497
464738811
1710773518
1543469174
931781064
332432079
1758478201
719046111
774184308
568091149
1989991474
493124623
131276166
656919375
2037014707
1811215218
1936368440
52445389
1623987473
1285458489
1680171843
427200643
1829670232
1224401445
1977683161
328148712
1583653518
1963640283
638348311
900903177
66471515
1620128975
785783030
517220707
674167665
620926989
1749223056
2081069698
2105175227
717892650
1247373569
1813091115
410406461
2052751654
1028663174
709611275
1465680749
1842856065
994409308
910391198
1542080403
1387803518
2093826761
656032040
1264842497
1905581056
588326827
450441415
877057706
1559598687
992110224
991795938
587268322
684507992
298828518
1479041794
1230293928
848950892
817249592
1698423000
269450814
1370934134
1274121697
1355548724
470197544
1325358933
1411456996
547274361
1006653104
2146900002
1963259326
1086194141
1400207469
744446617
1071504798
795604460
786087724
1753235260
1136641734
878937708
1763635455
511872307
919587572
1654306960
640765882
209856530
1493811361
2025067314
2068858379
252310149
1198801913
226108553
1515791626
213641500
2050814411
1066517994
1881088056
2113834732
1371716750
444821053
1293120450
96470448
511715965
1338249674
390204305
1727445634
1419523437
1503843114
627545244
1225423731
477006169
565394933
985106386
1589489264
870547783
1265319851
468936025
135035228
1103652726
1766578151
1628045940
1917605253
895742694
1134425922
872537848
866309679
1668610644
564715009
78763602
1895090457
1016265654
1513595957
1561660408
2109780007
1998785831
964303952
1200048488
1792347716
1511556429
965364776
2081864380
1909415402
299634991
421223374
326847522
1204692458
528971313
535212478
1190275826
816907761
553825990
1829825682
35045233
2055143156
443570624
730274083
968812129
677924554
1198488566
1076962077
467855871
1995503656
1005811632
1081579792
99848316
153142114
108841997
1953149454
2116175906
1856124015
1326592934
379248337
840940604
1108395317
2098374631
589585892
521244841
178570897
748173710
2130430706
1429764772
1272670894
1593217196
1910038644
1285251379
1261144770
1662432126
515129887
1560548328
900576188
1977749414
1062159339
1217713502
881635638
524468297
2099722936
412555095
1258630218
347430703
786209845
1455848936
1681141665
1936796537
1384509230
750826733
1301715095
1268263571
1551528342
953372020
2044722650
1979641309
1347749860
1373240908
2071155168
2008913735
1348747969
284589429
1067778829
1422798724
1615413950
932661562
642082158
566205793
651953754
1620389312
114875613
743090744
1464512572
1502419640
989443222
1810865183
1213093236
1272720353
103883730
538345618
912439691
1823278812
11913140
935191310
78038200
1019460417
1562016959
366191750
1891200023
1825651925
1670497158
229367605
822705805
73107683
1769649955
2039858611
173078149
1937520090
2112486638
1252156317
1216822576
1218245294
1574595720
711296880
368584564
1664072730
1662739219
1885457041
1338232319
214233950
704100433
735673735
1577212804
1968932289
1366244818
1771808937
1384698009
167134956
1345708120
877562867
1449652055
1653302830
1369021479
1977397844
2077385248
469542118
2085577613
308329146
182351290
750689675
1217744906
1650574316
1252278015
467284366
20467532
715761905
921068803
325202776
1582065718
1786377264
1772258134
1180345938
55650472
1714774215
666794073
1398032407
357795411
1032345504
1915206283
947187477
1049504268
1448209448
75949939
1623254429
1674601214
564092994
546876919
727547461
254719528
1528340871
2064267201
631617213
619998120
586584988
1167018306
967857534
1627426214
85280940
422213082
1075011293
1441563270
1979774822
1308654947
1279873925
1715064407
190261988
521296792
1056897614
1904106663
1884352224
1285182937
1876870172
419866686
1161075759
2049961619
432722196
1247190952
1103419350
954590599
781176808
98855713
1979714454
828181763
1418181650
25239971
658744311
741331081
34459414
842830477
1378247071
1153277070
196998484
2140294401
245148013
1093983000
158441465
566254127
417663470
975434197
1201973289
850009585
1134409924
932453987
1692097310
2058038073
266240950
977138791
995695194
168320809
1995572970
1386619702
1982132191
2111799832
1417982862
691215642
863867594
181932607
880254860
1809423143
150308667
1163225935
936174038
862143083
468857824
528466611
1208997233
387823200
424023791
1214294337
577495474
313796834
379023708
1272308306
1885626230
573816416
1948150783
1675529251
1995225346
1559395054
114915326
1922226828
1927639532
594884739
719479927
1231105887
297846187
541207178
1015004831
1131226467
1790226540
1422841631
305916464
1515716748
956540656
1521504700
481386367
1412241205
1152458791
1217556294
605082861
1005803120
1163047033
154013967
440905711
983582375
860734962
1790776289
2082678026
1761883414
300459622
1713846786
144942464
31974933
928294514
29612180
1318252646
2064854642
789568479
700520360
1679525908
1637820865
1451747910
1723760309
390892516
1128082932
1148553184
1455903051
2028004894
1820109832
608060573
1358803165
603281461
1674296890
1818969722
220363493
171733969
1701079472
1292145889
256283156
1160153226
1125057783
1995486741
805541507
1173128520
860763998
365441366
1756349138
237103778
1507876649
1601704955
789778030
1832609920
848131572
1097064302
1772839632
1852248682
88999779
1602571899
1212134156
1361742340
657663860
416784633
357684322
535247696
455123017
1550253227
2031811021
415011789
84888895
1741300060
468576972
664139132
579798465
1994232102
1638712727
959508336
1897220965
1568392505
1900467139
1842156388
98178983
1263373491
160334612
17033703
135976077
704800056
16048159
1306295053
2028801324
1843301903
678015775
1010203818
1107286919
316510160
1774966172
359147370
553449594
2006865623
1456976222
66860296
1612884075
856116340
285372130
1687435533
2075062008
2003121198
1231455722
904913030
1310883334
1026118809
528107905
219480962
569824229
1425299762
267213014
721943382
214479480
1024160184
1982224207
1525867869
1714883289
2139564475
1668015982
277060338
936253800
1491922695
748501690
287202705
970484571
1158028732
436844044
936585819
781625905
1102011265
824332750
2112229626
952473227
1312046198
559062274
964136078
1178054170
496694459
20568807
1384517919
144276327
728716277
1531198853
1691935064
635137870
257772918
584708975
626058450
1040903788
182082281
1962753764
1285663512
9199684
996735097
1317083240
632688287
529476023
1047829082
1462071775
1932813555
492778277
571077629
1160901648
75483917
869582144
1237107625
2144798491
1373820472
945624765
1025477519
805857035
174047675
600011645
2029986576
1343748247
903270474
585372422
325568713
535460971
1670439760
401939862
1212614994
1332759085
2015688637
2104265237
306930026
818735539
1107247127
1867732631
2052747468
740105055
740407073
604652852
1716817479
1063862185
1973468768
1003773731
687402289
801608345
416656962
1258535852
1788460434
1379335412
1872555332
1928504520
85861970
1498326385
162451841
324826556
1546181841
136812358
777942051
1638380610
95327509
1313961721
564185155
567814535
1691352520
510083955
161368735
98405916
467268592
2144221484
164791568
1137005139
1002722146
1705473699
1468280342
536706583
1386230734
1530995627
1541931763
842606132
1310455054
968843703
207693880
1824414321
776756640
1397498781
209542139
1706507906
2048884387
1317683629
402298605
9756142
622741163
1133285957
1161443492
1013927628
2101895980
2074828502
1547240792
977358824
909172997
26010613
1516544920
1505196103
1634336532
936828283
706710591
747489649
1171896216
326462274
272945070
2061004672
1086602955
1536104584
858995974
1023615668
42225991
940110145
1738757143
349495364
293525583
443143308
224959364
334346414
1252609039
1299042231
1891662237
917241093
1627767689
1394868232
1146832877
284529603
1783725225
234979559
1504303442
729126637
1678022925
1997763165
2048873558
91634088
1305898316
67311582
666225771
1219149333
594041595
430764087
1195936141
925846825
47568802
1804336247
1843606897
1701527739
1920981984
1700876292
1693802269
1309938722
725119028
1259735433
1480703560
1663804944
1467124967
301206725
1712228596
431479893
1748231380
1785529843
1812018918
1947342096
1524869378
1017161028
201993079
790396703
266309161
624321503
91959846
495590434
1201071989
64643855
565564379
1347706439
1245577045
775514101
2007284345
1824960790
1752966994
1219986240
491733233
1497566950
879270943
148538484
798075422
1338257612
48640102
1646126511
1146613627
852745222
109975935
1368674704
1663729963
2088781359
1613946862
2040516235
2041844663
760681629
2054657533
747644547
1812497161
1775766848
112016883
1613947150
1792741922
1640532410
542127078
220236527
439101810
1393116153
585171770
1567409223
1381884983
1109093747
2019757383
1397187586
472472808
1300499702
1099226395
953676235
165133366
151975289
491684546
551341429
1734588035
266130267
1859766172
127303202
1971034562
1624263779
949792615
1604789094
1458965289
1358496477
2133916739
1479271942
2018260975
1422533224
435407094
374298005
98265382
495659543
221642395
2117900724
489831905
1699475255
263249381
1680251168
450645446
215475970
314658829
1608372455
1995384487
2118594934
1836679948
64701489
928363181
71706444
1078738429
1830684124
1338616753
536824376
593219794
597531458
82483160
1792677611
609037064
817052752
46771825
162678227
774520122
1757138582
337412731
1613619214
1093461473
1421476028
1463584188
589152069
223267556
247715764
1496047472
1688003990
1127968292
1610170191
94208716
445010325
922625853
231192047
1794986046
1124023239
1390981517
933419144
1008918261
1493280583
1931348524
19740464
2015166053
673455855
656194527
488956311
1719988269
940724084
1751431527
1118589696
145497941
805250635
1643391306
1353927360
1552102401
1025578012
452664150
409737326
2087713812
773222812
719618677
1810265215
1104716746
2012329491
1295024146
870546940
2063168529
97262656
847284025
2006625627
1878599761
508536624
91529642
1256478021
651769554
1543313218
783201803
1207742882
1554709506
65010348
654539092
2069056379
1753844753
21290358
1079164118
1535850937
1429493771
1020263289
942619572
2021144818
1277104343
1947926513
332874805
1727826047
1967580523
394227571
407534614
1955809937
1379632730
864436012
1399966063
1412340126
569140792
2079068259
290823328
1010445943
1140111122
504979176
883332166
811978004
1330999910
724549810
2075054233
1612633792
1478117528
1265995920
1902733168
1549801120
1377599005
725088551
1659323725
1574590689
1871725757
2128854641
2130031882
1164560871
1776256897
1769675982
2093574532
1134942663
910957870
1425978932
581061281
590941190
1670242166
392758379
492615983
1701355190
183859063
999257336
637801209
413586371
1640541437
1742092010
857773823
2088216651
230414161
2027443641
1060384881
1062795734
1191085457
1533317456
330082422
396950062
788301628
688718445
371605188
402868817
449868286
881316937
202771362
277360902
547222161
2132672695
38755178
290596146
792171467
1252147644
18620854
1300363440
2070680321
1333402883
1135982301
250267626
584995949
1397409342
39284048
1303668033
534431405
1670079203
132282633
1361067725
1664666395
775715857
1415294663
733325805
1011682258
142386058
1919457378
301189657
207160002
201716466
1329308025
1030726524
997674299
795283948
1856615934
967178477
645612703
1284519766
1008250317
571231858
84691627
1625377177
955227269
51556448
1365155026
314031604
115544722
1899065263
2120443041
1499647622
583749267
21864230
360403396
88587177
1036888685
740870259
1949624570
938595426
46186063
1918794787
1779616360
1358518
1457941061
1663463388
1753742865
1268266755
329250093
1541042805
947176089
205926757
611447294
1299100975
1353677859
1783972056
339668091
593101904
1966017270
1899600069
962052635
353828653
1092769219
1113761628
807972912
573797329
1667725030
1362457815
1142461329
573088932
630227296
283915578
893252083
2053749141
1459823389
547781777
1115224798
1392600712
70020724
1708761707
1757458003
360025441
1179723220
1983596656
1293843650
1881145458
1116791419
1873210468
890676385
1719684566
1750763380
1018917967
2023373277
1678567514
1226379660
1133446474
170343417
664132791
283457468
158581059
1294071806
646530109
422663212
1768787140
1943458281
1445596362
1317121045
1738491419
475422540
1008853159
964724398
2053471935
1988723735
626926561
2002132365
305602860
2064488472
1121100328
1786667456
1068046538
1087244984
1412357587
1713860694
1337359697
665271173
1734952169
607766816
150011570
1896427192
1422760212
975650631
2069061801
622706949
241921222
1765898845
282536099
342262330
1310902879
1484500741
1889466400
150217739
1019063070
189155580
361266843
13318368
1487224777
1535525378
379727666
1208334282
1475346518
140987048
1089868018
2006876688
1987785274
1338401385
1788525559
1609324213
337164038
2066438909
837822463
1193169219
516488749
1699871172
361709008
1008151058
589098352
2143393553
2047089915
2021620792
827912048
1116010284
2103408979
370423350
1686014202
902145757
1389954996
1201865546
1622291574
519143136
1257110141
1613839337
631049930
1384623555
253138088
2054831798
863513801
1436413014
827066284
1903034170
1488977920
1416611385
1103821082
1420056305
421222740
1237445601
1361381650
1541522991
331357050
189487370
897077671
986790960
797011189
1003578328
1425391779
157093103
579112852
1109164116
217115027
164183806
1955220682
1222500662
1755073695
1153835247
2045916164
1376227218
1585101459
288446456
605965421
868103251
1570443515
720747109
1982174471
2056359031
1923576961
427062408
604539901
1658973938
1877108938
274076288
1219139876
266840817
319916587
1363879850
762656425
957738986
621113559
1457261251
121842165
92619463
222730319
1657275990
1976130926
94158083
1877569841
1542342793
999405840
692064954
1683688932
1681632686
570864561
1878267689
2035738312
268823438
1496237436
604092808
1912303609
636130648
2069507696
849192969
2059745543
827944410
1428703636
878339735
2127855947
905946446
1430285591
1654945560
1780279557
1621887804
1671669490
1366781309
615894723
470950226
1368512441
1228804363
513797019
1926982498
1530695354
1599785741
1687534588
598141479
963607544
456389149
1121605442
71508569
553107396
637422309
44875234
1705562945
1096984751
1046797780
93574313
1722911098
45375241
1518483621
799988229
2144556203
1675344535
985175381
280789572
1674072220
858862094
1395586063
97681724
1856696013
386043984
1041601622
1424041545
2110237087
474071394
2115766478
1603882275
1363204270
986900950
1271429796
1930093276
1916009261
1981453308
1602442269
895062575
1504812061
1844615614
1698944583
117119410
2068575855
120162952
1216940514
1420411116
2048119953
925341030
2054515319
1770410642
1700347320
438250614
1153882749
1036632304
224091735
103490132
1212598532
403905612
1887749013
1701523850
519658450
609855284
1768253501
826913622
619386786
886781045
1624200575
942781220
1438350296
81705090
363534191
1531393057
934938504
1903862863
1250289131
1346937440
121735337
449282459
992509450
1078141286
1320838197
699915523
1959918654
241383375
899075637
1857477593
635405620
1341896742
338601133
1796505713
1993730036
1700252015
1055537918
1258808097
1349132160
348705456
1783324292
394808031
9974072
267323091
308808588
2079626466
814840946
169942134
2047117542
29255647
1470448197
1211156189
1617606546
249381928
701692262
1168884549
1253146774
2051788268
140778764
824824411
727950117
1579946329
940645067
1706517137
556898804
1085007715
1119542009
518689043
1178974456
1283246279
343062858
794691536
1652714224
619732924
1251983505
269506300
460568049
999908278
1357739948
726845244
1103936884
1240596772
526424777
1652306112
1995430389
902504066
130289369
603154938
1179204290
1899532683
569526250
1152857741
1589987541
1385054288
272453351
31739160
66581412
10637792
1244862736
1976581417
1074145346
1620723522
1770143028
1831996401
397182805
1016528572
2132690958
1791222704
1041173872
42460810
344011779
437110929
264072644
764253620
1143108197
1384448314
745771716
911865418
1709633229
3224609
876409979
928450933
1010568227
1543547665
1407418636
999439169
1377538794
1365277059
50983101
1364968105
1228296951
1188288493
424793123
1648120616
2102327835
1085249872
1992475772
1875118768
1684092227
531981469
733774666
2086416067
49983769
708504760
1825622644
958257492
225762338
349741965
1619093441
1385877666
45451708
511851239
1868147120
1394116940
930026541
1503789890
896122502
1358332753
108707926
1910176902
2096710010
1128043085
1138043638
897543548
1697566267
695267690
475138210
1195162314
1021065309
1134570761
1502425574
268042780
1100334568
1310806861
509033718
2091353344
274973120
2074491001
1851020344
1931391932
897803795
1017910185
901508640
306267425
2011975004
1896532823
227127604
810957459
1868599620
854630963
1657068954
116833790
1656031940
1666636205
157701147
2106186749
1506080923
816562176
1163941198
862327689
1580677306
847117667
862354433
147746187
1559483044
58369382
1705571610
131921355
841790142
1794076880
1734332
948058144
1584583427
1566692118
178684297
1276964442
668215119
2139538665
495274093
1139015165
247633957
1606358068
1969681360
1473400181
1876389254
1340984352
1518315114
1378219632
567478812
941537288
2082596326
747429808
1805980547
743734922
570569527
745223068
469957926
405043233
410917747
1766283721
839256460
999710172
597932362
1934161013
520388249
865204274
236484001
713190270
1133450918
928470634
849437397
2144859701
1512750183
2067844612
1645854069
2087328989
1503901592
2082923332
73731975
1542541787
408195638
1303845966
54485661
1766227124
1707472001
2131116620
1238252999
2124083439
52059203
1679446272
56532460
1807436123
297382875
1176984903
1588189340
1428235106
1257483910
1844537676
319245468
789200039
1094577666
123440866
1009587894
1878945672
1530233463
242411061
135919925
1376787031
2083095703
79752311
288210455
1693072034
728916923
1830665548
246776018
968688588
122778769
1606956187
1459898133
892509419
1479528945
718663949
2073794396
477685879
2017787384
580674097
465448635
1548531136
603622166
2019161336
1723775782
744794965
1382468997
1299910467
1548520864
1485479566
365209823
1772688392
1378556500
673929635
586395411
1738282784
1407067754
478402790
432273235
1483013178
765775338
1309501846
1539094546
1161420096
660331557
1841199081
271328676
1566367839
1595894886
975456824
1690102302
1039760044
1868853333
1144838400
1745277204
1631392664
1353037649
1292054278
174154565
1841390311
1953997984
228489750
1794860508
1705233113
1027400244
971790548
1079649118
1136096010
2033735046
1883351149
1544145181
1643612313
1204517992
1713596113
1668564774
1211459809
1931662387
2063564332
281202367
850452998
1149653739
318963137
1971726570
482652468
251568016
611712342
1697803613
1676131156
835905264
1068869181
946115945
718220959
699288032
801136727
1118846354
116089456
1508018175
150935617
594678363
149972907
245762546
1298794154
900339939
1206297040
1152751402
625788701
1027055361
1671219097
1377048595
445306639
2067925890
271434516
488523258
1324300990
1326715668
1198106000
2122776642
729441385
213362221
1536554701
1770514294
1022518880
770444967
293445283
1258320168
896392655
1580132061
1477470475
1092256439
828790310
1320819807
1699562109
1464853146
11295360
1928920877
1899461594
783292184
1880864897
1666266653
1192479305
1238750077
65141277
1423183313
1486398643
93010094
1243170223
967641150
740195798
1222950100
346085793
447667815
1080595867
1765107995
1498166916
919824310
2056901925
1465600783
720629849
375290814
1863996552
289223493
624314000
1373101491
1099757697
657352181
268461287
582918765
20224331
101784174
2057723239
270789537
1829196982
227256131
780795166
473661716
454757504
1965929792
67087091
93469615
882293243
1889606786
1189001775
346163175
1180389508
1230274073
1643473785
1468090921
76375152
1701801917
1562614456
1899772260
381585082
709108476
1073055516
388095313
436338648
17153763
566501965
1249776714
96581292
2047280328
1454167994
635285663
740108973
1097782208
1170008722
1842121033
1936301832
1971998
168339399
30366985
694211496
2026915517
35194110
921890608
1353364578
187010262
53386895
332645226
74210734
802572919
554015621
77191842
204937114
1128827706
630121564
2014535316
702297322
50865074
123709034
859282493
1800804181
877291220
1258430896
1560564613
1858505588
393516076
1292146131
1030350652
1031367416
1346623805
1739809440
625210701
929900536
1356930219
1995856001
200040084
1508822143
80212602
408050994
1703891719
399499869
898409168
1026042898
1140196803
1203523021
7127776
1334455359
680405818
236610842
901305864
1667410679
1626203907
1824907732
1321765427
1563229680
1383213054
1277014635
2056731965
210826221
2086887621
1971369404
1066706157
1223481522
1099429331
1941170343
726000798
695851846
1053658477
2079476755
1454716215
129363572
1037900634
238668214
423900431
1044579236
1630027033
681397359
891262093
1311042825
2021725495
1694462507
1038394496
2079969360
455953887
1874293610
1477673389
220779756
1327385334
99498226
1080184960
333650785
592326715
249444639
611784550
268393213
1291289323
401988932
766015318
70462819
866897257
425017989
1079703016
521746904
905267071
1106631661
1994692432
880862026
651888354
508127205
920808826
1894531694
345965135
108703875
137842002
979548639
1235404600
1285030579
1892976118
1864164383
331794117
1544110966
532377784
185667466
837189346
1942007430
1049232356
945123981
1337041267
721871106
969506203
3122380
981529947
32882348
1553970738
1556275704
1141173608
808142267
1029851156
334240508
708501736
1358828593
290820893
15428831
638140133
1608259239
1737522854
1114166711
1395059798
1268258635
64048708
1671063160
1194268491
1086686212
127156525
1360944902
1447080487
289903544
2110391931
197390951
1553122539
982370863
1143462457
1426518802
408002581
639430275
140314111
1897203878
1855170523
636740645
1928901885
1755384229
231283486
1255895268
569584066
1596342423
614179636
1039876902
1774772515
1286493613
1222514046
588800885
967777659
1839785493
1448602508
306572853
784573238
954469166
768022987
1941928685
1712614599
1269471368
371324426
186622371
1974326899
478747065
1185087130
906090401
748670168
522764937
1978772906
1896673040
301953063
1176074045
998295835
535393335
1774596593
1543501239
1268413659
1767209200
1685656336
781300666
2066760268
1512787736
1886197252
1225164060
1282196037
275750169
486114427
586286822
2104731727
58304181
1554528387
2089982070
1723236507
474588133
253577800
976434611
1923412715
818129303
1856907757
502128780
773590983
1438808143
114596341
258151259
371182147
771381933
849155662
1509886634
126381790
209433344
958914395
1186419029
1518143816
2116129190
1143744224
548010080
1739632156
1188979143
920686116
442981891
162443292
832980142
2115963160
20997229
1383915010
872522836
837974232
2135456912
449556898
239430566
219997826
747313547
2122266591
1024257221
2043209964
1404754108
1111109998
999734241
1894726268
2040161240
42785132
1727347225
1531298993
187671650
1518991512
2106463469
731002536
182081177
780531621
69708019
96309573
1264006365
116777287
929269280
1643230445
941171805
756437624
1867863960
1759511236
1930534638
631184407
299979084
138647274
2138564274
60777624
1582657065
383013469
694732497
75932095
735368830
1421423850
1713177244
88305744
1997445567
832060315
1688742756
640470110
1933323925
128795613
459529599
1888422734
1527766241
176324325
1092631063
783927200
364625283
1554372209
308981510
800367965
981615070
1128275325
395467207
603176144
604623797
412164547
639511003
2041158724
611050120
1164781241
1138466360
340243037
2013140874
2122159563
564637411
1691899572
788328064
2146152459
1045837558
1267581817
497806081
1158165615
651130142
1993171874
1028203319
1863586527
1036017226
527408646
372713439
1431049245
1529592108
1121053647
1271265933
1365663097
1338888444
464397519
1595876313
496207758
894112280
363842833
1471284706
552609939
1662587196
48596632
852381545
1956480236
328400484
1820802291
1917119400
2075415583
1334124042
1813425722
1789779482
1516289918
1146847343
486996855
938408469
838753445
1800374753
585224391
1546568574
5243122
973258571
16771984
1526256892
139385303
1817370798
1299194373
1836905926
692264373
494037925
828837247
1853672713
1396481868
983805173
1995330657
742361525
67405622
154867516
625775938
1660047897
691975680
1575884656
924065313
1244220309
81641159
87030596
1719445910
537940782
230535759
2102230803
1594122101
1072704679
727039083
1937641295
285115486
5553785
156872664
1409266058
896724957
386503077
2125606694
1097815435
1054592579
429509843
496841239
1374032758
2084323200
78898605
1540224792
785345880
1215826588
1380894141
1205929785
1341984310
1559548107
92301386
808580660
56548477
1903545729
807935240
1363275099
650825247
2116645789
1144763268
1918794749
468044029
399371967
388952040
1918451235
1575486617
1795729728
1060994885
281904710
1128630157
2013847330
2033025200
430929759
1353497180
180157616
1906774457
784602410
422991605
327725564
884805664
811591205
1354439384
756648563
1667300594
635651875
665555091
876190507
242603720
1707792864
964988544
267626036
1503041312
2091042341
1277016820
1348120422
1351423320
2031336967
1715490918
363224143
1799384601
1127664195
2044078200
1323173490
555956016
2118382356
996875161
818885216
1091397016
1220827175
1000177062
1490151506
473163164
1733237928
1999174221
593805515
1487966478
799362472
631748331
1533636582
1710994967
532755528
898733051
567498863
1210548356
762724074
1784694721
1075973627
962579375
1840846829
363302484
1900538092
1553512093
1442551927
526043264
392649558
1883519488
1044598509
1314919242
1618476650
1881849464
289191586
1530434136
418937012
1858140097
2052744338
1079358357
1453222863
904768105
1909656724
478813373
157074291
388455467
1078652251
295501601
645370972
331292082
431595470
1607856227
617584329
862266469
1950473149
2025819954
316955852
1276722417
360332254
502000886
1408631244
1043188456
21569464
907039100
718038703
213217421
1730684656
396873579
936642728
2054361946
1241973387
599974800
342721188
955414114
1594581166
1685784449
751851738
298498163
2006277886
382820049
520643588
1007084954
502814666
1304481518
586806845
1111796032
662912661
1260260445
1205020075
708338939
533966104
633403072
187881325
892553174
945345570
783449311
237563011
608671199
27315892
1989551105
1561770096
750801546
1786221521
145714394
1924779934
1008296402
951036514
993601109
357113102
744311718
568101202
2088010234
165305078
56774228
1032493796
1263069701
1260897972
404185362
2066304667
2003947897
1929955818
1744353274
255364380
864498152
444541143
1883954394
621422085
1002713806
1184150106
1264549436
1033039835
1011250934
901785014
1931046513
1001094432
308289899
1047723417
1502351719
1491884338
740707714
1898858318
2145508045
926606471
1944084787
1202560718
906746742
1664979184
1872637343
926746554
231319636
791868898
1727960866
984972453
2100813060
715210945
1627252956
1646075494
1517529130
929087457
317477753
205465965
738211842
1899646563
1097521339
459665321
915809891
941835389
1856874494
1889644580
23883231
528958911
2134151085
1844953508
135391617
366796401
642688724
1176788126
991613684
1275004536
1136683563
1726366937
151949338
1769346990
2049441501
1827135116
1062910823
1477129432
1252335642
2146285031
374091818
257963012
2077378138
1328809468
1881980991
1923293055
1445635564
2018939268
973436413
2090290101
1429784479
2054066211
172215887
563795740
1289484529
1260785119
295448503
2085035090
252969897
821323852
2110802727
893921399
1398255702
1790786112
556089468
854659612
1263788682
388366353
993437118
449154068
215646284
1129492541
1536809476
1879275781
753084585
42332681
1934101263
1883780464
15221250
231628304
1024423243
393964104
1006149817
709918316
870696445
2011427792
868413763
2085729114
514770010
996433134
1658712609
1328775294
1546691669
360794673
633585887
813378297
382331854
2079103201
32666375
1441793674
703064827
346998778
2091943563
433132021
715670060
802040326
90516223
1971000400
1755303417
1910140492
235565278
1245880167
2092318292
1121380000
1808879079
331551625
1094599685
1685064060
679275143
205768254
1826957919
2069727883
1308804499
1431756304
2071773366
289905537
138503718
151184657
397919720
1909887797
996825999
1132593386
2117581020
887166410
1781981624
773255688
1287008233
1069597116
414451363
867615422
71953080
1854479313
463970802
1101575084
396638703
37934975
1314533167
7106175
766597142
1622262269
2140152352
593789003
793229404
310795036
1570846740
674003207
1315800187
1556210010
1166615341
1593550765
791683760
1342327389
837687704
1354223201
148853358
698752552
1116720528
1116035330
838521425
248807626
773323257
1894948771
328240757
1828434428
1902950963
970437037
779078767
255656902
1482572347
883995078
30921734
2027513858
1222006634
1622641584
1059002242
461494594
728053052
50868561
1928614620
961114897
547388886
1244710162
440106539
1372239402
154065014
1452904540
737233218
51276556
817112874
1010829233
565991263
1588482475
565148010
55468874
1609893166
1373046247
1635815712
1376392914
1273951299
1031442242
639620800
719251639
32045587
50297431
2107770313
1558100044
147979193
2004575220
1089248476
1588612784
352733980
363669550
373119376
1798797330
1278549407
957064774
808572918
2124085527
1222420360
111877910
1840505912
60230704
907856516
1360330315
1907959280
265278306
46626211
2122015778
2142987938
1457321535
1713218428
1053193809
1677903196
1045175438
1334582068
374202454
1477297323
1685497306
1601214573
732660359
255396707
85482213
1716965712
554968957
985959841
1122213884
1381899140
1870357141
108344640
462211449
975966046
1672655563
368324330
1591489535
849050825
122532420
1016467776
123745561
259376649
1541908254
428683916
866819644
1967992058
363004959
1656750489
429972366
497737091
65385567
1661026307
16032952
1350294160
530567713
1328021655
1854543443
1938572742
1518083518
1049219923
1989144394
1068699511
835901908
1770945542
2007882355
1119406385
1570419211
127833545
308396666
405119694
448789694
52313645
1798713369
1025219823
194230303
584483141
482693975
2021978481
1969165082
1073513098
2113873132
302365344
736998066
1711918153
239563128
1820903003
2008248124
1923447105
544068240
92701308
1614906179
864416438
745882651
1980344651
655601342
1122727952
1953992628
877364222
1264772501
1130866759
1836158760
1583721921
1078341547
1633577
908376610
1354583385
1785378027
897152781
1270300461
1253222050
1449000712
1083282657
486419177
331978802
7123113
580493286
984496834
2095931240
1721946989
1570235295
1308665259
19005589
2052560326
323021052
703181295
2073368780
222011849
1453995652
2081427737
2117436986
1404143461
1721035540
491745621
999327995
1599187448
1104109957
1610891935
1635548864
1342959241
435715486
188291269
380258331
1230216342
1986349623
866214370
828215950
1619772931
1469277107
614110615
1279313252
1253566471
937356684
1003829249
346654060
1731119658
2099721773
1600874380
446879361
1104195806
2095419128
2023618480
1639556555
1799920210
1168867650
415363452
1904161322
572694335
1741726345
1144014926
2138702810
1952655368
1563806882
267007705
1297295221
1416523177
870248975
315976502
446781120
1789446222
1991863774
2045707026
729874664
713215672
772487864
1329322379
1061843169
354863517
125793833
465939079
1816710481
279829841
1884226774
1268920028
935573008
966656175
112107579
2146026597
446163371
1986686763
2121195381
254068120
1099366228
458189396
874865554
1334908482
1460910412
1061697443
998438385
2137327872
434654012
1793464400
281972387
1926135235
242802124
126499356
2109426138
559371024
167067518
1756002869
2037615471
2105321409
522037663
1790274921
656170310
660407636
2010803899
1566434517
866177935
730288532
98228995
1929539840
1026945884
748975724
473459042
1120620853
1165922390
1521522535
1598932522
807402768
1947421375
2035897869
486562755
1447739560
1507444045
910595290
1924742921
567136410
459583991
1431727181
777855601
2006690955
930532169
114882207
2110270519
1365853257
2018075135
1887688738
458022104
1571595891
1252885771
1688913195
370940028
1695855097
180815924
719749616
1578952847
1363335293
671311452
210835980
920558289
41358600
318394966
623625982
389922940
669311995
1386430029
1294847690
266461956
925491680
2116469975
1710889545
1895059529
1505092603
724459643
1057670683
709704880
636429386
1132740024
92821232
300904843
1357764945
882352687
467913494
1503191023
916168207
141086972
1221056156
1919478015
1239847292
17456107
309017933
2072741803
245673523
907766170
184403668
363646690
1041809297
1130813206
183949005
1322345484
1003041217
1819652958
616935228
128508455
485084599
268384030
1982677585
1669368118
669813308
73914756
628496187
1800739865
1349693373
1536755480
214710587
782049571
514383970
1866130557
2061268834
388115976
1856296045
266473814
467983747
1696451144
1157485185
1911211985
1858367073
1353317223
933703760
1008048839
1841917659
59976648
1638843126
4635448
1360341233
2004194902
1557452573
1328213531
454524609
741496569
2000523391
434980950
1473810613
1494705286
1158933059
69566366
510333493
117431012
1754992388
326468639
2146788896
173718621
1891874125
422789640
126238741
1761041630
1115054059
1394769527
2065497840
1629065161
528885295
398851583
1304245622
1291628793
1058341865
1831699041
1015862754
889705456
1540711069
816680476
1805546942
981085342
1424849090
643961004
1210985220
1532389695
763814305
1311950841
746562276
1160777132
1089739792
1970415042
1941169635
1565973021
1929945731
1695622136
1951816706
1579298187
1236161038
1268872811
1315253848
1733352978
1736662317
1130708718
1700084454
1362788822
889785591
1852305861
1322154558
958789927
2031252302
277797978
1801071138
1344052013
1565571816
1675518087
1055117113
1265571498
751649734
733474293
137849967
178461671
926706492
399146022
117644407
1362343674
1441248414
1012068309
905205632
1199975931
473265976
118737656
1826106114
1054145165
838019152
2098343991
191720225
738905761
1114826335
548574336
528464791
1336352060
1052416425
1851077496
876446610
582547161
428094718
508089936
1552946007
863210021
1343821188
269252879
1309167879
177139808
133901835
1062234873
1272745199
92759635
280518682
621305520
2115318551
1618149067
1507464052
3450122
224795609
1457451830
2129168156
222966045
1862343090
649756278
2085120385
794444233
677768852
2130008901
172584964
81736922
1560576419
1325379993
485551343
594803593
866201995
784574135
1537059635
834369103
536115914
715263563
1820269
129782291
1446135707
87890459
1280595847
1277600723
259845997
2054221240
1616433975
2012328367
1409139576
2055757343
1997192985
577603083
2046119725
1715195670
1188369955
1117593989
1684120715
404596532
523100955
1013380629
1662605902
376151910
423318423
1553222400
1938979014
1250743590
1151891999
2067123180
1930335108
1029694615
883645897
1714113314
1199947068
1130461337
1583223118
1869068444
1389301940
609429301
1495163684
908902105
1827493306
76323904
527956159
2106556170
258668049
1991254553
397832389
1913137979
1843972371
1556012609
1066010728
2088851534
1429246598
644026914
871700512
1733657497
139812474
1138510744
301533317
768140797
2111772857
696950909
1699834800
1581778492
1161372318
1930140351
893850529
1346449708
1864907444
151713000
639678775
351609185
1373082546
387959865
244797683
112296681
14879394
1110972652
139485384
1302237665
444550331
201833597
376432550
1156202214
734311460
1931497092
1671091457
647200753
468965236
490985310
1948903240
2062115927
1793909818
642604897
346896042
12822934
1529144002
1285411552
107605891
1727966509
1412902900
2059198686
1759106952
269826444
1674920297
316398791
1239219627
1377360033
85020631
646181354
2141304194
2006985853
2004779952
478010878
922341396
2082324686
669747735
258089374
302515026
1747648215
1844159626
857152716
1583137047
490016187
29663517
878760525
410074362
1375632814
1729901641
1080003320
761061762
853031
546170530
1690399603
1896124164
1768812272
23846502
1933114869
833721189
1985188479
1608721247
1506828218
746524487
1950806698
2080941235
996576402
1610109700
1123668083
655783858
163479857
755018519
1318966809
321507823
2018806671
13451667
254199631
1517713780
1109490831
281107742
113774661
1592504435
1416790231
938199842
2027961993
74893894
750290092
1645429835
1756205499
1244404283
1254666100
588159056
1046660364
1538272135
784159368
1453578029
153594679
469042580
1806857880
2114429850
1370904014
1836033818
777288557
39113768
736903733
482586227
1765497346
803941437
1338467712
1134416857
1599911602
857894442
976456757
1945946862
1693002559
666780798
1026734276
1039377511
1481384151
1764334670
471133787
1049637724
1877191816
1580439736
802464288
1022779835
1950575838
2110949582
1053414958
378694508
389610052
2095499130
256562668
1550961352
1495134647
2115264690
1948230348
845124421
645147690
1390101826
74231660
825020848
495204317
1445394300
268164072
1409330345
554466789
1683807108
1964937943
881657047
1535778637
1501669455
1357836601
2122977776
1245880439
570478140
1679034520
78606398
1294864621
1850898803
1917369559
1302984137
1621016173
688318478
111210623
2026596230
297421237
1146559035
1270356137
2098299228
911099447
507935376
1694395721
198511389
1536610934
649697394
2108248536
850602950
1081344439
1557910316
2027069895
1728516720
937463814
1127495871
1923871559
1608954727
1928030457
2136668572
1302033988
103330690
668715302
254048251
737834234
1249264163
1666003582
414437089
1679479946
1239077248
41578741
1071925696
205238465
1077080730
47047454
1803136889
674571354
787556329
406042502
1322187109
275031213
50788989
976082779
1821083198
633869833
178457637
2011562840
1174943386
1788505043
717163159
516107723
1072626067
2029023325
1058711526
1499748496
1805660407
984629907
1329852212
1965875487
1391116555
1122251336
550450495
814716003
1862432096
85738039
1061089207
2063956176
700981915
1530181909
931307630
1131650738
1697019321
739836133
781845673
284725105
967946385
1825595136
1947215650
1932687980
2146106862
325790777
1875045077
1862918936
29514001
1641749189
1950851143
1579026407
421859481
2137115783
737515853
720873076
1074449054
1505249526
1895094332
908475135
841437196
1303002507
2144362805
243713473
1821271090
1879089000
816510890
1941996459
2017301411
5043769
1954012169
860973657
102903296
275200508
252073986
625702981
1178472331
1674232018
122006224
498415597
1289747019
579571136
112622408
108159729
1328834158
1167858434
466055721
1064176512
1091590047
1596564698
765611967
1770726099
177198931
228566361
847450463
1715359205
524574646
419162074
367573459
1980653747
1037623395
1011309172
1137918112
1966173232
132273989
338740017
1848285059
794823533
1420013615
1663916981
426744984
1954608583
1446673870
705664759
1178527472
1326381326
727803214
1379828868
325569246
415086812
1558257256
45645783
2068095382
567876327
197673477
1583913605
2034180270
1941057008
1619920731
2078770110
1376623281
1889814395
731741501
1628159107
1076337526
1235562176
1199005848
1754821695
942292990
1332166164
553665952
938066700
1794554529
433788643
307974761
1738697031
823786930
198939858
460095229
858603775
974780318
1342820954
1404907619
1586539459
2034816408
725295808
1552966964
548095919
1760930409
749775056
84901775
354548866
1003204281
983148207
975627295
153689815
133329638
1072414893
1279165325
1720865732
1914666990
1532354529
156456938
1688704846
880784854
572052249
1488400372
367137838
411302657
1457226446
598788712
1999537872
7134425
1413925552
1408564683
576003339
1424152629
1990631577
464312973
1496080663
1858492712
313017756
1248551612
222422904
109719316
279912964
1345637675
404401556
2067967334
750907640
1532164202
325361585
1690831362
1518352482
962010352
1180092485
243763166
864199509
2055409730
879981329
1211754404
1264248493
360255645
1517540542
1770179985
225990454
2028026042
1257419868
576137641
470639829
415055900
128697411
127469738
2138968357
1208213320
2017497934
1650516178
788256939
2012046745
1855421168
244226965
1050984399
1000147244
384753387
987180225
1196814033
1055981693
1804769806
1946778706
1111974601
1311114406
41052825
1338646489
280231442
1968167389
1039545278
1019229533
1972729882
213190344
1780463788
1570596562
320203014
399324547
2030345677
107589693
1730996045
600264794
301521183
261818683
111707609
453161138
165656959
719916871
1941492795
754737792
1781473758
1614460144
895295952
481784577
1860045621
766712080
1227850433
447226177
663799632
291838048
967979536
1635121312
657426086
1015056447
1856398666
749171442
2095211826
120792488
1403490443
1646286602
1326498783
14636029
1917985411
387358813
2070384865
872016427
249126306
93920476
306848534
635843880
1808096414
1620594714
1409955096
1969713803
2001374677
503318688
1861738119
1753581098
1584540121
463210725
1894889023
1914507010
836460176
1343273360
2056570856
1470604089
1114987300
781293240
487084403
1270692795
1878052358
1130203904
718964869
1720883377
1316172447
1275080441
173216498
1982574248
1637233967
1314935219
753310994
1139809044
1160045463
1826352869
1804551106
1213059160
297702395
397071545
1665169420
1822926715
830191927
402710542
1760544807
400836495
962076643
408653212
1029226310
1963955360
2144528011
700413065
2114449883
408298448
1992197035
1404647774
1842081590
1433203536
531646994
702062245
1669962411
1560079215
296561784
1407556015
1456529807
260439662
516072994
1513020652
16320517
244135664
1569581738
1726955984
1354069484
1717542268
1742765538
1589756178
466121101
1975048251
1201777954
1332604928
2146170020
2085148626
843037441
279540600
848815966
839302957
2115475832
886146814
680311917
1673848462
2070289368
1203838629
1919907018
981886019
327987263
700525698
236310714
1909213773
732670877
90300022
1593673184
1964040558
1622615201
451576796
572368285
1818136560
723225953
711999836
306941244
2113345325
953657022
1229234512
1699432859
2129047355
1112433007
290264054
1177139699
198188192
843186969
473398297
1710270290
2083001057
769654929
2056042525
930708650
199960057
1670022414
97386012
2057992106
1798834139
1584734661
1018392564
2073151096
1301817612
1463166272
1519376421
1425005807
1278258637
322994512
1048816578
1330432172
1483583063
1739964079
693766152
1091837226
1458610628
1257573558
1078122111
2037344918
114088967
110200285
1616701655
1512589308
46365114
206832840
383370344
1253044938
1223778883
2038799516
1802977709
1194055379
1307504602
687983859
271663737
1744927104
205703249
1224745571
441747915
725098982
91983514
1715883312
227754225
1832311311
475405959
466236462
745184051
436491337
1273925458
1380811031
670717323
1261704452
2077930700
1153738642
1393630462
922721556
1408822724
1676862792
475199917
2071043560
1933992976
200025304
401346983
1773625640
1504002559
7944881
604936873
2026092598
913904228
432323333
1513779620
1138712283
62859905
1267068445
1926811383
2107838592
1262662809
807013882
2101638654
124513383
1689832791
180823808
1899513247
504722423
473719849
1543932153
1945933597
1114568195
2090176416
407134110
675122046
666685040
313783372
1534892257
1860511034
2021483326
147758265
1270791484
120176255
1651179535
849782302
1351157792
1920117345
1492790701
1083781639
1850727732
1446415691
333319527
912288527
30309636
239447082
940673101
2013806338
1169769718
1359131849
402328263
994471434
1917076111
1367912540
404878756
861671093
1082212461
1284301210
1249117259
1046466135
585285692
1088801425
795196831
1050017706
1777884720
1239183843
999149505
1076418472
2061518864
620182841
205240876
737073648
1166230761
1313843348
1150446955
997488494
812932525
21932772
1485690949
1837920801
977354899
887017167
278471967
997368624
1885330818
1210774741
755678510
484479531
346191334
1248053330
1812507495
460064978
2006903331
1511376014
1825946868
2092305439
1477415446
1432868813
922720878
121118801
1061407392
970615082
680074457
851115189
985301665
675798347
564451538
2048306230
1140900808
1687068417
565892142
1657990287
1008231156
250933598
1734902278
953965030
1633688887
355283750
746212477
340542379
1216051313
1108380923
1519737210
201865423
1657708927
1028432516
1185410484
1606425658
682950781
209945849
706843117
1127224142
1248008814
2026970568
996068754
2133850321
2101340218
540626011
1310519214
314894707
505388428
1371409215
1718239892
231639444
1737328840
470861488
1041490052
1054581726
1489634363
755985764
201488876
127856439
1988685094
1264740642
204034801
1873997701
1941816122
1192675438
1066135187
1263931319
932033556
635981122
1272936896
1973755317
1767935860
677119383
1657189987
574726005
1729500115
1139714275
842378415
908772765
1897767549
607190882
281596829
1836542840
867829034
1918971853
1165242550
1165038599
1554494572
254696375
106059382
421012086
1448753922
1562733478
1026636909
1435297834
333287653
1408338930
2046845315
394359577
1046486950
723729945
2116125033
445339402
680540375
1374243050
101696994
592069569
1046565290
23698018
1220202506
806977994
831084965
985978050
326505313
643186923
1601221169
1758396009
281613466
1926451199
925082683
1678147676
806384638
2103312788
825294568
736346210
679999017
1923756140
1429635937
1460378532
379652993
359442357
311197526
1545624417
1557513768
206866850
2030066450
780933790
1266993056
1255935830
1597559863
300319399
111650135
617885173
1140957355
1999264340
950599405
4499283
994155493
1128304691
2039123551
1121913148
616822822
1997188107
1496379983
1856610885
203839055
514863886
1411739859
787023155
768645454
1645020665
1823635083
249298449
1569604556
848183390
1901678015
1937106050
493696117
2034187281
1984167990
223482360
137012555
66614574
1360369497
1896965066
1413447844
1315766959
256558270
1269833995
1608116779
1173010015
38731757
2079457250
1007399291
407519984
1886961775
881460658
38449427
415397675
1197424107
2061657923
1638813281
2092147680
1812799567
539833763
2037413042
1662806130
628147346
1009208800
2009840106
1332654079
411176360
271465821
754206939
1491722621
1475449906
1306683953
1024167722
1566950168
559424588
761280931
1524450529
1526927154
1919798797
843033110
535767800
1178304356
33339699
732101366
948126291
585310975
1540384023
1222069699
1093114849
1718781968
1876941631
260350869
725404283
905145430
2087741672
1615974041
2058369707
392343431
1017828157
80249597
482033857
1589449700
796807231
188837260
1791310296
354755771
1052723271
1714295943
347097841
1414620260
1324685466
13224481
1664830271
75770033
845154230
1141145556
141750532
817427979
26154638
1341234542
1012513128
1714672998
602170508
1521907185
1911915115
1115712873
1558608105
1988035204
1848423307
1237367557
1244305294
1585990669
1809323818
1281687667
2136927468
1731859281
1938521094
457133612
197186861
1222199438
1989096406
2010564055
1270546327
1999739329
1876854599
1259335058
449897680
2082714125
1610353163
1846494221
2031589092
1065589979
1583203854
1907100053
1277889201
1901532539
876445238
1684710334
539458421
832899387
743627572
446231763
1685158387
1940696192
923467347
1423714225
1559897045
33014962
259947646
609717303
141204503
1160381918
1002407994
715871471
586252358
1399929787
1134979374
94079052
871538329
620679327
499508760
25627897
424256062
1583338393
759055130
1800791074
1273182942
514262058
2034273139
497036618
952230619
228696899
60994424
2141155275
1680229348
1079989131
1579341168
146339287
513564986
1645676313
1349172831
454747904
1305969905
168062641
1381572223
750416027
1492104840
498503879
2097421871
182812172
1043987108
1437049816
1946610041
1259088088
787957368
1859785285
971679242
980393045
2020030227
1215438732
84432778
462962615
1679933896
905425621
1027199144
1310199618
507103731
26918865
1148770843
1190773868
1279964486
329759153
468466640
1169460930
1853225517
1716952405
1948652734
1389935141
1811996551
253753656
1295871941
1206349070
1540445686
1245891030
257861949
1645806507
1553000948
1093296534
1079722993
1489163622
400399851
1314163060
1310660910
871760119
289790804
1964506220
262141378
1010454081
1681910289
632730140
1919860844
754374110
782590733
484399643
1264526604
818572243
1994642581
47341910
437588166
542954886
1745299343
1727801542
1970769037
1400138499
736520662
1344791673
1207371502
1626905524
1869837702
145344
2069221991
1374444392
579194782
1933428998
1147758683
27811899
1663325879
617047141
556146617
891357473
1843837039
1545227098
2041891623
890657825
1722173354
1378171649
1507643081
285860563
337627633
418197676
717570403
1272733954
1065343377
1061806530
1872769677
1235255507
1604928448
1674359879
1014537
1641821672
881159447
1057371447
157905373
1989665858
572571551
1393461685
1090177156
29166299
1530025750
1110893981
515428142
1908688022
686977188
1518210348
1248112573
1402050253
2115466639
1977691745
8100774
1828232954
1929148713
358826425
788354725
1810001370
1572566899
340695660
164570336
1753824107
1500029769
437397397
1066691780
1600192425
1487096927
1865826640
322995198
1400726721
1310116107
696470367
922665510
28898333
394972864
1124444207
988139956
276488181
646435387
825856480
1483667745
2145028102
1343646037
149479672
404137175
1275068044
1823980838
1894916961
877062824
664293371
89931311
2049155116
1390615989
2049244228
1528729484
847476900
1106612258
1887761632
629935151
1174614842
1905529247
169312608
1129572219
573973494
586170136
71680938
2087925547
268079990
681884176
565316005
424403261
1832032694
314658173
1262900480
1017619266
1431403796
439957510
641831065
292868057
48472618
2073133591
1556794012
767639225
185285673
44951547
965132585
2147237679
694438244
227809675
1534339436
7117023
434031040
1620806441
1346409062
1319416827
1446835042
2023883507
1177296660
1785350830
257484553
1346814786
1760142237
424457470
1513499418
268283691
785355857
868650781
496962560
1763955248
1058546959
1937768102
244079343
1256390884
545925004
645106711
43511401
1329339748
1110841623
1825959755
1117630718
2011602351
957423906
1604990672
671590022
281630484
1682407220
2060847046
1520617616
872879951
1056812905
1719370371
942793067
1029700281
614525082
1095313003
802981075
1814276692
1347522342
1701930539
1310035170
2144673107
199361963
2102665806
202874537
75592129
1235247437
2027377060
1333977479
91108810
1272549952
152435035
633346010
1374408522
1027596458
1724400333
1883199641
1087440902
1104702353
1977669797
478307110
1059816256
1912281790
1915813951
1526932071
256694870
106405798
1233504133
1489529584
1304759771
1384626157
564377181
1545895964
1166713924
188385738
705479318
666232924
1612819075
2045589726
334283574
1471809425
1668618854
1543234633
1179923589
545873205
169607284
2102218821
1468010505
1706475454
687188098
447416048
2069679594
869812797
1840682447
649049466
1824074699
1408165357
469896323
746525876
2038066806
339658636
2132200275
1703170524
1373867302
2143925374
444970478
554610190
98011576
1323194913
758323313
1572140269
507411197
1726976022
337716135
1957908516
2126675497
970379466
416887495
743948751
439315550
1759653623
827707590
1961703598
1708248593
663667381
1326425854
377247016
2004071962
725473585
1703461537
1920905367
230379410
996449819
1890598194
1674284755
2076938129
2073858765
1135105238
1178240860
84958952
922885351
1876707499
656977795
1126701249
1934229854
1879483975
579760595
1079281244
67329180
234645530
980486586
1228653492
1923007679
456451503
1643680574
2029642961
1535485229
956172623
266176968
1271682945
1822093273
1713758148
212753272
2135643008
370017120
1736955549
1518292213
555418504
1208899860
1516620910
1118290584
1942715148
821019346
508604267
487701723
1931631557
288773741
1291724270
1228330821
691410336
117844821
1855836370
1310460282
228030723
660116394
998636925
1760804906
959350510
18052392
1601663125
1697822259
1958550801
1704281848
980715240
1442364468
841734439
2112820404
765286723
488175241
1925042706
316214381
307881584
991178746
1547071038
1087586086
787922656
665572900
1848551942
299881513
1781449211
988658454
1805641784
1683512190
497407850
506700039
681274235
1773766673
1160859958
1071621396
1731129305
18202420
848533703
273146397
1656082501
450665699
135755294
1716239207
50233943
332429732
926680761
2010530193
719481007
2031580428
1750167375
1881539062
553862420
1465601305
418657482
771133716
613924866
1184301262
1745143940
843040179
926728277
588273071
1661269271
127742487
956389882
1201336741
1424731878
1468026220
170456506
1426420813
1612654064
607194052
2026855584
1983265851
1825906962
27591592
1303586503
584222170
456696757
291651803
373879311
1302655284
1871742484
1957559770
1384891797
1085040638
1033365160
11273203
1504569975
1751143505
1373227973
605315408
2009242936
2077968784
163903876
208957664
1838361386
1073472606
342622398
581183999
1677328721
561987046
1775156041
1833531872
1236629987
1890944742
749277247
1062821315
1220855865
1030024229
2119599173
1225174064
2049543095
1843069100
2125776391
1405719047
1031717968
747168382
1981136052
276439381
15087790
1645462088
1143541444
508284944
824903606
952829342
722797107
1130569784
1148118434
1682406066
730556813
64976462
1562817820
248338950
780682724
1871523625
1942502384
1384183102
1654812213
104879302
13234702
1554608901
1435987900
1577135130
721660810
1546550438
530184458
222077003
428902982
221969290
1806322311
267281018
964841147
438653332
1072477345
833500059
1528371324
663872801
282810891
181638256
237147164
391162231
677848822
1554504406
1608032357
1923133893
315965237
1885620516
393285324
1957568746
1452977913
1641033764
1422200845
1143214740
312653255
1486310477
641981967
720168233
1745496188
426991494
645237664
1522595184
1514676150
1627790039
306374970
606519489
344927412
1324749057
535634438
1413477057
1210787901
1213582925
693956040
1731829695
790058706
1559130371
261027249
727315514
739235205
563639024
1598339918
621380113
345324427
793699671
1149088016
1856579379
1634011874
704607391
972716090
1299388110
2091910909
518650435
515210651
1718096156
1983166601
1531461017
1398640843
1430399683
1438901885
1868345704
1560819752
392260725
901881316
571009221
549624650
765232496
249443213
569537404
265270199
786126654
1406744030
2130575655
713581599
1331953287
1853545599
893224928
1651002011
57732245
1628688455
2008370882
372680283
549185718
154563297
1296620490
1940049023
1913724290
1894000078
963554056
1981824458
19919429
1069477443
454468754
1807165832
2095926061
743502064
237745791
1016557381
1824237052
1171149551
1811265368
1133244669
2102205846
773210831
2085667105
1807158407
1049722246
1784540672
1829368491
285045608
90271762
1973762122
628111960
1866950767
272037100
1387507139
1485391039
1531896334
100606388
1625194829
815481876
1127133904
193538531
797366635
1406841598
549167673
1574305263
878773173
704229650
1856303732
1406718989
882560994
860708635
1295552984
1230719215
1880301088
2091859704
1330213922
289357780
247685811
1984761587
887212214
1095443772
2005931972
235076898
696604267
1397746513
1378218819
490108715
1033559867
1569185013
525976399
656306543
1816737001
521259473
1082941739
1914560308
1239573535
1233397207
685291637
1218723104
1010898742
1794890000
4345409
1515289633
1172358483
118095786
937572660
2021813768
1980680978
1323910390
1324383287
263604470
1662325488
1043583256
395376606
555291729
1375422169
1310097782
1076230763
827571366
1841681040
89590274
215956664
543774072
730766647
1649798596
305702230
474664557
734239617
1091983641
1357187311
1711154438
1180276182
1839274726
1191855072
1883931748
2022963095
1868933695
695219568
1401753816
240487263
1867352248
414687267
663882283
694551947
756530828
412336526
834090286
676040599
1719615733
812194095
958292170
1406839680
2094112852
2031005978
713199895
36008990
1538239296
897170410
55898567
1492788596
1787011683
358501727
726979651
434187100
1930382771
486674905
1477627989
534071324
271622107
1330965316
10636419
2122073504
1909109012
366220142
927516807
1585019641
933158999
1773823550
740040349
468400826
922158255
1659415360
1042127151
390160703
696191987
1848053198
506236237
2113174621
310358339
543504427
990153244
962773737
441340678
205253790
1401329485
1608467513
750745304
1615917068
1144609271
361293562
1244020007
34910922
748246480
1676425510
2027146686
374606503
1206739848
1007008684
1775076106
1310340126
1926480089
939256412
1796061627
1937852223
1992077122
1158002497
1251039612
634934528
2111548414
245380357
1345998435
26981786
437390090
1354197809
908588618
543610327
1492734594
1218022492
77491087
1895379449
735612020
89694663
1890994621
221566266
126996901
475504379
1419993873
661366063
1088872639
257112263
684909562
786468388
913845030
1389716699
195554297
1751638596
1089024949
1157206202
2087149618
1759950410
817036753
56655501
1640995703
1546550817
1013164582
818717071
1711093373
205331141
1365644391
295569154
2067609212
1257185287
1943604863
998196475
904322805
316043878
299797828
446756286
97488053
209236464
1676113308
2097076456
175114163
796868004
1433942994
2062062527
1435316441
192110159
2027410305
1457932283
1210201382
1332091008
133180732
1889214046
1317747934
765127209
1587636033
1919465850
447734228
126127851
1921476076
501391912
1096951362
661186324
626358854
1417025886
1374469402
127210427
1424873003
548980072
562089853
493197749
463838517
2034622757
1757031472
922081138
534577225
195936268
336093341
59369709
933049907
1313834800
1203561328
207320060
1395811491
757585522
586967335
352428665
291637655
246553624
1805563140
342478007
642590171
1408052751
1634005341
668179743
668530646
1673765265
1555418754
450418535
32663118
1796217370
1251811324
1439382362
1909578857
2147378056
1278091324
504952276
1432526407
683579064
662985718
1258469469
695905035
349533901
1816475021
1658141948
275730973
16997480
1631316672
1159389860
982520110
901315162
933351579
310502443
563160000
101740265
1617023572
1408419660
193817041
1409324253
572886945
1785058219
745180872
575636883
1747452449
469879079
1656801566
982713633
1839884818
1961825767
2134197858
852415350
1476999321
576152694
831927507
1075857440
1208158381
403841878
1488263010
406552017
926464341
910087253
713995801
315815978
389197890
1873141070
258403664
1303644901
1233390546
2142817924
1803599935
2115732450
953620663
1769252611
1890879622
288861866
1750411016
1848522660
1531996541
872836009
796849182
900927907
2029930187
799319367
1457605794
1413314878
605533171
1795049887
656149433
511226605
47545061
1841988464
702725825
1669443207
1024896243
1118922963
1434158206
35806802
1011550909
1964478681
781993824
484565071
1865880318
970230319
131551143
1013510176
381258896
260784835
1988877909
1669641857
1128885888
2025724981
1476289068
1000017168
1243746539
11285545
717755287
75717208
1081411638
1462865864
536015958
1447839320
1582732645
678103240
782531378
1535270770
1497455497
525825808
1570585504
1232349665
1190579018
369210115
1877872860
1863976417
261543345
1364291707
997227556
1675506565
1310991823
1527464199
1317440724
227791647
492461813
1870715308
99119076
326123906
1582285689
1458632247
432498691
1261058612
878447329
201021800
1234814976
1102020736
1462332227
863559566
342146233
1662802074
1960203125
1043943613
2098047540
216212615
1742469604
902479770
1131183081
1242768390
1156353153
1476516797
1196094952
1607911444
1857377027
473041728
180561754
2134858802
93612723
821015246
456582585
1631094801
1915632479
522073500
980161138
1375290461
1363095421
1448969393
1297705820
778576243
1676561886
84302282
144534032
15432500
1319928915
1572820909
1327602511
1527981397
2052621612
1859333378
1048816731
1499294372
388017531
737129707
256756545
454041366
2086814068
2124904846
1943151597
798331796
1870097765
1424000887
175656493
46152476
1213053307
660678359
1494814042
973502087
1347250458
1037897974
1082373384
1955335698
1617556764
1226951708
384996060
1616653527
2061159959
198663098
878955433
476826396
2062111499
1341671727
379974646
592930111
2024340079
1170099853
779048834
249300915
451134416
563316353
343663974
37246308
202424483
930561056
2086502465
891473075
627972838
2049426191
1754476133
311508256
632324182
1336469423
593749249
410747797
711332429
392752962
300220923
534297468
1277875100
1203777108
1514069406
1025095640
220287959
1846406973
2077856614
2028089329
1736921974
1649047962
1532414455
911030766
590759269
1559968886
67699391
1947969450
818298287
989611987
2054213952
673522571
1963906025
969388113
2077939397
341664164
1359488046
535227412
1036699382
1573041677
2007344494
766552588
1226511075
683718297
1738594900
180679842
1654721611
997973936
10930101
395144352
444989994
1509501035
54409468
557622559
955021143
2036181321
196980769
1280552639
1370007670
1190364172
2065709338
709903291
1045247346
150506836
250716681
668917593
605387219
315657060
253457770
1217670623
802686935
1701808865
1573828585
1799776480
572984558
2061689307
281191762
1626462401
1337932749
741776332
1404733946
401887921
199795922
1241339292
1408910793
1209508933
1596412037
620637377
932443035
1582418149
149310833
1527663158
1394922522
1722348758
2070093806
1034258337
20560452
1039795044
1965941751
888277833
877704541
819547797
1510665215
1126400285
1119718206
1256378499
542175216
2092450634
1853367815
1666597483
616127213
1870487460
833514481
1848014718
1247768412
1581269609
1309010220
1218756911
1252013078
1313347547
1814512207
681514907
1606946241
1321886928
187831522
2016596660
1417908937
1010264988
1114673278
841395338
1899829331
1693236369
702553112
1821963848
673206624
1304218164
81604573
2011229363
326196978
1197469390
1327004245
139542791
43497324
1254267649
1830844638
1761599529
1564107188
1057469924
1730528623
1023124934
704844458
1908305157
1721042849
716905982
784929875
566955461
254625488
1979752209
1298893158
523141981
1917607025
206717331
1416842415
1644078769
1260010188
644614850
1792051285
430437835
1143219587
1332396630
1189631186
747367786
237709535
1444039805
1664717917
1158309589
847095658
265917548
1778826789
321514409
454166118
1746616882
550590944
2073455299
548784599
633722255
1465749613
526496747
1656142418
962270145
1341217730
1223986781
1024544555
1700947852
1674937032
947414509
1486330807
1245221733
1911720808
1126665145
2128780408
1599336873
1163635044
1473618288
747075132
1229559570
961438694
1941060264
308041214
2077562101
813284422
2144687970
646221899
152581033
1117832746
2110331436
1389450717
1389837497
409866177
1209192929
2101338123
1233220637
339905658
1856439269
1133069577
811453789
260636469
1024299282
1432465390
1983369447
926979800
110231183
627815524
471016686
2000291240
631807440
356372868
2000638645
1728880449
229343121
942363946
1250806171
343890684
14983634
818868282
208654073
671100938
89015459
2074367569
1928709589
2038223903
1200302180
511403726
1066603251
521966631
1346417884
726747391
713371106
320298827
544758920
1952321151
872514272
1823366875
1615773952
1973604395
154302985
774032200
2117567219
1272271779
1972363034
680094179
371601987
660907163
1295655605
1062852023
1007505709
1557052752
646483685
1092132072
1607941414
168059971
1356814893
1766017456
696055410
1033171396
912260266
558059943
152021455
1707278818
1054593159
704492310
1268007089
2119875888
39550600
724080709
1576039188
581872514
1521571157
358913661
682189395
1611101049
1681967920
1435864776
2138145762
1767237695
1773982437
1416064950
573355704
1296086270
1990233813
1307866307
214101565
449671485
1405577403
809008449
762161467
91442263
986797821
1749973123
1989755850
1666710651
865674601
1960298503
317779766
1277010479
209935614
1996189414
1683788675
438151439
1567844038
1586324865
1604793002
461109610
1246723360
524006643
159969337
172287081
217810436
1777774091
660295218
1088013664
344333177
101629202
1763912737
24684224
1748153612
2041571429
940954999
758279200
494166065
1908688050
677140603
534683079
809047658
1468572852
1554164355
627823900
368790930
364336588
1452084463
1069614237
417278129
274544666
2144455408
2001008036
2095325724
198156877
1472020739
946803899
769901082
1556026077
1551185861
2092013451
1443976789
686072521
1738172343
1063010294
678368477
400144736
1553181991
2003249491
846202568
1996867264
2111364681
69346019
1644829848
687801496
930533515
1045141957
1049688740
1370678826
1371371896
1446333087
404913664
4359170
595140766
1497134360
1658575013
1506604854
284362370
1085233629
340468810
81985317
850598199
1807409196
992014726
1085570858
62378312
360846308
1482552992
160933650
1412797206
1006937189
1898643757
1914437813
1391587605
1584408573
541609358
668351209
1221366209
681044219
21473660
1565654554
498298039
458641822
1888479046
710602261
1096264518
205109877
1179350424
1073219861
1223129363
1371812887
1319722930
733993118
295429588
245155095
2035938204
818791053
673218949
86032652
852810814
308075428
496084720
2070545597
108589059
1039302030
1807200429
844452876
564142363
758258609
1957198282
1003152142
1722736285
1525656161
1256174096
1087942895
1292697765
157981474
812954775
1510161438
602650008
1770168925
1191784439
1755402753
1013008691
487275365
607902065
1227686471
387985200
1147496107
1806673262
1078848500
832420085
922684348
992459562
1515187460
609151335
1402578093
901075978
903340172
1350242653
861786944
1361464859
1622348102
1001744074
1116753835
260812849
1752680361
1439491868
1461289957
763369230
1101268229
1509181876
2091560719
1249692216
1326952889
1011443713
1659270763
1903385967
1949109078
1664221656
688512873
1882333619
505827235
24904284
1069899759
1611142376
358296010
368603197
1073952087
230894698
1023242023
1486410402
544001760
868651469
105319635
1929664592
501468213
186040676
779359397
445726037
836701890
1035413589
431283222
1720654664
588432562
674024194
1544422918
2117578649
1207052093
304198429
1914555750
2070610406
222704979
1332532213
1209072849
2009210558
732511021
367574864
2070526797
327731538
548433367
115462
1290650274
1403987398
265647736
1155919694
1793518472
1533357910
120765942
970873644
2102050318
1724465823
1374616533
337428800
1593414974
542240008
348259352
2062669506
8056928
834575174
910898620
2119959250
1532373368
50629170
823827986
446689571
598972465
1392208496
1883766747
1975115308
925217320
131564376
389519795
1583311138
781955509
444277056
1461142800
6976147
1069823001
2084377620
309980152
110756466
1834313834
2118040646
896544460
643984685
923924645
1238672609
71033820
695977787
1832596268
1619342097
1507918995
587023487
950239854
1862151293
605498373
1843193299
348433898
1669919618
1029874157
847608976
1034274156
1306172028
2037629660
384220075
1558445760
1820018516
993313671
1864151274
315918334
217603921
1850879588
1954374620
1369710171
390666664
19328267
432696055
1168651608
209069728
792919469
1889880256
1662883479
703619417
1685563233
1601799189
49652003
1903937611
636058852
383139225
2126600470
864240038
1302058146
936129816
503003839
1328596819
360184201
959267076
1568296646
545135681
209008276
2093428443
955742501
891499489
312017706
1142947597
636233714
1236751549
1119319716
2084304394
1249892172
958812544
1694860851
1021743411
1840136917
648144794
1547203229
450507974
591131108
1682608033
604458217
1672393464
1557285066
35939877
82308736
678073760
453458339
1321079945
1633864699
44982018
1876090408
1620761201
1549917334
275700859
132153479
952252539
973528522
549883434
631722222
355787161
1839245203
1502804848
1104172865
2071447601
1306303596
714853506
1037867366
805524082
922501218
385600737
2012938284
839504977
1375815942
1581576528
1970862202
1921212865
582269693
1911801102
1460633455
178516638
1707552310
521385689
1425024586
1944516006
648960989
1783740818
207763455
592350278
1019406653
2056877619
1630763287
2023988775
619074132
1942820334
886340928
98601824
846345
977120962
290267539
375874786
1224163140
1359079544
1347779223
1816401213
1704633599
928520359
1795030102
845375685
1869283447
515208971
1031959608
2046121794
844180643
2123867764
2135355401
789108788
1729091809
2135315035
1364601330
1819581117
492407310
907820262
931199375
1881364124
779250444
1617856180
1692176414
2074222445
781598737
869782779
1010355460
1334616351
1289038441
1751844879
1396421225
1286596826
1838328856
94436732
1841163830
774113852
582230383
686001760
278536737
1137848851
1500135020
1013788647
1084470323
1445389743
2012089263
1483307988
1879361104
1196791881
1421625709
2145743338
372132104
1458103476
1557560405
858491355
753743134
1095947840
51257935
1704782258
877422988
637737105
1758647561
1916698864
1672910888
2065123323
1666925794
1351379407
82324395
401456955
1926951058
215093763
1024952723
456820621
713901770
837507617
385153661
1660032052
2049056620
899030951
291862809
448780976
1266104419
1201114868
1238872853
1813547037
897884904
511402394
1228501288
1599475450
8987271
960244605
951015793
1429419200
728190597
763014097
1876963449
1855801030
1085443412
671681824
2062761604
288459601
605087494
1316230056
313706472
2087762707
2122483223
1105855023
812646422
756881899
633294194
917963264
101324123
116459319
1189368895
194630141
1323162078
1840801399
1897124241
32699852
1475257599
953604070
344198406
1032010599
1633527147
1675943595
1553556003
606739493
363594331
2044063629
918747918
1368122851
1475280959
1647248162
1136801413
548931085
1930986009
1389615637
892723135
708215548
359123166
275645786
1734982816
392809122
302538381
377466771
2133510748
645439102
810565261
1936233714
1741762873
1012301744
278091935
191823750
1166117410
1520826543
1838499789
77556630
747430246
487808366
2084566089
2087613520
1330498026
1703738508
1890606201
2128212154
18944192
1287361119
1426431153
2106366942
1646380275
573104617
232151274
900610968
582260791
1158482254
614785689
1793207745
1362757411
291964615
1358042074
186952406
168036936
568071872
404942470
124108089
73341893
1488094036
1181168781
253210798
567665499
1673432489
599688630
562381983
1435034665
2135536496
188695968
243070255
91377121
519480193
1576071561
1536967457
654872623
480830615
1478806110
1137040005
1894745211
1343239297
1967872375
135018414
969159445
2136416853
279533214
1769494068
25141754
704466785
1961544181
387887462
1087286296
2074617448
1153871150
943362621
2081718953
5115331
816484026
1565300102
1340896269
434075541
372180426
595625192
1945508813
1256119552
896702652
9755766
1549768828
274778296
243858436
775159072
1320209163
790913214
1766903950
2066593217
2146384289
601997456
1680029100
2048004319
1666599085
781633116
1385326502
179629756
1635868509
938753864
522545658
583966476
1839806321
1799927387
1933520965
1609744016
1371042425
36514298
1195521862
148584748
1633084519
867402223
847191032
2048739738
830343249
878812783
1873330104
1633951286
1258394704
508831161
1716415549
2122867086
1300321734
646366112
129476530
555040492
507786307
2043832882
1343164067
589336168
158427410
290099522
308041262
1234444154
2040661174
467126021
903771846
1363724360
1000186067
2050904007
1938844670
2133880789
891751937
496333339
91283285
1121154774
665247141
168336431
1908476863
805356451
919959523
2125278602
292156885
1480958134
221364540
1919852605
174948895
726232599
74111942
860745761
897095702
1862739697
1627170479
292986319
36370383
1047016113
21940280
48888491
96273585
1694837530
440771891
1361542185
737237195
262822963
88760121
182360694
1711295676
857256405
1922222368
1070093349
284622910
699492003
385829811
1671646106
1131824660
1770391427
625904604
1712749950
1269685989
1282909666
480059638
1830272603
1479681467
879641911
2096705454
448150949
2037757299
1915167376
1142801876
1987842777
23188373
821230448
1009607351
2025428374
1149485451
782914860
1018630217
60827363
981943065
472740640
874412762
691415782
1549208293
219557312
406976670
1081654587
2075119186
1220893334
185911483
1031928568
758330669
791731611
533796993
1074756497
402917559
727939280
1147426255
1129872981
52625364
336674793
1794750357
72464653
2109036847
1958523017
1349372348
1318502589
371629333
460289431
68192984
1295165707
952571453
1611903610
288969100
1788327631
140091842
1213947300
1466810561
1878276008
1782265047
1473246492
213887805
963551706
2083996433
1447940853
2147262868
1134081902
762648835
737150046
1396568529
1158569953
1182205339
2123182696
1587095780
308202790
460282140
302637774
1401276471
2080871364
1643257758
956518929
1537138013
982007988
479076482
980596890
584769134
1456733059
1602516105
1703624971
1603465559
1695153921
397626886
457774387
612313513
1579543042
1526702101
1893992830
1759648393
557307510
1231486543
282051343
342547331
266733978
1139334185
638896012
1307878048
1359334566
1617865231
599899973
294303199
324414031
1826242101
1338463188
666857578
1582832691
1543470681
559087476
220941510
34507096
845713693
309553124
57922206
1707555301
1350634261
2066582374
1123633839
867222172
211531243
352481375
997308309
88660582
765193771
706353761
1728818565
724770823
538258399
1449844397
489997400
1855633605
167345192
165433727
1280729298
287892763
1159209226
121878699
614547011
23609016
1836561833
948680697
1571589694
913435854
1192484673
753941639
1977485376
1378416219
340083387
273350690
1307085984
1041664166
386137336
417251599
687836898
1939427291
1480137766
531167864
183457776
2130654567
1847151399
1781231429
191809565
285251004
1888243567
2107515713
1593887153
759632861
1282680126
1849735457
258626736
697178468
837007995
539061822
174263670
1596398312
1906268151
1644554071
281731514
1668901246
1477168495
792303443
26205904
