356752483
1390058637
1105106180
792055861
1849056747
976236233
237535881
1825148750
606675004
531311943
1983923364
1762957510
757371995
559128761
559372520
242912669
1683544946
1133036313
1718458860
602459474
1968622671
2081536519
1456502263
1591819987
1554138707
1670781297
1615560578
1968229451
1299045466
831693072
1314783731
1992590861
1458228317
714034918
1819482678
64511657
1359850428
1385478250
166102815
354959009
1725624958
775663875
1168349602
1616764955
190193036
1847722210
1258049698
2000165233
1389514935
783891795
1784119439
546282844
154665849
1552952495
101263559
57565188
522242841
256705781
357572100
197486884
492669961
1477367717
701671787
1645102554
994393421
155573725
787960460
1304753266
1063863978
95196133
78944691
151006480
2061858724
2039380839
453340286
1766550173
2020370679
122929512
1157720843
775090001
53939550
1131521257
2094022827
524165837
1998564554
1977346016
1577374646
170494406
449642695
1028653881
299892763
2037197532
1595209632
185067708
1661352570
2063308602
2144278663
1471597592
970161494
690261638
1092228160
296708770
220524357
550488440
338519329
120166072
573500707
1575001436
1779357277
693618392
1681418881
715257430
1227332329
336195185
1166770839
137473707
2066513879
1650027771
1109255472
950547038
147676993
982513939
520782605
1787939104
393225473
2040758798
1811811204
490487522
771592722
803551737
846803845
1597624442
1216896628
562522242
257189874
324267380
593086444
1697985505
701005482
1310079973
1839386463
1002676699
2091967834
1788055143
931479991
1929190735
268435976
1339123600
1297953321
1822244092
1583256013
1326263288
781055425
1449163374
1891956136
2003704358
1495753134
2130535035
1513460752
1903582453
302597580
1098230208
549154846
486984244
124832863
1764408191
127634315
1538155047
1904054521
1239987738
1621784976
1145298155
1883214869
1360688603
475811804
2029782707
2013116138
488189860
1858333340
1404581171
1907425019
1100856427
825386856
91139235
1252141439
873567681
1121271450
1770889184
211312493
892568872
284439488
171161411
152330498
1962481386
1420823901
1398561789
310364431
262100845
1066031881
1658167492
903234209
1959985975
934472866
1784264639
816463757
356892708
1010999836
362225853
1753262548
1483201111
769771523
985013644
1666403705
255085985
512241706
177332694
878995381
1316461554
434008799
2101065115
946478905
381906745
2031555875
1889835820
441699459
1335966327
528124907
1698787561
794248167
1326905821
502740417
1584678082
1956001199
324848563
712532459
812694609
1525824196
1658935415
1549789146
37596680
1208900201
1782879368
1322050802
1220678949
1927917863
2111709269
892596966
748543263
170239201
1793143619
1384300545
520668466
737276707
1543037839
281011469
1620515697
1936213986
959363231
1540287159
536783943
631094533
1267990913
1413883529
1880292765
1411045503
1284937772
2119601836
201477319
2138857727
1166778730
1289189597
1985335106
2058105018
534517373
656549568
1096633788
1063375604
39829435
506092843
294066523
942134579
1446141070
241015049
1495975099
403160311
1453826963
1330089634
1865259764
798364902
803455846
755087753
115448092
1974107048
1024970388
1057128164
231665795
1294060356
93917730
2035957522
358365526
1831415242
57509466
1257474495
1020028444
1599703470
850634304
1537578768
1528430428
1511023505
987347287
353602520
2019556490
1081789013
421876035
2139077690
590329815
368799522
726398613
576762509
1794820440
1851463951
644119560
1031973021
762128714
1134757954
382354025
1274666524
950380128
1346208190
1748224869
1276554124
2005446390
1433075989
1838589310
863316424
743225758
759043192
1462178755
502939184
1503642590
333511189
173020997
2022134553
1613473803
1979819655
775783479
2053663200
740189372
1226212437
1612275810
1109885288
663072442
115110856
1565807827
1135342798
1983304751
2109103460
1286154111
692996263
49524411
899737847
786318655
94204904
2048352859
101663823
1901924015
1064410554
1744827319
2115110853
1086890357
2132470393
817458750
426085796
650729615
874044321
1280602577
2140303913
2046320258
347993439
21372780
590075849
1793035110
1011029311
1752889257
1970884628
1333966783
1413499431
852768412
1279934475
1960580005
367113010
148129061
263417909
1628907022
1864661564
461755830
1754168714
982697652
326649705
1651457195
471474199
264721090
2031746659
1859990995
1130055295
767126356
1475212945
469234151
661162502
1627378335
1413988424
2002182600
1251191533
856285930
100514315
807134470
318117418
358504605
806448912
1609025463
198271967
497852
1341494945
1928062151
1300578016
2052264270
1949939595
711347574
1831454040
198619235
1592025280
1977319157
1987908386
1451650660
1551327147
1266365438
1489903392
739783271
1957289971
863784878
1264220574
1314263416
1259132350
201519041
1988052265
97956409
1573360780
118973876
1400664375
862372620
1910492491
1426757015
1395051647
863022800
1947715988
1931165718
1054248703
832777845
1648467471
498905028
2098532088
101854056
2146445643
514475325
779435807
636719918
984333055
648804424
1171382779
1613773301
1959398739
682331687
20927261
1724090609
274153717
136382426
1132392670
1728436429
1396154664
1775144949
1291592344
1558524771
284648242
1894461117
1652731936
1910370366
699918623
686030033
1200535923
40005452
952960881
1201553797
1058656223
46662364
964956316
869857229
1470553065
1465377342
76019831
1313044870
137180930
206056938
1248285845
1980717400
379567750
2058189989
120980448
1048411221
1459576668
169252125
159743712
838043451
1427544058
1738686714
1992010721
1753315802
1814206220
308736702
1981514284
1177227179
659522897
1491608549
843360876
97898847
2086108169
905556674
803200080
567800857
1567798470
47540126
1251335144
570374642
185974461
1726593130
522595923
592536065
346927611
1799441208
226945405
864982196
1852976354
235084263
962172225
1473436141
1752142283
490710610
1402011284
440525412
989883460
259609824
1434172586
291664206
956938713
1155648258
38235452
1697476386
1326483057
768569261
2060533752
1371598581
2086259125
1745551265
1279456988
1109201193
348876111
1372390168
523698938
984523903
680890047
1229155705
455413297
1786565865
745497659
426749234
179194288
1178913769
1646464079
2031282429
417937772
2135411805
339011180
357695094
129945289
1575984564
1548547068
268771465
1681114591
639152832
1457860161
374064639
370164740
1412931908
1692453457
27443741
303391749
1855860485
849709719
509314575
486878343
1141857516
1308003134
1263781874
418593860
1277071019
1739208331
1945303611
1139643565
1514111266
282227948
694288048
592949152
1155079781
425377268
294947808
723852697
633279941
1331139615
1517088587
1117098418
1790586811
1004012560
85052125
415516564
1569507863
1415387098
1068143140
666631714
746882979
443504586
337720652
1335956278
1435192304
726220634
823801138
52096217
20754974
1713909052
1436436000
68010075
1266432256
1257192334
305652482
1584969290
231735273
1592849043
1532085505
61219926
443099976
1103670277
465764032
1827736846
599966385
2035065271
436382999
516282628
1782049320
171964671
978622813
991483050
1317567520
1941469448
2098568672
1721394487
992563229
1881157835
78034197
298795904
1624140439
110784250
1485774004
1996400485
1026286877
1437788602
774554618
1105779440
2051860224
1581489604
1281404002
853078088
236427579
1859934220
1353435443
85052446
950979694
938941751
478303984
43290850
1077560569
1978395248
58164882
1375319432
361597273
1504671710
1719621413
2147030832
945118324
929173123
989200327
338125063
1694915397
243246596
1811848030
2060498412
1187457341
445901686
2019832531
1733828177
2065560998
2052088581
646933203
174464316
1136207700
592378092
636903646
1664930981
1894463100
516450748
1994697574
565161195
1277381803
92055823
766583936
1748695862
1470253387
116089685
1628083474
696645814
611128999
738812643
271114326
1467157557
1494449546
45763586
43551148
1294322392
1822469563
993860234
1915782551
545455604
1448430336
1219105226
814155473
562791174
1053707018
896810114
1076199172
451947483
1413595068
669547190
100741376
1491722406
1767092158
1733242703
1929957928
207473189
289084799
1744725573
525180649
898555966
1613047752
565249738
1598108198
2139198369
198004984
663023608
459148656
415163609
519635563
1663155799
261190483
758685665
1952215644
1518768785
1470376500
2007624643
1854348948
1728524064
711199589
493248465
746041237
131220748
917739311
2119141642
278219027
1188324673
676891490
820677701
991421667
1157382882
66923109
826348984
259522551
1000620946
2079626679
2057508549
944035878
469004122
829323426
919275302
1450556247
1623166871
165036412
892006812
1410088683
1352607416
2015884905
569353003
1880272074
1923943307
1270337596
1199772554
380591521
1351030303
1211433412
520013054
331845194
1638699880
510940773
1699080873
1238235478
1915930140
1236801759
478733272
1283751025
1096781359
803127830
1115908927
952159684
1335375930
206929355
683788788
577917479
557936788
1903421303
1401907258
310437070
1992244949
249001888
618494845
196955327
869653895
2111375442
1632822740
969546185
917805565
1380882583
1686803825
1451589260
241176746
1507335561
253083305
639771612
1844973368
2047233587
1498931004
116202667
1824632386
372845738
1074070773
187641695
1321452263
68996506
1347146176
229218633
1565847546
1724822283
1911806669
15784327
429562972
201133306
1159324260
712952864
1398271293
450523193
1974372197
1955926521
550796377
1132097245
1688120424
1810273953
973920862
686047274
201941727
610487133
873372505
871502808
293390293
1990066365
1203449355
659605789
109430869
272688583
732783827
2100116968
83902063
656838489
1042306526
1164230151
959253165
521331968
650249334
893768427
817948062
680457034
1940319542
477325993
1818832408
327628417
414682793
915171332
529621338
1142005423
1378686900
506041933
948088485
389505286
2019534420
644126973
31906203
748842559
141018401
21501982
2120106902
1966843221
1117913810
2092049987
887026020
894403440
297177150
524003502
269577925
984272274
1442699781
505082223
1582050300
25196688
2039066259
1252910268
921035661
1089815340
1471287980
1273720190
1973085779
956548930
1903145996
1453205021
955634934
2120712508
1056683391
940024296
42113639
693597350
352156315
304121947
270878271
504142881
897833557
870545759
1323104763
2105856150
55347292
277719313
1930460907
686181226
1788984603
1486773071
547397341
1627765862
1176045614
372259829
1807035885
1756466783
300277606
358359556
423039752
2054103180
1530898188
1608588150
248539695
1898846643
941973161
620678487
250134476
810966308
612270021
197063733
1273570772
658140426
481920388
1034037278
1408541138
926803862
549790033
1623442557
2058765524
460151802
2114177513
621629023
1589220131
1253009593
1083558658
1794437672
1284179945
2044938200
1140587914
1629832982
833652859
1571649430
331438748
185982371
529704706
1526773628
1559813927
1250046430
44509091
1619279572
906046207
624223899
1360428960
1406160955
426383260
749182591
1866093537
1557952888
1451050303
79426536
1699362986
308871702
1532787555
815438789
2091665870
1404391836
734250340
1151551124
2051882167
320523682
1101251849
1374301486
1702802901
1708435168
1603639369
1919783124
2055138947
1954109132
324160950
1017889496
1721363065
324174432
1888083322
896535684
1863384451
106761954
696173809
1495114368
1704341780
394427814
1363048211
1726035971
51368648
1283648429
453252030
653678796
252894802
1369178265
1472875249
779093032
1675553283
330745188
74430269
818093614
1667455903
1099275493
119485645
578066644
2054679358
1101539623
1105352865
1008768712
65450181
436326595
1609972389
974959169
1058405472
1055844051
476965869
248815834
1107644986
1278539931
809081146
1604646645
2038120072
37921464
899904488
476134269
123769
1082805685
724252299
1329102872
499115929
1847556235
1456044863
1170766318
1476125505
1426768157
1188264762
740200207
670542854
1870807545
1286490072
873857505
696097038
318904406
923401128
1477257996
26363755
654453485
732316087
41744469
1083572911
1965616886
430088058
1001255
891044056
597569777
349405974
885893331
494596407
660984271
394396537
1077024848
1777526896
1903561399
1853295556
186467169
1463912535
1159624284
1988508331
1798776244
639342960
1337546451
916942781
1371849089
1073744159
1727409563
1445673185
313543412
324663760
521303922
901521017
621542644
1679246632
480113200
824908880
624027997
1855309220
1806480384
1964725966
788841325
78490013
24523119
1304403414
802340369
1244944434
1143944421
1503600423
1944994048
1432407201
1381622334
1678942318
2052758715
1634082593
187973980
1500578041
773601718
1900756220
1675310494
745418187
51768368
208483896
488633565
1996789245
298856000
1444358561
102072197
613698615
70865184
890180199
822133781
311474403
308963566
1822767888
1293991958
374140175
459811411
1933202290
1987296164
171051397
991653935
1557273311
369488925
1856340802
1528699017
295367095
1007015730
2081777306
517831611
1286037878
493053387
729584727
2010321295
2072078422
1746744741
314237606
766952967
1633592535
1306780198
1696119246
27403527
640990113
1959819723
1615583319
1156349441
646269111
1547967897
1115497904
72481825
2133528878
2121915241
698364286
757618954
1847567281
542835114
287142344
1001242498
892894938
1189132933
334933049
1859204314
312246734
1011567850
1487961530
50946947
1886397475
1417256882
696900796
1790998983
1230560935
1962235257
2024185276
2120971511
940807850
1088489204
1060671406
1829238482
250683097
1396691359
1745853818
198528635
5829259
916295276
55115309
1850615231
1813410126
565204471
671769169
1406590101
1063319712
936540687
1567009816
1812354946
1636852223
1824811564
613764683
992279183
722725168
1581166885
1561992465
206359786
1110630347
1524810666
1206593117
769375893
1410338983
1424747573
261081930
745788223
942671758
636375041
2020205041
1725899164
417792917
386169708
1901539946
963964352
625453363
1836879158
2082049956
965319360
597646442
1596528974
769608227
303575514
1806088959
1673191210
1493591885
937572205
406674346
1838478940
1990088493
783075913
806459763
600284418
764996046
1752092255
1601855089
1440609917
281865458
341381927
352847418
837754642
676941902
1468939417
777948550
1111007814
661643965
1674423177
842453447
914545600
1562784148
377110530
1907085153
1162768757
1154929185
1516344561
601005364
1412675360
811175107
1109628360
526443625
1329445510
2084626320
570998221
622974960
1062207009
398244471
760909284
948928906
1739950920
634447484
892738905
1420588647
687663625
349623515
641550674
1726033005
138938589
2084252627
1344028323
801642517
1956153149
1596951552
1921109965
2068701922
609163241
1319142793
617459411
1172392057
296732752
1386837148
1593993736
257896995
354351374
1341711846
192291477
128707501
1540925582
1027857815
405719227
535586324
1892392309
1221701688
351648722
939582959
1484943995
716314367
1305974567
48372303
680074099
153018421
86801547
941788524
1482713815
769540631
664586765
882091117
270211536
1337436238
1175067946
1520356300
1690588704
783288163
6438610
2062039314
1938302542
1201963197
639746439
805881251
1718327260
1429178721
710731852
398853730
1363431149
1220975478
402504719
715345132
1453521718
1317710067
361675564
1362833643
1916895931
95929212
2048913521
76731097
1550648138
1644543784
2026555666
1226431502
964995333
701097996
1220093527
743822181
834735355
1777251167
1039633459
1722662681
960128477
1706274483
1242951511
1964530041
1749035385
293789686
1576371877
1488642086
546959814
1679163350
599035064
1850779207
716905431
262348866
1488604215
1625794031
157875775
159058944
751320720
1996114676
1938768179
1243929912
1371481205
1821501455
450070146
796192346
509588738
586875019
488583454
309639233
2099565760
767690545
943247636
1441061534
135063765
1388388810
632638090
966706703
314766963
267405970
1749750532
335080266
425357356
240558033
680119419
1553501315
1420738100
975340438
1074461488
1185413005
322215993
992073970
1226555562
1558227148
698003253
632650831
973496267
1125033317
397706116
1075400934
1694725333
2094848531
1762281210
1368534931
1807451954
1570790639
1609514088
1990001029
544253153
822243920
1772075306
1254061791
800332643
1122261068
1509112382
1424789149
720146180
1157466904
1723259125
1549965929
1982046715
275705605
1883544778
1016207041
931684594
1943613028
331576517
1358549781
1772275245
1286810743
1197841155
394757941
724207025
396316837
102514964
1424406889
1347578878
1368761539
698767923
1144290181
1831187512
356826256
343466091
259292207
357284667
629372690
1862632991
2104668313
464257974
86828024
1935530827
1854947872
1456546517
602253300
1360033980
599072592
1455606427
554263720
1947578315
437147099
1394563847
353893225
1660794311
361133343
1231693142
1141708325
1085965424
124970140
1188456548
806295169
1355971803
1294935175
260539274
852037280
1278579216
1709110547
1786163873
606757388
1538887232
1115652483
1039628199
332401901
308697710
368705561
1341011439
1865500930
2101520135
920659656
293088384
182229166
1509867087
541533795
529720118
1908536233
1164931316
653240118
535705358
959267443
1790255784
604406755
736553764
890894311
103922362
847450534
529766877
2126584639
650021729
1226537574
88783201
207005105
1887547220
1247065866
1709254329
1311076523
482082262
831683197
1503949263
1641609659
188205165
70388149
1595959594
619016731
1742186989
576727043
1727486765
721847809
1118591460
769377677
789173554
495432039
1671494950
514467535
58783413
1271988213
878057202
1119659069
604974433
1956993169
165491461
895614400
1349122652
184778500
698212981
389509195
1760715904
1584299296
335830743
992381556
191167343
655161735
1754824820
4964698
1976651541
2068136768
1085144330
1310631568
314485244
670685035
107662528
1241309511
1324425768
796672252
1018908236
705666078
1264474403
609581173
1696156465
1236461777
1651877936
790054996
812833929
1601687385
1793628089
2011547256
521973440
482181557
907218395
1259774076
972640334
2074832621
1720711134
557922538
1255624127
2028381275
182856521
735973736
214484281
380894462
1855799401
1080562936
549641204
1447156701
1135102476
706832707
555242793
859673270
1368324908
50578630
505363109
2012270080
1735074972
1649103524
1585934538
1238851444
931278112
1183671556
306639173
1960940875
156960746
1380289544
359117323
981247602
1307038215
1434084630
286620738
1468284856
939142464
573780050
2127097187
95455380
1311492538
328256865
1553753949
834223499
1507999134
989040442
1338369390
118564179
814266020
1832103742
366449049
1871805143
613897573
1810850124
975007416
302220081
1735713108
1292471933
1161450066
1878739743
1487355753
2056666752
395980583
340237176
1281867925
948568479
1252733982
23200081
1869927022
1973036559
875005123
1443371677
502885981
2088011224
170675824
1250905289
1968772897
1684439533
2032864572
1052892058
941178796
721795205
1969763757
971953404
529714403
184891843
858716188
1183715852
205987834
1712826888
1255597832
1740453141
2141882185
1486442608
1154230865
222139081
1904108487
1196059313
1030021803
1961772081
1471849550
532379130
1866533257
1051667733
370218030
906359065
1927273872
1361108913
1839926362
128306723
740483273
1470503602
1074959266
1265239705
2095622342
695093370
1620890800
1470024922
1519332595
304189771
1141944324
286756864
1568029546
579851951
1745110607
1834109376
1201705637
782380095
1859148211
369246829
192117517
1110809017
1621165643
1417977793
334054076
1633439939
971153414
2084998459
204495238
1569197215
1027229789
980704054
551661419
546891215
735947695
2015123890
1414538179
578669832
859144409
526570445
808232225
2108037901
1546717580
465883805
2137891472
1732796108
644596346
2035568472
1287762260
1382940335
1495334634
795024693
578546275
823330253
173969694
2065348277
686668592
1277696979
2090894408
1094588746
871499884
1003711264
139697795
687186312
987272603
122982846
1305947224
1396492321
1571462160
1156533680
489546349
1555117243
1303423508
496669310
89006217
664915753
815047753
231315564
365689309
389195418
1286202451
1543542474
698533816
2039415402
1092865741
747748404
472938598
2043358166
1934049738
1089923866
549522833
1914456331
1464917141
459558146
1673978140
1356844426
393128429
1921954998
2147194210
1612667987
531244722
1177932404
767242307
1597100847
566918615
1459411627
756024629
1414288167
801289213
1899016065
199286862
797136996
54239498
1380194207
1391254861
1098127313
609248468
2041373851
1830478443
1930222460
105316802
2040701819
468702064
1817072493
1906790746
2095118027
78860507
407356160
2075558642
1931035414
1093566715
1398273168
1178785656
1166262139
1376275153
223720962
1925207914
1325232959
2095116676
1906079650
1543544490
1771930593
101732261
496491419
2110647062
1898082568
635432111
712941368
151649492
1530813196
1554529334
1608843128
960774331
927620713
1698598677
172924350
556174893
1231135000
1471778275
1942353558
1186690851
2024776749
84209140
2105392861
2030687952
511915154
89946799
611948860
134078765
1416301389
194256088
273923935
548671480
393006304
215054849
1530490326
1467680903
151525218
1420195148
518922137
1594116340
1582262978
2023527122
151771919
1460474874
88226257
849783008
1039622169
383265039
1326945885
1398716097
933178806
612821441
1808512770
109061466
1357562010
785548297
662172602
325634491
445462278
1358878276
1978591105
1727291887
1239349204
1224912143
1793289870
1754498322
290520333
1917748403
1833243922
1509567780
736179134
1489705171
574803120
1167008643
1851964722
1203421907
1168892041
840543636
474243295
335673513
120606223
1198352266
476680340
1617519192
1272738699
954582766
259918938
229332355
1867447926
1850137030
1818729780
748578118
1950936046
1038502385
1334121925
1447130150
1250458318
188467336
1130135845
1248916804
873045150
2002774381
2119100985
563241827
1668802525
177339224
762815745
1714540341
634842828
1737797058
21473007
193926129
2120981167
499109005
503802472
482040901
1156907995
789598595
1747711650
632314271
1092239190
1442691966
1466673721
863880936
1436887115
256419928
2089493076
1569655195
1760877756
1228376723
1137245854
1570034982
1245861977
707910666
55120475
1826508284
1937579309
787820191
1721302835
2018602649
907653211
468838694
1527177600
766896541
1447355017
1898528314
1880171512
343743104
1741615926
1927040009
1983718611
1147785968
1264432914
731618704
1341418670
1004085544
923051132
125110989
1593267151
1036843157
837900878
814002862
1216288595
1913754106
104862770
1239514685
643880366
1437831323
1943483026
146960429
2129270974
1889595275
676427125
1143635828
502136797
872632961
1047461718
1353965238
40038450
1308006569
1868503843
152492654
497692546
445264302
1567859730
1228267335
676785444
355660964
2084474407
410049032
1910561293
179324392
1478975574
847039133
354375602
163643558
737017987
632042824
489195431
343992859
11029318
1977889245
765612010
1845077266
990492556
1708574448
1017439103
1230789175
1404972411
81271995
473024023
1457829522
1754850188
1327878003
1206227439
1449160410
276542982
1442302193
1155490693
1599023641
1580981531
1685304582
510641448
1030392464
1359333668
354047138
255463149
1761071539
1098719631
1284620041
869776569
539910703
2125472172
732109131
740068171
118087512
1228474018
841432373
1889086115
1326042495
1989965239
2129153326
1272136062
1236905452
23322913
56377206
464807964
1834090056
1897529090
1685933804
400406178
558231147
1956311358
442665224
85967757
2141370144
1978523716
677335275
960315281
60768728
1699840621
905862054
154960257
201545058
496184788
965601612
284200423
707074538
1772215459
1699585977
1599643036
913576246
1889514115
1463646439
1393377637
1633359773
191319361
936195653
1129894521
1676428855
1760126635
296131461
1202312815
759300106
1390929333
1368319082
1534862359
1433803425
322394277
81311245
1207949398
1718911098
2063941085
803724596
1825650859
1909001234
928573424
2024664398
113837616
152271476
1837562200
1754213759
593884410
1726346993
39314563
1577474430
1558041446
835612380
1138820990
2100288067
422224248
690793359
297509356
572250294
1322082770
1360768458
950444946
1589517670
824520395
579689830
804021391
1820546727
2090774230
346726192
769568347
788921555
925676932
1138392995
524944221
1003452293
409174914
819120092
347042256
1114688166
430415961
2039800735
41330148
1736560231
503947227
1629228008
1960504363
1208813544
2074375823
790035367
585042212
1114924701
1629468260
179626966
932934062
954628816
201905084
1346981516
1609830557
1481534608
1192900367
895470716
752574646
279861975
1190721062
1571626652
1810705995
460680024
916258242
1620755894
1914765291
555103088
3432007
1635827824
1976110819
442530881
81771099
266722306
1003372409
989792158
1447900969
1898787647
1748984393
938516399
1022740406
1321262684
1091799157
961928151
1438151538
1259123868
1999471400
1304866466
124469835
1251509704
614967365
1986302194
1432067609
1920050244
1758106352
1930553705
1104168562
704800899
1100960314
966717780
1325837960
375202319
1950928786
1621953153
854133810
484874690
1817007410
941501965
730119670
434433861
82409454
1822876586
1892054581
145869726
1157377293
1882111928
120699965
592823243
349605590
1456841635
1835461430
583686214
363871917
1256134363
1186077064
1398678262
1504613480
430933949
1530084780
1019526117
1311738767
890168122
943291720
1096795053
55663601
1401166433
778996863
765795597
1106652306
1474293074
960489658
25422638
1168315883
550593906
1605180108
1695793335
1128012726
777585670
251573992
1333007993
224943135
1644646604
581146713
1874507326
308045606
1566622585
330341725
1559298507
2133830689
1197360670
1515411647
1775603554
889137705
2084216384
1184264453
71052606
341753882
1222633885
1299405040
1921906260
252424734
1956446584
1216509947
198027051
122070020
746467904
881289073
990429817
1580425770
1342992186
1645833323
1227138541
448132129
889883341
840425965
1007514481
475444410
951956784
1744055580
2086583646
701133956
528882805
2078223129
2100405625
294237133
394417753
1551131681
545180022
507788764
597849452
1230612383
1986200631
1625674962
631719289
1476563299
1706397263
1718101501
1213024104
890931853
198671918
1032827796
642774791
390369646
1737870199
1499839389
1639075893
1404614367
400037162
275277229
1921724469
2070489238
1347055877
490476424
1905437493
752735586
1310651315
338928557
1663332221
102621046
1668986188
1853026608
1501413562
991871513
783615617
952465083
983264225
1016439476
885606068
1944406257
538671085
960292334
613785227
1081088
108685085
300391357
378416882
859407912
1341661762
1564673347
1496793448
596623506
1174627494
1575310942
282766751
1154128947
399729172
202387181
1972127040
2008361042
2035701967
788962879
1221252930
308714004
2066382289
1966019949
673429424
55940506
664866261
1014551475
1867720033
1318761304
2139411829
260649321
2144797073
654165263
826884115
1782095669
893655216
661180705
1947537189
1584633753
282896793
519933522
500995988
257638101
1743279938
1142016014
1623609276
1790897006
1958850702
54818348
2024264054
1175611606
709458131
1937173011
484583988
118408117
589980376
1004361425
1046648114
1896562653
1008500725
1682728676
452262200
2029925762
1355265598
422782622
966235893
459727212
2113975564
174375712
1185250265
1517582349
1294724293
366595293
1391418860
1777676003
1883375125
747292452
897894469
256950981
1021314970
981115501
1773558249
1912901847
563422843
7092956
1145112098
702467997
1519585312
1044521810
1551365510
104322205
1374936156
1439184598
1950805542
2026728186
280825698
455750596
910832224
1089759257
1902056257
1461479442
1199319929
301162084
864432165
191299317
1574665724
291106543
780066755
1484456366
1556238245
149188849
392858642
1045077818
1789105161
32270753
1772582928
651799953
1391709270
316056839
404469015
162586138
383183972
555363800
1962111423
1420335029
836502596
1877634504
447626792
297351532
261861715
782172396
716902335
817441969
902638700
402432655
1402690527
366010820
1870934980
796450736
1992352118
1815239545
979230000
1361116482
1612550804
421853481
1133352185
1420081117
1561394253
180277466
1448342908
1121747474
2000827832
1458806719
1779738510
1637174690
1701849140
126266606
905669620
2806316
36970477
507144920
715579806
884539301
1364008048
1645487728
1848245412
1762884293
2027016742
949278977
1347298429
1237053192
185008472
1526575855
2099569406
1903389665
1676485491
1679948124
1712803293
881742281
1862559996
827533902
1170900503
579495555
767894902
505267322
1361746802
1389707997
1212472318
1394706950
610426741
824026365
351506019
803563253
2000489855
361991986
840467503
509387890
274982551
1449462522
180592263
966454268
334920344
875071855
1705476594
1742674084
1269126068
1175194991
140573258
1367322319
273537149
981884905
649795211
870646178
570342328
647251446
838197717
271620394
815763833
83203508
1428640186
673740124
1458372352
676864274
496679872
1231799928
832212007
323789953
1151665025
217649665
1744821569
1658264299
821482457
1514363767
680235679
1896540822
1243071186
2048343192
934737795
1629907467
568524775
543294676
86639162
1697413279
1721502593
2083763249
1273628546
1587120873
1674523663
1958201460
772727102
709370805
1628207227
280610265
885991576
410256157
101776398
1914335117
250122054
1890295278
132679532
495575626
949700968
2145681782
1372887632
778765803
1903380649
223960538
1058458895
802555287
671523454
1807019045
1887737759
497598569
170682004
329026267
1040170697
1779185245
1807621155
1782232960
1062738080
1407079854
2116331465
1537109772
4234500
1889122526
8936440
1119860043
487990965
1138838107
1893875594
1193960785
413922454
231778114
1057267225
739741816
1177945697
1722272128
1309266749
1797212265
421920974
1741134944
323102103
716324044
468392918
1504803137
2090566542
860283958
949048357
960187672
637530620
871862016
1673622619
208590943
376380023
1406393798
1687628519
772350636
1173126377
1168670887
1644665715
1095810841
27469063
1145490274
1446767116
165796452
1389324242
487165329
67659951
2121728651
1556327604
1379546720
1931612518
486566611
2085300321
1816680567
1227187669
167131424
816659750
795483890
1690827206
1724781644
501725768
220090209
676632426
1563411117
965846581
185628896
1504801602
610765247
2019346852
1574604800
785920552
1034256047
1964201591
124806990
389273532
64622295
721676668
1563352571
1868151429
1252325481
1642493086
170769008
706645691
159626519
194965391
1991547106
51620375
2116335210
1619581516
561140117
335306635
906081891
1755670121
1674706250
565294867
1778698731
777956925
1207089540
46364448
585215685
272392873
1763810104
520082924
74443327
1935783983
411954375
1787030489
420115658
796718520
1792242564
48689035
2062096656
2143836910
1217414224
1028083888
9688146
855030287
499186223
1338422584
1552033591
2023835764
767732314
563685676
485015493
981018348
932732914
1799320675
567937726
346727916
1406067610
538147678
1388728598
1688677132
1374185669
492468097
1359432469
79989783
448679309
1554177148
801356519
1977703778
259511015
2001222269
1943614664
1161011868
1636011586
1163274818
706131300
717406500
1889308741
2018882402
851355490
278584853
718603180
2064953285
584206683
708606691
94473884
1092055642
611139846
1970734274
1793052452
1212728296
1880878430
1096027658
204793746
1650160693
1330636978
231048688
1263453821
653226001
1670157198
1329503887
217557516
1389577546
375938516
381368365
1194939824
492543126
185384211
1947123058
239039914
1518269658
2093334334
379762784
1163076388
1447461960
1236992435
1613108977
931673207
1601539282
1244148003
16851148
631361528
1141234205
1907543267
335179006
603333504
2064939132
1630658206
2026133461
1270525964
1667880981
1190178485
815087493
967338337
760369420
1847250509
1497677105
1190334371
290887022
1826060773
576821650
2018606627
828795430
615861355
798422321
515577243
1412482458
306501025
1917487837
396275723
1608783495
537827065
1181720743
1117126183
346396049
2112629204
1004010158
171176434
1720032255
1668272377
845643870
109012786
565835551
384494572
1523577726
812615473
1775497297
781405806
1315002367
1689876933
504624428
1595994452
715937366
1363890892
1114083060
380081926
1131477239
1095772074
1478776550
2042486277
749530480
135450697
325755024
515729400
1027868304
482888706
1449678639
736824498
1741035442
873750700
167560926
988524815
607681047
418604306
1808057690
55674986
480330413
1742095720
406462684
1694134960
875100528
842891726
258308197
2072630669
1269924106
1495122772
2106038821
1093725799
740542555
2126388193
276493349
2072239818
1931666772
608383450
764153615
941359837
438207029
696401631
1678554522
1578462362
1143753560
2056142963
902098144
1013720496
276210901
1695457453
142251546
1310506226
1231578856
1798243336
609176487
1875288257
2098597508
1413936979
1877908844
292333125
350008941
651263905
972431669
1479527053
830113578
613019192
394829895
872152316
1925837447
432376271
885178476
1795245099
1283036450
526574664
787253462
866576043
62302587
164628990
479287881
1827705028
1371686456
1107872284
403134679
213804234
495795560
849244488
1198884628
282384433
1882942738
907091313
1841870044
530728897
1031400990
570809491
1838080183
2125578267
1017243441
121222863
226604032
232485844
2076461206
1157075877
47140884
329846443
164991638
2146963398
1607579992
1225144695
506865364
1705129063
1160813168
152282508
2146473788
1802628663
1490345699
2078487731
1818315913
1690294307
1611854196
1750259280
729325554
402686613
42915394
1801840707
1529461613
1294157289
1723427863
462387991
958885430
961450388
807433592
1956101250
1333840539
746411624
1482074444
1621193297
271220507
272078282
2138358593
1860755719
1612743995
304629643
1654582465
1084724669
888580911
1393803559
1966654828
557554249
650719367
2012136952
1643465991
902204736
1901820140
483770898
929814191
817861802
1378320845
1565712211
16933373
1560633208
389098611
1039440510
965610068
1744304009
1152633488
997144705
1751563605
1245260829
1446580436
2134340356
1656174371
1591365000
478044099
2017366886
1844825071
473792237
246284537
1100838769
586193225
455956502
471697172
111838339
683676632
270240399
698448239
1429490081
2054353541
874293688
209098022
1202843061
1187638117
726743207
2025806378
1430493824
2015252971
66036056
652171818
1679891832
690705896
1182371860
1615361762
1834513958
393624831
58540909
417719263
1301214527
1363886249
836966195
314799523
1660407579
2120654152
164943943
752577350
2132789242
1869933972
1108125126
409282908
1658053648
510506494
1370478805
844487655
1709459312
1836194117
1409924325
770853543
1629289062
1129995858
813232762
1714647530
1272254818
1938253943
2009524216
1051278704
38572222
1925954075
1939493940
1258898771
889597565
1891080049
131029789
529923506
256815286
2140984616
1491058554
1211699250
352306304
1048782971
961248566
1463200247
1636842498
836327707
1032514269
942699262
867011139
471432802
2043831529
1953694634
1845651601
1548497030
19873931
797467944
751798689
1503092601
1717340184
907065817
78534735
553134184
1223867921
1640020305
45614035
633443909
1160711600
1183129856
704175153
780543143
1164777701
1144880405
922328665
565416451
1325280913
1250606421
8943109
1375847031
1371790947
814126270
653122627
1485240893
1212805044
2030818136
1772069311
2147369071
897466120
839456333
1330060811
354758950
249045077
132170772
2030021070
303980069
386322327
2017211245
429889319
1322848412
2107390146
1163053790
70114228
368414408
1007268969
451636941
1248160287
283402059
186474723
322988991
998741681
1468696681
1300212222
385022543
2055231485
772133821
1292153409
163250933
1972786629
795097237
768234800
4672027
406326328
1058496852
1637897877
917519066
698365444
2055960873
105876547
2141740279
1188862096
1235492121
1719459834
263203337
717093508
1831833081
1163224973
352671561
581407365
1503406692
1512038540
1635041158
1032509454
2011598214
259571399
1627153582
1561398720
1607884330
1229641643
657108873
1091532981
446469095
1822509680
618168818
518463931
1171471243
429630339
63519335
1645780638
1141907016
491805726
1143284494
251121402
1439364618
604578046
1621817489
1935832641
632695830
1324969582
646252613
1590338095
506546627
936081639
1804555509
949746546
1532590747
324932004
1079193569
809177383
171413433
1574317896
935044064
1111903446
1424790457
1436635675
2093921130
927322804
1662647874
1967491186
1139924981
1645733582
888160131
48721700
544700356
952524717
880667383
222254435
720806339
193627572
2125441510
1252089179
790401903
278946796
2031500602
117253242
382734848
303095465
735418987
449505276
576597725
1759928829
881323128
471561198
326231000
1741309664
545243202
1378935129
1672738485
1184907474
1314276025
402041762
1378532109
1367219502
1884037040
1113293723
1218423809
1186968899
1425516517
957520832
1283395411
1430265136
1580971258
1075726664
497456376
1597030374
1451658688
1294490102
1360001388
619956066
842283967
1806768148
27468791
164425949
817744114
1366233332
1216487780
1482693565
764036977
1713997711
1914152924
1254748923
308888858
891945275
737579347
507565500
263275546
19309731
644260727
1639632718
1308577048
160187617
207012873
1489087702
1840460947
978169920
1035078386
1178569247
1205820335
554820109
668432626
2146717002
1493385982
359847985
1885136073
654957506
1722477347
62846978
1986313447
888502273
1254978410
199289757
1257251761
2049360389
1021287462
758426541
1099867595
1612332078
1306063938
526533724
1882085252
355222585
1457315797
613744526
467132317
1951895589
1302992810
2012030435
1223103480
864371765
827710507
1765502003
1115559944
1970321470
807447317
620420415
1140854076
1803571356
1238276430
1961450390
1517126870
1771601236
851488093
195426654
100322459
1144921388
1096562847
1329915126
2110734616
132208216
916566911
1653972099
1366263711
1409482589
673734014
226899294
1855391785
1629272425
1855212691
93127259
267372570
469810042
1153767476
58304514
372562342
293954506
178087051
580256929
1319526262
647061530
2004068393
1677530156
1874362948
1910716597
238229470
326285379
906595802
1045379712
1114697849
1014201111
547410949
1819187274
250928172
1967951097
759596143
1016072653
1300248307
396738740
1525608448
2134212145
1771608361
888665856
1305598933
1300224650
1210365409
1896351368
350593753
604711947
2146972498
1415474280
4709507
2010874037
1902517261
492408209
106492643
1087107534
1373533902
606609049
1012979371
1593070453
109283549
241620685
1887253458
328798912
1115413175
498296796
210715492
1280006917
743404122
1684758647
1971699672
575289089
1383637886
1446259921
674889825
1889099238
1692505365
968307635
626391849
1328393208
642856850
1279576942
1472497562
567092145
863412123
1804944275
134186432
759271224
23933289
1782543399
364840477
1379833307
1537425918
2107349484
444584783
713934327
1221513822
969358306
657070314
875887332
748547465
2025485702
892994345
830639035
2007970162
1212724773
1038490093
2080733641
844668170
919423775
93566396
798897570
253517186
810383042
900324339
266150909
894574464
1953502394
2089465173
1390289115
892529151
1699773650
10110746
897544907
219712368
321396238
1107852732
1182087627
1502817768
1731118911
1179294734
1733740756
2101314323
1612786115
1681180642
477647675
1011223172
49829404
251187103
115522298
1506280788
1005033749
1364596928
23069329
1939838864
1412776395
1723452568
799642324
1072060464
285885881
139527917
436308063
290474753
49045410
1535521989
1992173154
117519577
1315666631
472247365
578311185
559757581
109462786
2099157125
441537766
837084752
415495524
455718087
1700386567
1453407115
994255542
1617746818
52077843
1751206906
1250828455
1478150270
1230305663
1883378680
923311278
689635252
1080494805
1444197140
1966853780
329194792
1747126766
1481176429
2009637705
1545463308
494964669
2060481399
381655564
450526752
1983407080
1331661123
1467105492
143041060
827607087
2052005388
1883983733
756968305
315428193
2023880786
1863872861
279020784
1606226876
491104809
897149966
422879777
1035847907
1610023455
429191834
978175282
523697006
1897933229
1973653424
1519449801
1042564223
1642748211
1370229166
1289649191
608292965
335644821
2034340643
2031313997
456293684
316884726
120988085
2063714928
138531551
30473260
547009821
907811065
440168771
144788484
1081467340
1413977700
1540092588
1174160319
504176398
2082480597
627591185
452728793
835119239
1387086560
655390687
625154330
697789367
137806598
1693669496
2131512051
1769204136
468657235
1594501005
846595806
1928564761
895238711
1693119137
117666669
287434851
1106474990
1884282140
1605905432
1933097423
768329690
1475260051
1805067426
1642933566
1339649927
389338884
944059681
425275518
1267683122
1978889559
573590365
1368609646
1616939841
928939410
1644455311
1523295629
1564781881
1940023302
434896695
1970622565
1321056903
2142002054
1661796592
742718401
124600645
444989328
1800086329
572659740
1068425601
1253342091
694386481
610668952
1643403526
1842053069
309859778
786422788
718029244
1572644830
855752061
836564964
2113113728
278787775
1528220902
879666484
891955923
735632073
1917836169
1364834932
908107677
566105221
1898733088
1952326960
314335897
410799721
860607004
871405644
1170320594
35810408
161205299
1268559886
902360930
1457111735
641417230
2084201095
1422221580
1106123571
696981208
1948304728
2043364902
314386141
55714083
1558457920
2105883647
878343614
931449732
145347550
437725022
1784573432
183271357
1086866916
1443208925
1396621724
459397560
1415061599
1709142820
625422923
1190805294
1414101047
2128941082
1016805350
291164845
2044336917
2082677902
1259628383
465189264
2079410751
502262706
691581368
1937423733
24599383
127715983
853519276
1701881337
1317038443
649954911
35952388
422694390
261773219
1183190166
51533897
114390511
1674872663
20023857
2137470391
271680780
1976816516
784469720
66263134
996097885
355808982
1556844300
170891949
1719537931
1379931475
529425716
92885014
1689575801
583073631
1480638382
286188962
1816683949
2095022781
950136852
340540391
705929203
1239180220
2052830815
1375387725
134861197
1977264027
889771116
812124391
1805933235
40026283
1170776709
16932715
1946313483
1842204867
646376480
1932938891
530448462
865751194
1389407973
1698334888
1067945982
1992903865
1658733599
412057257
1170206307
166882896
1561026408
1668223970
1994656763
1827626120
308122878
475750980
900502634
48240507
594679961
103831381
1829210361
744134804
2054362435
2092171607
852257178
526785102
1432187269
1576158528
550377351
373313273
1501196314
1052916380
1838388672
1486649022
1850493396
1904983436
1712404159
2127593397
1082050213
120242571
2143052587
1575676559
583612962
2118140908
1384126263
1654887184
692163737
1060534910
118153253
189741228
1460624949
267338909
601900532
1183964190
586297268
1809092235
190555770
1258909872
1347720102
413370943
761334470
1151367409
142005619
813137130
2137473735
804592382
612554693
1090143391
1902184068
1522991343
378825450
278808212
2011227021
2061839532
1115854280
1817166628
2081264987
832536739
69291410
575337911
1172409544
114464769
1042237999
815501481
148219283
1742724522
2122742084
2038595297
1071376874
2030913061
641815674
1370271779
1950179245
466410191
2126283271
1058902865
259193958
886871013
336995902
589659701
1076564701
341165102
229707067
1336223306
3107439
151840047
1028185437
611677342
1863624522
1174494003
1406549235
356857499
1302009114
812953617
1844988339
1128329976
1221646565
327013008
845085917
1857760993
1550501335
159470459
288301792
256242677
1631052460
1495008126
707057878
1926961805
1297100813
680262375
1271020297
685523936
221630981
171270788
2086576160
1038483366
1070105996
1435889399
1707925728
851965912
1057769356
1228193212
1520637216
128218935
679794729
356428396
2114936551
835658463
1617746359
1403314048
210901020
832499153
1576424808
14986952
367396805
1552787902
1968757165
219993808
850057877
1346922622
113165218
994598082
491148148
1206374674
1662053299
306303484
1766837139
184444388
589777820
142866329
271959305
1873981982
296041560
1026681187
1425741834
884120523
398117904
1566096586
1385578766
298462697
1529708002
2027158631
1409140175
1092406504
660839464
1072434908
2121309609
1343570462
2086668950
167625254
2103817597
1633288137
1994824851
1960159478
1251027603
1097102365
1413396048
1606459376
1294621430
1006155568
1466146125
1761958260
59966509
1248497752
887536621
253551851
2100588669
1086038609
810316522
791265283
841894699
1832580530
10015194
1526185234
1200770077
1562174290
1710873832
1229363773
1932474533
28315017
1172463319
1804635687
1821738163
1237520957
685824354
1143672926
1728529074
377727807
1595909917
656421654
888110086
1621136417
885423795
1325971743
965068525
1744300152
1218935822
744326449
258669582
373006714
149587912
708509361
362008410
304098437
1963397715
773666937
444634057
757187677
2074645282
1065100057
2129170238
284252374
2015894119
998399142
392592843
620795300
1893136537
1859225120
1705290913
1495752255
312071776
108131254
622851784
1052652734
1770790881
2109294218
1929445983
1257075043
1348159210
1153561497
1023322499
1051969253
1012273315
1430504603
381117357
1972304244
1325489987
628070634
733637955
762184215
516320509
438117399
462930742
2029963587
331519656
1115097305
99153705
1400035604
2045228395
106027872
1418011951
554326783
1098244993
437379376
1078227441
1887511899
1535826467
667930855
1420195114
924252041
669408316
835088036
1162649038
558520197
1041887911
1599837572
1044447519
283314522
420694876
406956428
258552901
495653815
756334828
27978076
964467699
878926600
1296793419
2037683833
36364066
1536637577
1806869794
929400473
1931769273
651544941
965872062
796270446
1283553113
416404269
1373727024
1753954090
958316886
764395422
2129821751
651762819
374610264
811303558
1510564179
533039048
1122818398
1079726888
1864703515
1599223287
1780247275
1352144633
1130108473
325529860
905306340
765924746
845995601
1151443799
1591988281
1377080819
876149217
207690217
1041678366
2079290617
902887282
780975813
696380172
619041269
1666255940
612960809
1805556631
1644845970
944823370
440671380
1990904165
1865164268
2015685010
573576742
1789911282
540491404
1631595970
429503587
2007176925
1571600819
130731413
463678514
882697597
1309193410
668422963
2095991339
1945517646
241642903
1163386304
1437119081
1186687059
1036454412
907667332
952802414
1888379822
1844999589
1129668688
1622220143
837853392
162119264
1757417012
1325552133
1200038041
573525023
860649321
630103196
648227036
1700084193
1186031664
12517186
2074898761
1969770748
1976902897
908958372
242025977
1476197778
773677993
108950982
1081981513
1444268215
973433456
1621299358
634400557
709667304
343641830
1137173846
1556522468
345216233
869235615
412077901
1847968184
2071682603
1789234586
1861041370
313419443
1821335389
570838864
1879324401
736313855
1484217155
1046950120
1630827281
1962719556
984632824
1591641825
1757423986
235531857
817733163
924338434
675223871
1821536878
1880378058
1278726988
1928937634
119163242
424001468
1246354749
2012321230
939257864
577548996
509662091
1514837450
278214798
379501081
1605796430
1622178772
1833725969
744688218
360882128
1678386146
402416166
223801141
420639786
640931067
175458519
38514427
711954721
1736288838
1376216740
1788254350
586661561
2045062277
256181279
1296205477
61745437
801696072
2064362707
820182332
939546677
1290339226
631273820
1284009411
1010651390
1977634663
1021617407
341316854
1809116045
1314797880
1281335837
12407306
1001147022
970278050
1485647794
2030909408
605888034
422340442
1761847520
1390405856
1421034041
1126773662
440138233
1814271086
1594843754
1342213136
604289605
279732461
2028086769
1409871659
992077512
1268491937
604235655
1581191693
1226005666
1682597223
494448475
1237308513
1397590397
2020971437
177190368
1541523808
2124701022
1573905877
1908349154
1047127414
1028804307
763035537
1320151789
1392154045
1031207391
1909638540
308524928
859530667
1134946588
1251928563
531797746
1452987012
1399672690
110963489
7827521
451676024
644335909
1566168042
1069460177
1875985545
1813938220
666520243
760773386
303192567
929773194
1087598696
1158952105
1465520522
870753033
1925270263
1669899045
1975987885
646824439
1472744730
252778892
1996096444
654392343
1982100416
1258864868
549934813
512812032
1296564106
470158841
1148873111
15245616
213802355
1439381640
1483225667
1348601452
2025409336
977720454
599764875
777023376
844880509
1877694957
1827086635
872471163
587320560
493757868
1910801853
1199086779
645012227
666385606
80375270
489985885
793786017
744705847
356805251
1416658307
2090746527
467301828
2068452668
545521256
182013806
813914783
1993670261
893356405
421726965
325923146
472241086
1894264425
883264187
2105528138
1554614464
298069266
583357470
1950839732
2089905974
256039038
1432602680
50580571
1153500600
142212403
1931751801
524580394
148072964
581614669
1190608620
966308316
2073350497
1992827843
28410998
530529816
1857593373
1970680195
1261609161
560491240
846344750
1486149729
2028415735
1291335394
939311051
2095658368
1598067965
1062016160
919921223
881143751
598387686
1406225240
112047511
846244463
258391499
583668876
894574307
1335448485
1994821500
115001951
2003774596
17841773
2129482007
1733559141
1837920061
1678368440
552850315
1781520841
2060715910
748386380
1715088851
991706365
1146225123
1025182555
2113042735
232915863
2018868740
224494592
366272946
959049903
1466453234
665871550
1915173712
142232881
1413475652
81590691
1344206459
477854830
1802124770
1233540064
248692248
975598864
2044975244
1265167116
1525430117
1509280694
529646938
833449362
1435037394
1659286048
69932020
924369780
1669118701
405322101
1774217368
759502092
1736816569
401321240
425092075
1642131754
2021743781
1250688754
1319784461
198711670
813254017
950745625
240084946
1938212992
1534808286
1197394290
440256925
2124379308
1077004973
1269679021
347722237
925315126
1220633598
914958632
1579167186
1886518570
1997102417
1693379352
303128035
694096517
559761761
1226490383
1151041622
1390387348
924443985
1295374171
2047954018
1008079063
78543850
1506903450
466087664
1396553935
2099030758
1674234297
1441751560
897022910
138450337
1540963968
515022697
1479572677
236823304
1183837373
1941741056
838958637
203949991
1526816328
719095883
858606639
1134483642
975907908
313010721
337170862
2030104859
672667899
1966757727
1761642079
279250103
975705849
1583947301
519994059
786374941
336624435
485179038
80601936
998088331
1868154167
2078522029
899655444
1947749219
44139504
613013421
1760583254
209016215
849993594
62613480
131861765
866665078
397198977
1386868410
1536752451
28136781
2005876185
998519056
3046591
1656376048
1717814311
124490336
1705973283
47566898
1935153041
2073571289
502655788
1026526533
132733034
746788712
1762171875
1172428595
299973487
59228955
15274424
1939803187
1802753698
288482433
702450536
1251469927
54266286
933194461
311353018
1540496951
393074571
1723831105
238735516
1627215550
410336913
293938782
880040896
1563433780
798266169
964740016
1660293786
1476804994
321794223
779779824
305221999
732133799
964382554
1430900025
156832042
1804695102
890821818
969917699
1428711287
1430654055
1441046474
1850063700
1525959067
1815794236
2026595476
1297692582
59133182
1729435379
1188156011
1537934579
558340544
1629799478
317538997
647957268
2021500963
41090100
517727158
285837778
1073103778
1376557160
982728269
1963964568
1901407997
1429349305
1898486049
2014733387
60907535
1879991220
863458796
930961243
454402332
364226579
170911152
1012072782
1001929738
1500625040
187961620
2090065191
1081753828
773157675
386225963
1932498241
638996161
1645981783
501161311
1759700013
1669381695
2017745421
982332928
976026171
1724522895
918195439
1314042850
354267738
851932813
652010877
1880000682
1346400346
1081991806
1430576178
1110113514
1880237951
802900401
789384160
1847297387
1803623869
1994867077
2114969438
1384575683
1326074052
207731114
1163568417
1237195617
2085027351
1138107254
219777197
153495677
2018172682
877556513
112501174
216270029
449987244
1379391248
1825915578
284871131
491640365
1789246176
406396480
741445468
796402951
1270738496
376462556
388781267
1868652686
1482295813
393843073
2122131436
1976006208
774126395
236463716
1049948051
1967826021
1432286014
1379699232
1180997975
1468302434
5410102
1307931127
36093559
813982843
1346220194
1739589322
1645270809
491660199
188330128
784117450
861448574
1158019536
237321861
142008386
1179852839
1423032948
911266010
1495516885
227235821
75466519
117270795
330691783
1062027103
578272766
849194377
1202262927
2008665751
709053424
1316842549
872352866
1487449202
2085121453
1771094191
2137057592
2046468039
926022452
285993367
2009475636
611176534
2062156437
784036646
2096507465
2124542060
267816458
400014955
353219417
508155759
369105802
1742059671
1696555783
1437332903
1552484300
61548954
1089913631
1266784317
1522798971
283396059
838294799
1861490291
1837901619
527027630
1627242094
747624879
1064039434
1593821358
1455273027
1061620996
359634088
1639322062
1742873568
459719470
3402276
1413168030
2023533121
1364232533
1156147276
749955057
668371036
275529970
167611387
948830846
1552419060
548515767
1420584351
565813331
1450372760
1892948231
1795640040
1498182846
9454178
1026348925
1153593287
1485517245
1637355647
315546430
1758838054
1906967723
856327584
1740307735
307504895
1210892464
411140977
185252653
66489224
1723345257
1723504346
702088314
1551575130
700286823
123774564
878861272
414676375
1970494393
625442522
410172914
1018977914
591677357
1419368120
1482666587
65782978
773878173
