586447555
1137680046
1626200114
2112805093
1893204881
1208501976
858967537
1717457130
343613481
1407677584
1524754401
589556197
2037358491
65287407
295173791
450455797
1946063624
308801797
101876098
1754627374
336745324
1627632842
1609473308
6561253
841667426
1279099718
453877216
200076515
865246618
410655706
242076982
1394369174
188754729
1330282190
1624133385
885934071
1857456927
723635374
653589263
1672457798
1024742179
1033635505
1104366712
498174598
79473629
494889591
1472193706
1319303946
171773384
821747255
1474631789
1067006671
409907835
90402068
1036161560
2076149818
1395196480
803963007
181826798
1784315884
217491158
612621058
1413368286
67227423
333304650
1825899457
1260038189
1182215291
1927879481
1882782839
368854095
293753076
1327229249
886042745
496799123
122923808
368881310
1487722891
580562556
1196978593
881380661
1849363568
105171029
1079945876
1906453512
601646599
2027158821
1821757559
611009957
42603049
117484393
575484938
537946998
815876654
392870243
1357353985
1640913982
933793342
1586282070
1822031982
945702495
2020743985
834854158
687304013
1186219905
1054196407
952863434
1777091151
234160482
1613267703
784875145
673462783
1742856106
521250547
71308058
1150289206
1056890183
1880640117
487901745
316375646
1345823661
1208773323
243790008
107259910
1014051482
1062412272
908339155
183847970
373849517
1108698225
1816421407
1664174614
790484584
941115652
172582924
1288628412
1509725912
1331994665
1306586593
1296677139
1745549157
191525970
1662028120
1904882267
159058394
1854342622
150220634
1606944837
2037581166
814215751
394776266
1169704934
1571034774
478091300
216153180
1833446759
153821807
1160681665
197525929
895327150
1704800917
732440979
713200386
795834473
1086753508
2068321929
261091458
1561410346
2034095729
684431228
351511497
705565995
1796222842
2072623194
1911708453
1266371533
1815910171
511823569
1747270593
2119517671
110262641
593906986
431891371
1595581785
916811252
21720580
1704393761
2110483891
613022121
1001202047
472044571
1165184087
180619721
503514687
901540760
1468263599
1862628771
1019641750
1156197794
682804439
1073651768
1116868060
1401999582
650846212
2038539726
1527208176
423317400
1396812341
671337789
627531917
727688043
585890491
672129291
257097394
451705222
838648650
2014933813
1759045278
1501260193
2096498510
1507230667
1891568541
1157545178
1312228716
122959328
1779523719
1099801408
766050768
926445587
1025298743
1971606812
1722725444
478201879
2023263572
444214028
1753012473
664324087
813775364
378636470
912346382
1161354882
1474901742
534565401
1453702149
2020972644
435990577
1162824270
999014684
731900263
1960333956
1059775155
765440471
1229471879
1694301195
1632889436
481545092
1159716373
1243963935
136021289
277720411
1774162843
510896517
1508559049
175513215
842469147
1197343521
1855994846
991248050
40934232
2128000542
880578356
932215255
1633498486
718217159
393165094
1230621501
1256142075
959354132
1774982410
1799707326
2006993083
239632756
2132803366
614268804
516022645
1123625361
265645998
171943313
1419851331
178461925
1347416757
625665982
1036201827
529651810
1537648228
518864967
1440074264
1827888349
1166585929
2096461639
1198378168
1612112787
3833182
113415922
351246895
1419402220
16933844
112738117
143739290
1374104239
1280734034
375405781
2132651136
1424223470
22486039
355420545
1778027537
1983974412
2029598095
933214557
1599912678
102299073
36884012
1408699728
2068064361
2002834944
171080699
28512186
334373600
136475146
1300214004
1619564200
819533550
1300579393
1746286986
1607625729
856663906
34394963
968443033
273945329
688634310
90640606
405902091
214758097
1416064021
1403224037
318243236
1047823592
1266776322
671995144
212545555
1374999955
1693352295
852811091
356366900
923928416
1172430376
53361018
1451560794
626549924
1507666323
1087321779
1340917832
6698465
1045078878
824795487
908438154
529927079
1165857742
720104393
1879453727
794671463
728665248
1299325712
921195589
1552473764
800304535
1788409860
606099369
1610777760
1063926355
1997181442
1569727225
1370966783
1141612063
1873248680
1793679531
593205633
453607782
913741645
1462401647
1926532594
1651761429
456065406
1360130710
2138544041
1631879907
1858913658
1455716378
1077646581
2009755128
160559564
2021050101
1940833681
1248296409
907610929
1959451188
1941376700
409981275
1462209704
649837931
1929479027
691514329
34091196
134336054
1375405192
1053323502
401613231
1114293901
950508510
580600366
1321033573
1895931866
111309796
1852482932
1224242923
759084921
1150897064
1876059060
372878353
553426768
1133586327
702454473
1529059274
867182158
461450130
1100228463
1577198356
359321637
1199526967
1389482603
139836653
914055289
1121942468
1630828567
46175697
2107006077
742297116
1716776389
569552997
2107289479
1202597872
609159583
2053925059
2028956277
2126539728
414107193
771146315
390014072
328588067
1115512333
208980752
1132901851
362633742
1723433737
1034936395
1048776824
99043542
764288686
1015161338
917958915
580679629
818753452
890785456
337923845
993098538
1808945303
2093310989
536448444
430079102
1259230929
2017523752
1777359179
575622191
1016699196
853198290
224310202
2038161994
787891012
569970567
565022356
1740984016
984250974
465883486
1275990698
703044219
589816445
259635483
68323157
265861490
1476131688
1081028108
820049672
581920171
794370492
1404414239
245390074
655073289
1902033402
781358445
2050073273
1323780653
59487899
2048971612
701195288
1036877540
315130860
1269441684
857421622
1645345404
2056953546
604263282
1915755091
1544849881
1389240788
715748388
1966791025
1792575829
613583622
1492769313
1666757372
2135849486
1175807128
441000519
303115854
666085591
847320823
641624510
1448971954
831432821
662996209
1899782521
564316888
549009073
848877909
1865042596
1654580889
671142908
1444996830
891323778
1608648412
129302739
1480474266
1206584199
940576753
1869634268
1378414501
1120378344
255578217
1305706659
1933545314
417820705
1434693513
1796720517
721860291
1471425182
1168252648
425653306
829463709
1503301655
531712812
1248767863
1020781938
588037370
2143044865
1612585553
581161604
1633314099
11719354
877459376
1102610810
2012886905
661162964
830042906
1737271595
1390089225
557803956
379891340
1259732508
1212614924
56281547
1405572967
1818015916
899513301
749492363
1240474189
251570438
59610158
729612328
12151349
404602333
1387583585
925126548
693257926
1200321002
924478495
1588751051
1220555279
71661336
1207730060
62436141
237844409
683258961
74599587
1365223188
1567472093
515103691
1632961948
1650747806
1614575547
1423647611
1023352416
425379466
83609271
97521363
1368092969
1478012214
600585550
744070871
265659875
299896152
1169645686
319334401
1218429257
1733615986
386146913
1356338140
1677526371
1032369968
406500869
1558510537
911211426
1879430934
1607096730
2134007674
967124429
1472551516
1770853695
786013464
27540518
1586294375
1572171676
739752854
897547391
922059487
1644929242
122188391
864300723
66204365
1712160196
397743608
853468140
1488833099
1427608828
69168988
828138766
494153440
1335835841
1593241429
1837589728
303735556
1495043034
709107216
308682703
940641251
473586635
1959521193
1411845080
243323569
840443343
922062407
2057553675
803918759
1089087549
538991147
134293951
1391377042
1705736386
1137604772
1777775190
1396475761
1516983736
1456893549
86431917
1488929258
1245225028
27673238
1521449435
674133695
67587886
1742411216
897491646
1651649317
1868648436
453728417
1528308418
1483107082
1175236389
2083254858
19024947
2101426917
828347090
641297263
1337140881
381309334
1689327176
213900753
108269050
578322819
497400191
1322208114
1458859150
1899529160
1808608455
1637896447
922054131
401473767
1051901996
2111330112
228458159
1606503114
541930902
1834495774
1365756278
193531474
1009268650
330644731
2131961972
1415653537
1300165210
1770086477
1212679874
1958506312
1993970620
1487289875
966969940
293930166
783044352
1688877519
1127257534
589141908
844401453
614533976
323524430
843938329
1617415692
992971633
1122325464
961564170
704937387
1521003779
56521489
523012404
509741368
1238864260
861403454
2066696485
87212858
746612713
346465102
540507949
619564529
1760548450
837314453
357553643
806075375
205484060
839518772
1735648540
126376833
565253872
1227026101
1902269152
720974412
2066062444
347981917
1253344259
1395332329
1396054684
1290510983
1552628817
67452216
1829402646
1344464018
2102843596
1639765589
1742375039
124741847
1550346267
29927487
1110199402
1320882464
342894291
1753555587
999229211
716640381
1206588630
856439737
1973294155
1411577252
2037708825
1790111969
1627607473
546477238
86867119
6678364
1394614730
1705594860
1013461707
39351832
797251396
1184202957
1754194831
889170433
199198342
640352192
1926739057
1007928201
1728943347
1811237067
247747221
1433503914
485352968
2001967725
1564597775
429426667
1049853280
1861589408
1004949777
1728280386
1439622716
1678359390
2112740224
2123681081
55523907
31847784
152122468
492058466
1720661309
1840738404
258080684
505473573
1003217413
779918065
1327813219
639919923
982085037
1825611869
424039485
2134522593
668574510
865230062
904412721
1615026748
164469317
1965723627
1689143254
1194143847
166582089
1805091000
1573126246
1315076202
894483849
1480121339
2043222770
366583506
398935844
1589440491
264222538
634505934
2046466353
1964493648
202858945
650871549
1116805438
1966271716
1315187595
195419411
1231116504
2100999445
677748603
1891307415
786065022
157610001
1608687143
1073644387
1836976352
1544682012
366411453
1891332877
931936094
2098199004
1702522700
1253722748
1871965414
1503716845
971236480
1454878705
611986510
899682140
2071562578
440771907
732146705
1482361160
1053481448
919040303
203427524
1971986046
1650382443
357796730
1517928046
169244049
122118946
1626422418
1471980500
1534700134
159356753
1026175586
624702283
648598877
700780876
1217480472
863369622
526764553
1020085751
421152961
1750131840
1324667437
1787527394
1400092650
2131918579
1050866216
2071629763
1857327019
1008341766
1551159632
791937901
900565586
1582185804
1665326505
109506138
1413427921
188166310
95645509
1014576507
2061696450
1250057432
782704400
1657523753
1467229825
1931638443
2096820401
1327175700
104544990
13373344
693864232
974405585
618716595
602913741
1241783919
744479975
1244276705
1784652750
389186279
1302296383
1891854075
31081815
58511057
1021158877
970396937
507006510
1044291612
453615658
416800505
1506276976
450456917
287852476
710750172
1156852405
1708639435
1727232825
1279696716
1451325110
195810731
395561038
558322625
575561302
934154864
2067340871
1934200150
1744785733
1592442898
285722076
1151425215
815168883
1759457501
1296152702
2132552241
1162791498
1617362889
1982097712
15497580
1478140444
165638607
636600604
352175562
530389440
411144254
1055058875
1374645362
451652356
159599052
1473427283
216453809
1493019879
245289046
949310549
1867968692
551171331
747166670
1759593846
1304300435
1553933187
1426854121
1193455375
201724995
1068005849
2066580020
320330355
1176734547
550699631
698980421
247694062
1891348072
209169370
1810741987
1812940459
540008825
75988167
585095428
489051444
653871947
517247952
1037933664
1009435902
531076738
1374678248
526057863
509644887
1352694846
1708372135
705748224
778306240
1838169103
89102518
1081453410
25450426
1817333494
814941708
1085600602
1575614763
1459863864
738021126
1701076841
133124741
82481122
1615705234
1037945732
2122721976
1593839518
899376179
1872497906
866336049
1080455391
471019663
1757773540
1666740873
304750949
1796781404
1219584527
1653456444
1135980669
2021141842
1932356709
2011470176
388373872
1373174260
508307362
1995480729
1293487690
298025119
1466778874
543146140
274329706
1397521199
1426005217
1630095246
595448381
1132374616
633725735
1139317563
470019618
1820245423
1271220092
653893424
1304252341
585331668
1166234642
159664505
928666592
208660213
1268070102
1490623852
689811639
1003223073
1337100700
2130066586
108930231
252221188
1499538151
197209127
161193426
1871802305
1150429574
748431761
1171059039
984698450
1272948942
2019271119
2006946997
1784048336
685545265
327264034
478101701
871322810
1265727919
436538181
313208361
911908289
1814720418
317340545
1043761827
1551289194
1423531949
1395273036
1799719995
666798518
768662792
1089335806
998377700
1468862159
386370263
1444636462
941335098
171215746
1741086409
1762097788
1085562279
708658488
501583199
1047602112
412022536
163432515
1791820449
1538887656
1010237308
2106243041
1518153594
698031384
1574320365
1823450606
563897137
1010596858
729003794
1523074435
1740096230
1857214032
1252308587
1016951793
1456421281
179980968
856392181
716167341
101299862
1695499162
11222107
841040922
1108299908
1915858028
1364482618
461200770
261963984
1893577581
1854538281
887528464
1692885108
325409443
2078551325
2088133781
691230749
677799331
837670610
949808650
1370699092
870984954
1341445992
1741210549
196964762
1960406935
1478485161
873865826
936507877
523142450
89773658
234051745
1090856870
146734022
849546386
1217276291
1979148979
1932276487
507764642
2076931397
313345700
2059877854
1160667401
1118799328
640737008
1666510021
166013492
2043489259
1366783070
1912522576
1832941205
595886224
889869707
1223011252
1328415046
526816916
299038539
1696852094
1332455718
2121429314
36617423
1463560775
988534062
1082237915
1106484129
83806391
338653790
636903069
2113829169
955918621
1930742314
389579981
1793172805
411720521
542285492
1673471794
220063019
774252641
1783940005
1711285599
1472533659
1222017531
1931732771
1693684411
1619592526
258040229
650938444
994112202
1127228612
1384340908
1994225998
605548089
1920691523
311064748
633307473
231939256
1450980984
970841259
330488701
1468324794
848082969
1236321700
303576206
836275374
1604109189
1858060629
1307253550
625286893
631191249
1117745727
1395539379
1144486731
1897834932
1729525756
1928609437
1798687811
12359206
438703679
1671128354
81482130
1846246438
746909051
1270504508
405414619
74765956
2042320155
226865042
242233902
254635916
798872621
2025789338
952783251
1244417174
750603441
1785221888
350248507
1263624214
1947857933
2035776941
1363785041
1089003844
309910490
1309024310
1973721445
1084669940
1447922087
417784150
248174828
1093152430
459406093
69668065
1351224237
324950536
1795015603
638024900
124714443
1173021738
840043312
62348965
1589592379
818749225
393901264
561278523
405100257
986225181
2043174706
596341868
1595765273
1430488954
2097177866
1183835659
1885771848
887286166
1400582829
2143559565
131664490
1022653168
1973342760
1120508485
1836629556
611737520
2081048701
592577979
1393037220
1461396248
49572569
1675973207
796918287
944204700
1423188714
630133770
2037600611
1175184220
1773286200
798162256
1557125136
604536953
1569343205
248745631
1613497568
621158504
1644238287
1546238193
1538724860
621077313
863509571
1767308560
1145157369
1431130645
730965440
840240456
625172651
1400828025
230553226
752176322
1396764443
593862139
1812643389
1885490273
1290261512
101700902
1560463738
185879449
709683308
120200288
1866628986
866602735
2075129309
780562104
532059998
1591059379
1042054247
519630589
572098748
443348762
1348277452
27843874
882610576
1764722164
2044734787
651568333
77288868
760480449
271865393
1878661138
447885255
1791138328
41275618
828839633
1942966657
1113816301
501632028
80207810
665822810
1065418495
1418519091
1981639484
350813332
968658698
560001152
239655657
923374887
1070310063
976323838
1797893581
1013862187
1389028935
775790318
1983068983
851018121
1931839553
921570761
708948509
1048220185
2028300397
708800192
1089778342
1229384527
134523551
492831473
442218373
189183566
1952630510
456514881
65851708
1223045400
147349419
188421082
1402538104
584665973
2138351086
15457254
1362646691
1545286081
1033364122
545580507
122281323
1715758472
643306504
1276878129
1346754065
1004998944
799623737
1751338090
34312458
863514684
931378229
1981509838
564630321
148524036
968705199
1136396397
1197545571
43531418
155900933
138376435
1341270237
1016057859
616071670
89174884
2049628689
1481626389
180164999
2093766640
1515572450
1422568173
403799904
1968392514
1959892280
1866208406
1878217406
665805474
991914932
473864114
1134466814
1656263742
1558922330
727978507
542412383
1145485784
1521118161
1926082910
2111360608
1632278388
1443562013
1177511072
853047508
1456240025
1629792109
1742473874
1262935672
279512733
1324631377
2012574557
1711406575
861573325
1709280949
1533211005
215241142
693737168
637155258
243007162
519495295
1965468995
804822323
1495537814
1714620769
46751648
1437269418
1660642866
978766918
900269811
98485165
1086143939
365608972
1349693754
800075981
240204068
852777521
294902979
2107182935
2009292282
168033637
55068886
1486712421
272938340
921788948
62541164
220714350
2015333707
861342536
1766433150
970102009
776142518
1322698050
204589337
466721456
155729279
1674959263
1325353958
39717784
1823306118
693051783
654919646
793877043
742563426
699176433
865617224
389950821
2011927307
508557953
611202632
669282413
1871668623
1474041564
520127960
1955286274
1293284557
235889496
71017391
1757393497
1582123981
508820924
419405312
538707445
1805655563
749079776
498171340
1156820567
1900632939
378673736
740645465
177067184
1857886021
973477219
922514732
2092701080
529440853
1578233655
1711755371
621865149
1011096073
1846138464
1549014507
2075805665
754222974
1665452051
826769375
541992168
1498811369
821204636
2008649618
1170503372
1947074405
1803754170
1365849307
1442831952
277952374
2039715322
825927515
1881846071
1823070421
97756125
1067805396
368352460
1064759751
1523214548
1228365738
1133178143
83659138
1235960731
1891912746
1254524753
1099441133
473871315
1519661189
915657762
552859380
257969870
626561980
2002091934
1146587060
228088960
860933536
565334716
1419101749
2120462313
366981600
1380818933
709426656
2015683698
1971260222
1411497296
599094125
1772720413
1136431023
848815659
486605241
1998743594
2046603533
2019782871
1261416675
136506075
60061666
1811666143
2036520842
2007236193
1482226108
1717918574
691249585
26503971
1296836602
1874957949
1946141061
621988849
899323858
764936686
1419373958
1860444424
1427404633
876236390
1397417921
1898904087
1275972941
1498870980
1432435450
2137151374
202123231
1278694694
1345139706
1077855310
46473673
1306956698
11511620
385719181
998680534
1829493426
1192031350
1768166908
722241655
1293394013
714320098
390788850
1584378908
1387569738
199391337
1629550410
396558154
2090596780
1367981297
460844237
293523665
300988590
579107353
1607666763
752035972
1466143730
360754738
1043504678
411544905
1424776361
395997189
4379766
657387130
2128953396
862915075
278349975
1760317080
651474800
231182958
1934207926
2066689523
2108889862
1336173254
1775486526
364865974
847751462
301460853
1186258897
884584722
585895362
1255851082
2126799217
519803902
984924143
61678493
645872113
421350845
178963880
1560094555
1650578816
129156106
884238882
1790851320
1820168810
1008034045
104938438
484227877
42072742
2057534277
383432788
745850546
997348556
529937485
1849785603
74396647
1807338572
710393366
882287252
1672232038
199669247
1989946986
1227902887
1603732490
1341029281
1850034263
1489358243
1335682747
1648798038
1689484172
1644648708
834306274
1950002872
1255652319
1731046890
704469325
1303862237
2137968275
769753509
1321895313
320474032
779073319
1459601888
353160792
54598538
359430547
64836895
405658347
1304896454
165035021
1336145113
877713675
1924341350
97723756
375710257
1405366816
1484740989
1522721208
52311821
1208400894
2030498697
1766196047
1938646844
1800791226
325394259
1996521880
838334324
1581968455
799905263
750371962
863489909
368541190
1780646276
1649662784
433340432
205891975
1013249074
726430768
1010339514
1661555526
540433563
821392851
41320749
2038575748
1337272379
1718434660
717683115
189506388
1043384086
1481669746
130844590
929099516
144460269
2054261681
746849719
1522156762
1124388041
28139256
2001504456
1550774524
1125682351
1053285635
2019656151
460302602
1250135846
1300569858
1620452589
160375010
501280493
671839956
2001665836
167827140
1139041522
1931988826
948837292
236390822
1817048282
1343035514
251738655
1007371391
2116340948
417513064
1065515638
820654199
2000993916
890636429
853388774
2079474876
760062164
1655642560
1620946153
2118508398
2140310477
1381112551
1897507327
1931506478
1681992362
1579191286
1408835503
747598810
1618860774
1660024294
514892726
312667549
268946952
1859895160
1238133366
2146073996
1686201422
54051847
652501048
52317328
1738736398
608733288
1042016271
1719360098
1614564379
922024413
167725206
2136893878
1735563631
1776956588
36145354
1628574252
1041745517
2052164469
1080543267
202655017
629773691
54616950
316265884
48233437
67699440
670641713
154241147
151798393
2044583109
368822248
1090281539
362155794
156217439
913995439
406824468
342116047
1946918915
1457295382
153703551
282508867
2010166130
558837901
1845515970
1174953405
1075725945
1426351842
455804863
1636119128
1692082218
413646604
473802984
303244929
648286451
1434585464
1776395045
1455448690
1894387409
880382344
1413505362
2122210401
1447460835
1558319060
1053068281
1225022740
211597291
122183623
2015017205
115452215
1991058564
1626720815
656470534
799772761
1758386912
1549805308
519080421
1082150462
676554929
2145486645
3158210
326792248
317670568
885349095
1380695750
842539786
1605426305
1533817433
1491092681
237599253
543035830
1359423015
908133517
209468141
172087436
317565839
61146915
708935348
1830335960
682655566
2115758489
1139128516
185789964
826741675
1483879176
674672303
1715971471
2004414202
537267424
1913484622
460865893
2039872437
990382779
1723177912
1381291204
69102414
512663592
1335366133
292340931
1773761746
79897354
152847761
1060607484
313310320
529055234
1349948636
1774117338
379934973
205112591
1471086354
387315207
805513795
1438338820
1917875210
2017769074
207266142
627709362
1256201476
1343872764
2047900407
750278985
1215824281
227898835
1312003946
867382516
390380589
1207254349
2113209897
1581123656
1828241232
1442677650
579768392
1478470592
309316237
884476970
1957062353
410575579
959520035
1420294003
716541851
2094415926
302640926
252005096
825125462
1396687396
1316888578
1211753185
704882131
827277690
1766783286
1431525968
294803994
200544941
960716086
1889539503
222613420
1828041420
1121843138
1808885005
1753125938
1573988788
1953706958
2046952527
1211784701
2076009430
1407699860
761355456
883108452
1644925839
2069422954
37265733
1557063052
1432522057
857635522
1429117176
331624534
207860354
551252639
1339794286
1910448021
1258791686
908600636
87436355
434075153
754237632
692134165
1643491881
179871222
156225716
2115950896
2074763652
609737728
1100167604
1863434747
220345232
699890130
1712158633
812911494
605368991
1465174649
1191044604
500853351
376401933
839719209
1833676810
1978793044
570499278
263637941
301697726
2113506843
726920106
72199993
7765023
1045084101
510904055
1372020462
593670258
849347720
470758492
2089178270
846849455
206967253
673908405
1738831916
123316904
256721850
1727465531
1862794425
901203799
54114866
1075004291
303479977
591243438
1181655135
1614808310
2019610703
1408054019
51510651
688030206
1725060225
1788324868
757155195
1523234704
1904231183
1950815515
1732199720
1915103039
377870284
396519327
1047764012
1010624855
1711433795
332785300
855260560
311102404
1796113121
211490845
1373135424
462328532
1269901449
283131530
963035320
102831742
1263564203
2051239076
793146159
145743445
151653315
10303083
868079447
238660172
1939667132
1233088951
1154043059
135451206
1174870407
1231114703
698131429
2113885732
1665592309
82625850
84298439
212176709
455266821
484284621
1140694611
1226597306
1182307183
840123597
387756736
1838671048
500963162
1310616598
1150746952
2074297758
1302720073
758199723
785374560
22646424
1436181386
1907553231
1888852460
1588015156
5750372
2030273823
657395016
644969131
1710902137
655312854
31437518
2109232591
919759939
599429129
1793158759
751180246
1175633368
1903083500
97438012
9908939
618463472
1144786957
222807437
483052891
1179137002
9183033
1101285690
742907587
1178243566
887484244
1030984957
1430711248
1314839247
198605753
404332676
1692093041
2119932201
1803192857
2138014245
1834193882
880992062
1350122755
881009545
1855304413
158552823
1188479821
2143057694
279611276
1245677993
612176684
219617284
1700531119
937569416
458904226
321973252
737901825
969694375
2052677057
1015709878
1530924395
995717437
144882522
1540600847
783205719
2020191512
1800320128
2000383429
2043822171
1733274067
1398551679
1404083564
9844703
163003350
520363697
1599987224
951610376
164800610
581238898
890369859
282099962
209709033
1627335492
677295118
2026522897
1748997306
331954135
797398304
338249389
575016421
812572544
912103634
1546706908
1303264090
870127183
1335561809
1593175579
711436353
1303859529
2051354526
1739689803
1143828907
1572223039
395430862
1584136675
623277067
1600660425
437216013
1356692111
4615770
1014664367
638539037
449834354
1050097611
1195624761
855134699
1928939031
823289282
749911314
935695287
276765133
179383089
2047748452
833429420
2136288054
1660632833
1487716537
1069890714
1556682506
1758495898
70708781
595883328
396578778
1867398413
1112714868
487798259
490125056
1419834570
511236276
266722225
1477984144
112955325
1181610303
1691460858
1668792910
2122792876
1187906995
2068989077
630559428
2046492951
1907383250
1049360121
1909148979
1427338779
4934976
2107509846
2144334806
1169441490
1184312171
1740066914
625900332
1142684324
105041723
864209148
267042517
370228215
1627270953
1738207195
644406329
1873588671
1143771951
346580900
1724216586
982647047
555551066
7111416
516669310
764147753
1569371348
1547840075
1421190636
1487506138
88544104
1073652276
65835418
2007846809
823203548
2140238800
813647246
1888724500
75452732
1350245399
1809916818
1245491947
1822665835
329793772
762348285
1167578119
1236459681
913229286
375656860
1742935775
209567187
652530422
859445388
1380239346
134780756
1580437704
419237539
990367644
1528144300
996494292
1825288535
473381799
669866747
2116140000
638509782
1737226446
442937605
34847693
796496380
1630960851
1381916941
303602193
1694320311
796860504
713129853
629781034
1132692870
383201762
1384952343
633106772
138049973
92756936
2059758585
964006431
2142908636
614415304
1020052172
1819616755
1781106574
1665795657
1559410453
919352895
1435855874
383034251
123749200
1687550246
763215627
1826705236
845652983
2093066392
269739690
96972160
1891011264
1213905888
1528667438
719860922
250430217
1014343144
602506363
517400954
831824875
152098276
1260613634
1848026922
1560527162
320326881
1795504304
1102257258
1032739816
882632223
1902111569
775840080
1628473312
930040793
1937892670
1980186045
1047838466
1621594043
1212187084
1716074761
670760304
754124629
1532785895
592158541
620739467
172857007
1404275702
213635771
643047285
755986255
1568489380
1227184294
833020721
330853788
1980733336
987545591
1750792974
633790903
1849927842
1892929993
796872814
1276013797
761840043
1224418983
413379344
584558668
587421366
1102653365
1598022073
654348692
1766760575
364378092
183550851
706897701
1308008093
507031973
718519425
795002165
1551988318
842416852
1937772099
473706621
1840663301
404343835
1192747896
1352555244
102138610
1435260964
1462807795
590885871
228937516
1998352431
1188569121
1516451321
333922137
931309679
1676987832
224774426
442099076
1220447275
138857007
93951279
1888941463
1633093937
1018314993
802229057
1279787072
1505783090
1469497053
1960156265
1275223850
252097325
1667870957
1554872089
82271077
1985056167
551675099
497823216
2143804295
2068867802
552776170
385418822
798653003
1926850877
97797698
167012598
1737972484
248990129
1803195642
778912746
73261300
1878450244
1791239767
1113749450
668822327
1051101040
1290887642
1112244190
1022670356
1820333886
126243323
1469997264
872242146
421369454
1443814655
113329958
1567824145
1350103355
1536681275
110936958
170823225
1088538770
171901977
2040534495
959467279
1267990182
918631875
997225453
346935570
1331677451
543085122
738699430
773697625
242535876
2069031409
1551374655
2052436760
1471212507
1592541345
1095447320
834848052
506406691
1245319864
1098175697
1553755135
168277082
378151493
1223380760
1994027026
1539784855
704852427
2128396410
1498657004
1515848002
1257065901
1645469177
1841562751
770063329
1109410147
1804776856
1662294952
81884974
1765987880
2071770502
1668799073
1359385757
110374115
1771476565
616799258
1196123782
643204131
201808141
1113695689
1943396382
411501643
1822784628
1895436915
855771634
342299604
1925904738
1797149550
858773013
2095742181
956987954
56699038
892682078
1733952102
1202290807
1196836992
1859140862
2068867941
1097376321
1086821953
77493177
602677087
1256005991
119918744
1695217918
1725238679
388809887
1638202686
1711218055
677210434
961476385
1927283695
214321907
1210352818
212643618
2135616285
1191155054
806793357
1079369924
1400137611
680992627
592866157
2140784228
250504813
212933758
1660955318
557901654
2141729487
1314914852
149647460
858508446
699214710
1502812807
547473523
1001056625
1102717574
1374152112
1073536745
903999598
243265654
298333802
1919998321
370669786
703470195
409555886
1538232128
1597328979
1132777202
960298344
2092477997
619520822
2053714405
373400504
1714611419
91883465
1317559922
305413348
841335030
1191991825
1596590584
428500799
1012744125
250500166
643370650
2013566524
249785454
1643462287
1391044747
474527726
1020755774
1927560400
743993720
991512113
2082299800
1021195754
254210759
1417988207
1014922882
1540128472
1259263347
685289087
697964367
1467440188
84129087
1978815680
1790934285
1132558571
1256011030
1360190788
147894145
1382784750
147776486
916031085
522146820
434046533
1258921185
1303537059
1608486445
220408115
38969313
1843277058
1783038351
2041587055
1159119026
1860185991
429944374
633518909
1660152462
1514665143
1986204241
1721664893
1047391448
454317229
212729920
714758591
1195548457
2072334095
491831517
1959684880
1698625162
412175166
1215925521
1891698073
417062727
1808329914
1846767655
722344945
637032565
600426211
355944126
647550370
884646855
1312877764
1542504493
328464130
1857152150
684448123
300379630
2043432670
639234253
980542654
1872431981
582125335
1274391649
1396127146
153590312
463388128
307892995
2057472788
1080729071
307220328
1043392767
1592399176
837203570
1257264561
967695061
1486740902
279597108
63124564
228463831
1495658795
2076283749
1431473767
323151856
1861120037
1156943899
43409540
1890937751
1953473488
2017074615
1538631248
435512401
1577956394
387170437
1049978738
1106676351
615375910
1756706918
1405788537
1574862635
1603837984
1757702393
337446903
486362693
214606164
1529246061
243139018
43824583
2121903102
625359260
2035699323
38752903
549545821
492555211
488484201
1327700065
897893182
1230971861
1490766025
269914578
1833612538
1303392872
680836887
940076003
603732113
1862093195
1983664557
478326520
1674644327
651879211
67490452
1164384467
1380398182
2115454645
961259616
860478278
136463516
1472336490
44331382
1732105325
1423455291
33363195
75895082
346319682
767999273
1057199934
1016151203
1706445175
688643382
403259698
1765709031
1852842649
1594161663
1096849163
607108971
152753973
1949742705
775589695
1557135872
1802762049
1290696825
703010200
1091983355
273060190
777903177
704603534
127691650
1752099699
618640802
1451879494
284832128
1304822875
682138368
1986314404
490837122
532810660
1097653047
14932523
1327755
1402104563
438349662
347709184
1885131111
1836930199
1218881394
573699581
1199673841
818453455
836875309
332390723
341950608
2067507049
1088966533
1651010510
1082284295
447308238
891917138
1310039215
1728519415
532216300
1249922244
1427624053
47411157
1973557278
585239310
668183543
352884076
535401296
622640377
953853439
559167200
506735199
27062853
1947209325
1292050323
895192927
1145011861
1884865115
631192006
258142818
150964946
1202109911
560046335
27873122
1733527789
914797134
1961346461
185719261
1867615138
1842882778
1279653162
2098291127
1658277182
11114365
613169780
2000009590
562454679
449747680
2034714715
370092445
1967286690
499550697
1817395552
72315941
1227691162
912081554
1238585104
1905814329
1486794383
1651941497
1216858987
466057083
1468727798
1871686299
1687154643
909078124
1491934765
260577109
335869158
1704307029
1341102028
1360611806
1523528254
1062768901
802790839
1163382092
2076089094
705992327
1136312080
806781896
1199165082
1631757866
339686893
1434999895
1315454497
856179302
785122150
998615195
279552129
1381295250
1037491814
625935826
243174560
1435164158
2029693314
188967803
1890408206
244584265
551737671
1211156469
2028502516
857793534
717935095
1230336326
1081177667
1178173092
1737560923
901519696
1602445222
11365522
1708797712
680938503
906253563
570760359
1938670675
1465777911
465680887
1455422502
747039182
1740513313
82403623
1037820924
491794134
2029858975
1948650286
1259955486
980669722
1771529611
1134607430
411507749
1053589638
624600283
164932644
1602735575
794345597
1794957301
947536588
1978200110
1042817109
1325206079
1236140230
1713089372
332005952
1582296477
220439352
1405568277
1663815290
2056824754
1461541719
1095385116
1586904671
1447761608
775420229
234471732
1335187418
1962979245
1018166560
1527858539
1195944051
488851878
259394847
1904366885
272358220
1188986388
1921838900
932741227
822473463
1779672664
1037396273
72019436
2020974570
1229273143
1303905126
1915739572
1979580319
1187624019
1054896531
771356377
1263154470
416724504
1684561356
1677544340
769384964
1678669881
1045896258
1816030847
2046678343
345417162
1306428911
411447457
791092514
816397625
159813162
103028473
409444528
944104761
1379650216
797615913
1374848642
1095099745
267108771
741732215
528116948
2071040683
1203991756
1966049935
356696394
1823185158
437245234
1368695811
1120376473
1149628270
1234643973
1855075206
89257693
1311981091
1588176102
986386695
1015502704
497235308
914955948
111917061
2129747654
1145313520
918340902
830952467
408122338
817871942
1061929852
708188720
1562276872
1840613934
1568319587
1939208427
569083614
1729081583
1808765820
560524095
1884717753
237785312
1795119608
674791786
1921250904
487504852
466889073
491845171
356773896
48457508
307867003
1281667864
444464541
1377937319
1504478964
1117812503
1808302400
756041412
1007586605
767567519
2140863690
1933249553
1806235511
1109312002
246865973
1591703578
351319521
1119417076
1277680594
1336365172
487507392
396148931
653799524
636918865
599261595
795517304
1037040062
1983751914
84038300
604044708
2047096274
339679351
2119794809
205826481
885301115
1961362401
309016864
1041420685
606690227
931325554
1516667727
1898002838
1338454343
1386439119
1476332887
1077117906
445936096
2006573905
601381984
1497996090
1375266027
619955248
872287274
726649954
759581683
2085888062
853383385
1284058101
1889649234
354027159
956122163
840241108
108222444
1903072962
1017468533
557565429
1940033945
839691858
2130348058
2124931286
1433504744
505463049
1790351847
1653893654
766435448
1160059264
1060513499
238308920
158290305
724185916
1598902868
1319790405
234330645
1663357328
1974687242
1926998072
711913397
1623123367
1482915815
68244447
878109233
1046745099
494659432
554922399
239965464
1145145391
517991069
813228824
433382631
1150579986
739456448
1961381657
1054877600
1878210738
946101373
1482795221
505913649
1351746882
1077808231
1918094719
1792696086
529082269
1735931299
1974960158
561873499
89505182
1219064885
495736441
1363732559
1280792060
1310550522
1086386314
2034731067
606506997
888795633
620378913
166616631
1623384165
1643324669
1130154144
72849364
1434583179
138880013
1882156746
1114928987
1530260072
1310836425
888965679
1348130449
534455997
394958167
640293996
1438156518
203786901
1459790205
401597505
1711861192
842859172
1580720471
219153513
1111471704
1673521164
1796463254
1972429939
481389228
259062417
16064065
317329662
1700942654
1064365185
1580226063
267644154
641268463
1188135722
1961431383
923988018
318150279
1716350993
182560158
1791278208
1829845276
128299643
318651155
1503280149
181457753
1702874381
1148186819
1339650839
838731076
418973165
800064945
661939316
1383634503
1730134574
1722929552
43615448
944347338
2015079299
1856050613
656708895
612625470
573112367
157186881
286223822
1417302539
1371831815
746864670
2142838970
1351341475
602271210
79882094
662950173
1748665126
1083976151
1511202060
1934267610
1675273104
435469622
1843017044
172356865
1222844884
1789263570
54296952
1670705106
1850283834
1540922640
1463719883
1977262286
247843759
453012043
1809912356
897836495
1699125
1975610241
1747273320
953469760
1757163764
2019234159
720194146
1465482612
1167541727
1320093485
539307863
1201046459
1847636405
677115418
1269187090
1677224700
1768310158
1915592773
1809728491
926221713
2048887685
669204919
177824829
910928120
1355515822
1278722583
459980852
1645422893
2128258158
1113310368
212692135
1197373760
1119732048
1354960113
1777789700
1122600464
1231732935
1834049529
914495835
1975365665
1869435659
189766939
718332741
125184117
940250938
275730580
1410877768
903960101
38983492
642503662
1425369402
1607998774
1248667924
1655132293
1847773010
500692720
85409449
526129033
1698431583
1584112638
545010897
68910413
577241667
1983894034
137486365
782757117
405094245
638223969
1264616339
115455754
65310706
608392817
701917222
486852854
76786133
1634872094
2117202855
1274465824
1722560040
33874169
1090640460
402114512
96815211
63520476
842125148
59147103
994609673
916133497
2088919875
3728889
1292162307
1939942987
720217149
1855045585
36675249
688511485
1039682288
245345320
1877654987
1942588723
1659424364
1110406030
7625678
974323408
2066469055
1794551484
1930556210
252995313
153109465
1489272150
946074876
1097810265
2035003532
1772251988
529277038
156216908
567219649
594611509
1477672206
1970592999
225038729
445615234
1720279730
1606373075
1972766360
957212993
2065685662
1281434265
1840514569
329237882
944463545
992428587
977936917
453086750
666124463
2030918327
1719889045
1693755628
928214335
940305654
1761568247
1555906985
1400911899
131736346
1598906671
573170311
1041524003
517228656
680758244
1436968348
150170812
1879842851
1489775716
802176490
1105818468
71031874
1112291166
1361150669
164280947
1273411189
284580545
150534397
2058351982
187400094
1826749529
662641960
817327408
1426498015
546779646
547896404
1046636607
964392987
1440346612
594185414
1044847593
113758840
165431477
859962193
2140277847
634860369
293383531
806332239
129588726
532154983
1625700849
933729667
1332993009
1093882953
1307258276
77471081
1650685738
1714539471
1971165964
628386493
692950332
2127829002
441170936
1122438752
540665754
754069110
1322867117
1799066320
591056305
1496273203
1615754984
1743561787
1379274959
1662704738
612924852
678710691
1390594907
727465313
316660622
1147097392
1534655243
967596329
2126261576
20596353
669513725
884009899
812829637
1373093094
270243618
445938404
1527781415
509980515
1989545635
2030839824
240547724
1552865618
1230178688
352245435
1152160112
1276427358
1504200177
1951951197
2140985663
804875833
1762629487
531724127
810466722
1981363688
90868635
1933422417
228913923
1648527571
295810302
921300326
2092714357
1131426097
773755547
9463239
2022476709
1016613551
1625106433
1507343080
1854798556
1157254013
1574877297
1184361413
1094356048
796384807
1795682035
1716892223
1577576605
1736879879
1710401153
1174378999
335191074
1997685202
580394286
979553335
1138823316
345964295
1398737775
368207597
1404799814
1699210885
1909744093
135029999
451719524
2046639730
365984243
2136767425
1567389071
1114065121
263924885
480317047
782593379
857177681
1535463794
1935521101
181838725
2074078777
1138352344
361507793
467350855
715475354
1269250014
1045516315
213947405
1556360360
328361893
1487125210
167893328
842140399
1525776357
28374687
1019854345
2137275686
532101844
905855163
1150510537
1860581539
943311767
1285421761
1613072459
398058531
944130068
1450771047
743393032
2139103992
602728767
1786632622
1369857265
2038388942
954407682
659691122
935232602
1035985257
550786294
1260122953
1320416763
1298628832
478171489
1493512137
1511668088
1497153952
2138667076
1990767180
936609375
241981818
122321961
70204716
1124262852
145508160
351519518
1752615774
1454414493
1527181510
2051908362
1379271179
1815732272
1665652576
1437620336
10467942
1750503763
897184075
723933037
317774998
1599979195
440633930
219966884
1021860287
2123774231
1406006056
1120562903
1222860496
1833660867
1929837468
676502338
1403859163
402627668
1620474244
803414538
1860329153
1773159945
1440012117
554636538
1730160100
3804896
177683788
671801712
1907257957
8638148
652009576
444580532
578896778
1802683405
1634299676
926882153
2047243794
541568915
1722042839
2042957273
1902052436
294312631
730417831
1782081052
645724981
1870917814
483530590
64066397
536205978
1504944794
296555507
851225492
1956140363
1461626987
532189281
1613513521
259433223
84106497
194550341
1246487825
992376827
872848633
703525219
1299130037
1053237707
2044586553
1450855280
1833213144
1981876879
1742257469
1431953976
1321720586
1503555550
93763085
1123688587
746189968
1584719919
228605492
929135789
1181962988
855421868
95940446
400232652
1886017224
1173791740
117608622
551422889
2070379988
408220589
2109837672
1788192849
1660387669
626663401
1919612850
1269687712
1168657179
1495248394
1187732942
1075236269
953608030
258080528
1795379652
623229102
71756318
1027600009
40530125
290134635
409013535
44538861
803216659
865549159
756599148
820841942
1616953338
1070931042
2042766901
2025907
904126011
73425579
1658623862
736083396
802907835
847582614
1711049858
884374850
287170997
1094830273
2053462036
1806445856
1241890986
487354354
1031694172
1876264312
674464562
2018828312
1165512701
1476296661
410181943
236703936
580426275
1077145973
1993606140
1609012416
591871357
353620193
2028292834
264260014
666557326
277504802
1542253064
242110209
1157918767
11553455
1189301026
1772066928
2140355047
2081974050
727272561
209702590
944291728
697320200
1179520930
1089312995
130743521
1329715854
513578185
964343722
1811344018
1348766873
845338737
821268232
1430863798
1337239766
902476837
1229272468
1386829955
1745928304
1586453361
1461057970
1493472022
1505611411
1652812877
1581695080
1191517069
1552851533
49623522
1067144417
253577330
682892047
1768229242
1801730274
1461434054
93282137
1983567815
1404610791
1809498161
1997002838
1812195236
468553164
287499173
930932782
199653533
586798435
1157626546
1145942131
121507612
921121117
1596283202
2087037843
1372935889
2117930695
15177504
891703647
1482007089
1685536757
1609327780
1251445801
1061038029
289672481
1598334415
893205100
1924886180
2096864975
1136041595
623874700
1627658333
1130323077
1721679730
827650111
542361873
686249767
1038584812
48606781
99130758
321645415
1160271744
1140872093
1060197413
1803410609
643639677
1401201470
1093383176
413285409
539539376
1833845368
1289682523
788645789
419855266
174125773
432344589
482655308
1006859560
1926219598
907806607
1910667451
1784265584
1067475706
509711002
88684866
2038346254
1977255255
1817344901
934037615
1689250752
2058625316
1905510591
548164457
903891948
1077173797
533412363
1669871780
1769499786
1106204800
1355245347
1741233271
877016611
706980483
188694420
347229596
1157786662
665648953
402753325
1951781010
98431624
425077659
1922433605
464968672
40299397
742703304
624311862
1301535139
1576438710
985264042
553439864
930497411
1132548087
758109260
2007604287
613265114
1661858289
925297822
359373167
1897956666
1535144451
1785496173
1274085691
118355470
1098513226
21593609
308549315
1932136064
1284273618
92727319
874382878
1109865895
1196318597
1587690716
766877699
330520899
1290132034
582667425
1793304897
2063431303
1217164012
1792281019
1030334201
121696531
1787638905
2036405023
21732688
957033701
483600252
620928127
1402079187
1571134168
782200786
1378427520
1126846609
973796201
732019957
1231092471
992558306
762563329
2083749785
738501783
175887271
962641948
265538267
1871286697
1963261696
2014008182
1058109980
1678693277
360985263
1568318846
1356132981
1747358807
1111074340
1920304959
1147514405
844040426
1999558456
1399845217
751557763
496590858
1354211916
1292313624
1168316561
1923206442
1568945594
1763068996
756196075
596752229
529930235
678662919
106082986
1527186462
614529249
523393364
848856192
1771381008
1109348010
1248990521
274218205
1257727587
137652024
64519413
1936945481
181517224
1229608922
1200992250
1254123856
476428265
1365914635
1625093520
1567874552
1152238416
1460251388
1486503511
107394163
201975410
521618127
506987778
932754284
2037911282
2069601801
390568467
1928337690
351311505
1913535037
607211897
356151794
55791217
243122174
244045252
582022312
100463260
999500005
1111172302
1749792924
581149102
676543410
347800130
1319026738
521329350
1830583154
623659106
1061380323
240747048
1000414868
1049352969
1829830830
1088430015
720038465
2034961587
371369833
1969513968
611749066
191827665
1735589512
174650463
1073907810
1423116499
676701593
1674622263
1981144917
825039692
282680451
495271377
1201817503
1840856564
1917887447
1809922048
1679161702
807054881
1685831090
964294292
1731713140
97281083
181546837
1122251016
1641415852
632741972
1279388850
1828781592
20878761
1532698482
1403374007
657559107
1718972731
1783739381
2044268613
1759411942
1080730247
1359801121
272061614
735540966
1756288653
2031114745
1612946954
487390391
200979562
1036844063
1190385583
1204346823
1953997962
777017543
16298264
1527761242
971555315
329633044
739827819
61238147
331887949
1994926249
1698963988
399971424
14834438
327539711
1775235566
1827423296
1131467828
435116256
183234768
763257704
106996143
185424279
2030365738
412021654
1770506609
1771267647
386811746
2084758341
1176699972
1601605674
817232670
1672247449
865987734
331098158
1817473056
1773615689
444946523
1495489988
952398297
440533918
559419982
627255113
916789742
947215015
1218131341
609618767
2034959221
929172789
1700466024
1748992133
1161782260
1820816149
1849602926
923576658
1523506934
1299413239
49303682
1642667348
1710176167
560512100
1423016817
261934696
804797443
1487558876
463869491
35001453
2641707
1410876235
1723423569
493406809
1959461402
1289134066
1591519322
602423195
430250911
657636583
1751593955
1722617673
627741865
1751913820
1126486107
366761909
574094597
2465115
578554314
1465271424
470340173
1853684202
2064359891
1808625968
385374316
1628351583
437249096
815917356
208981825
997016487
348965562
876556227
132589936
137631362
1078675734
1723625333
1455640273
1098312259
19721565
1690144380
2073591542
2109555174
197767843
752286805
814050000
1144304104
1964260551
513198639
572596106
1395028764
1999270765
972586148
1791735465
507404089
1053584056
1073713812
1306318673
844613417
1076885530
14334144
1208840206
1492054024
1663945885
928975827
67484408
1408294952
1591783616
1950774489
150673677
648301255
1531042379
515698053
1075715900
913673508
1683737389
1231331681
841803210
1747221265
709261552
1169629270
1685780532
626187510
1879391338
1299434252
965077788
475508899
1666637770
1309125430
1393508090
590297115
595117608
1234552344
1776893889
1282020169
1875199649
903931214
1362930015
484285254
545762041
1544764808
1717465362
265766454
430927817
1665721776
101471660
406674811
577955636
793457387
2031647692
1133024120
1422937070
130153025
724270754
807064315
1762151566
1538298357
1443093044
180883807
321690553
664321914
1896361302
1582455067
1178381124
203982562
191567420
934166378
1028047052
354415549
177159218
381591848
1538370270
1026285767
91904429
1185068749
900268942
1992163353
433073784
964655649
1665896120
386888001
1731333459
1545771215
1924428862
1110738766
1363181891
468374892
1242349464
1694085326
725239746
161851514
1096305614
1770065407
922790554
1292674108
816996268
366864408
676829377
23950552
1642247903
993159993
758283009
157051628
164013176
488290832
1145995697
453794938
1742427082
752931117
1460689516
2137429592
1744599064
1103245284
749258491
695471717
1525131668
1066527162
1450504193
258304986
1915081582
1865678021
1429625436
1076302251
1891669633
1977220620
1443256962
1730818443
1620920695
1322470743
1008095502
2050650659
1752305874
639726495
1579298947
76760499
1415430921
1927211416
1003129889
462023909
1844680952
1623333978
745033109
1143761094
1960651582
1441619801
2029303713
210469938
705208122
1560377202
2064363930
320475945
561183701
1603598040
2101306115
954973119
1427205673
250450316
1963172953
727799403
764128707
1455311427
511666821
499759402
805289017
166760342
1674494884
1191779061
1241430488
897860001
1053792104
1164462102
1696733915
887351889
1239108259
483568545
209927337
1261838294
907485221
318248151
292377
1744084093
588349799
376799135
15306562
2102089608
413049484
1017239094
2143426435
2041538416
1303865990
1862645305
119931121
1325425405
543003889
99277059
971654214
1679839826
1471781029
1191652003
780534830
1469691125
673543219
13808325
875361324
1254449876
1017724429
668756225
197839333
827695558
1770055750
996049520
1368080637
1492702173
556004917
2061965833
1518932902
321442926
1763663750
629195854
1481822876
2125379125
382150082
514920817
1153373920
1087117785
1511427382
2047069735
1409150937
1998465569
388621339
2117488506
1357716135
996839464
398465265
544179398
1619294165
803604869
2131548938
172345348
186196161
31484009
1377798671
369506168
243753490
339348037
106720585
115534083
1167984462
1781170401
2011483989
502771874
2089725668
1102198080
1621508784
1457355437
2075612090
802630165
1803384542
579906276
1971206476
1968160473
1694135559
1341244594
612059250
1742935036
534534168
1485812735
1590669246
417983592
1306336825
1730003168
1839496707
751695824
1634731896
266598488
1334323225
296559188
729658561
309724906
865815158
1971950788
1569973389
1436214038
1793854753
49359558
26407856
685003466
2035474670
535059824
401011479
1386171557
954831786
678410446
95819425
199753014
525117194
1691126329
1455550420
451382779
536900047
1147087434
715320897
1812824250
1259555569
1623183
1156810208
719231930
292826068
1083129815
990319809
1486653982
986091082
1389953848
173618539
1213758807
1584754260
811584426
810331263
1885109932
1046532513
137084542
1246727169
1016775435
1808952382
2024833984
1541759205
994812857
485391065
442449909
1243181959
315551117
292767641
454366878
514148179
387928771
1473013210
603772368
869135601
1936452488
151855058
343806887
200735234
1058008783
1077884230
1719964861
1028633391
449596431
591921092
647817420
1908145869
1375414306
1706869924
2063234679
1999174460
1661743139
1476705932
1904199294
1430100617
665974238
999298033
1660595046
1684463823
850415990
1565893188
276892191
966272942
321269290
331135793
1200043086
770656701
1498000138
1239209888
2056087201
663808012
1714902412
65879188
2081908709
634539433
1561578777
1663536796
1242616948
1654919113
1974348559
1075332053
14925234
436948757
625353087
304806799
1243566598
1350532940
545912128
997886584
486936709
842765923
911075782
1813806165
530242364
2111331061
440844636
448679719
1071398700
724797011
645848182
1688165843
1027132858
1004077155
1044809573
732643673
263433657
1464670252
2805325
721002680
519416263
36162987
269630546
222120242
687382064
1970567255
1123907336
2029916259
443009704
192631701
1646855629
1234375616
1392277294
1846560080
1665253647
940694692
476055328
2064149762
516392818
126217092
780514245
365502887
665842351
1637402343
1169970247
332297845
1459521534
1494684630
1873818732
374248952
1166508635
1024626517
411213360
1133674573
1321394945
1740172260
471971023
175565040
2071332253
1367335860
526455141
1549362743
443037997
1149898999
1694754803
19680281
786709225
244946455
1868334796
178439593
586465426
1991692440
1133583180
1138980113
1631369245
902151347
1219399281
1459382691
14860087
689757996
1766302395
1828136378
692986966
1661211346
672243673
917972058
1837385973
102527741
758594011
57013312
18529126
2105795152
238784242
1537034251
2083434162
491537384
1964859855
1747459369
301625669
303294906
1737229709
1703275879
335296828
612733157
2056687270
1656797933
1627067775
1770434895
2127247905
190372446
1774937101
1943149297
647508714
593518366
13758651
190059834
885922204
894610730
1052791185
1915729242
1326396313
503447074
225031604
1881388424
1498514191
1045890536
2122141428
1647117268
2065627870
1649826660
840481619
359055038
934609949
576973232
193014125
525456274
1375831856
1406870518
737563668
238816130
1063625439
960567151
431669918
876918019
732295065
1802890311
762085548
2135318931
1262343541
1840345328
90132907
1990567709
809713803
1100264044
323302611
1140773742
1495437159
1166107991
1652097636
462683424
568451234
184852639
676019147
1173102606
573954242
2100484201
1210413098
769707780
1814402281
1888238200
281423985
1168836277
2087504073
1795894898
1858017665
1312561650
869818813
1050600076
1092987442
2144174399
495674305
1430091042
195223424
459030249
1396642933
448743220
24507387
253027021
275266088
428645902
1233563142
1773606402
1263640561
2083229250
1215349985
439573201
429880824
1874070041
1576995695
902761290
1625729915
1435790748
1785065699
445217519
502981532
57677059
1408141098
689902860
118572540
43951881
6475388
716717319
205883712
1669182722
519878438
1648183115
1308855256
1241795799
1100936181
1555529410
1171936224
343423674
591762115
2007377921
322885109
734633455
871158460
1020110374
868773036
456141127
1354262928
1307262843
1394663949
805843990
305060108
1740552726
995062224
264794837
661655732
1238514880
1967653566
1423563889
2012481251
1488497994
1902741720
960349360
627129863
1141244483
286633351
2018638442
1504865601
344092119
1604084316
487475201
1002823932
1699862473
1839029334
382173069
998505003
298905082
1446914691
289770338
2108163601
868612279
991117593
101576493
1625928307
283202791
630820287
1648112051
1644245325
246942532
1704887655
712542974
2119429362
1603395157
674287636
387112384
661859997
80284670
1149829614
1648883177
756849188
1203336113
346578771
1201119519
129439204
1700638882
1635889851
972679387
1406020795
361720890
694657029
829860010
850753209
2128603768
545331062
780397231
132736997
119452950
2076561456
432952482
2060516847
113264748
1726870814
1292826526
1721328543
1457452418
714154533
595192000
616409101
2126741644
1154117326
1378131998
1316151375
1155478052
1395377342
1945336503
1835392128
525375700
647197646
115018594
1974839454
183875998
1316498196
1448060375
697631807
1967560652
314435431
972346299
1105032736
1172399461
461082341
120089746
402724558
731127769
1492856423
725388584
1512718613
2085641522
1014187310
445478920
655267359
1475203130
833089183
952018582
603229822
1350586837
606381157
401370480
1612121106
1928626854
1086243614
484807847
241791453
452945727
1802038858
931022062
1768426805
1773208621
995316249
1566890566
964062716
2024169206
547771624
440815315
1040875684
872069899
5703207
528660179
666024600
698125606
1148347905
1872454707
344459392
282330298
1128864160
1594911252
778911575
1939827941
1644528032
1131909608
1727107465
1175522545
697448657
1973553044
749911482
1853859518
1047230216
407752663
1376728130
1491977122
1347871549
2119519774
1484870555
17406323
206294018
1223021990
930150192
1633952623
400400718
1472648189
2051169088
650550574
1498450417
682240255
413978567
842262626
1328555989
2124884529
160361973
1174899071
18143051
827861205
682828472
675859561
916686836
1476972618
665155547
1311985216
2085974764
879151516
1412323306
166116796
1170437751
513829316
606352398
1375474704
1677516487
1765467429
1629891495
1599776637
721343609
540798663
1371139926
484182489
1097420035
2051520170
1299039673
273487599
1617084114
939148244
1007111274
1268365867
327068631
11029984
1291653878
920002385
966697827
1222217367
1251243817
2087660622
2031185668
147288440
321287775
872102001
1524376225
42911498
461550934
457069433
1606357463
2099074683
147651072
162030644
1053203186
1169483787
211101291
1168183738
1857255499
1046818569
715086468
1324244437
628965060
547091169
587136352
456862281
1413188379
1915901848
1260753358
393239830
509746092
717330866
774520084
147807636
91069135
125382332
1877659711
189693835
1497748902
217598789
1410370831
1681514258
827316897
1112986587
953491160
2099515058
1807637600
1121330962
1320535297
61537603
411724001
1382709547
412060931
246652677
246406205
773133232
795887753
1227890527
1907796122
35589151
1349131177
2074880193
984903107
243232942
854323846
766487053
1367299508
1057404182
259412477
1692948166
1644850594
489312735
1663958344
180547788
1200366510
1119015216
616640873
317127673
291939226
360690469
522791573
536578577
942884929
1123649819
1361269799
421691117
177271920
1756564300
1204992844
1901643856
1982127770
1070618335
2035099993
789111505
1185731166
1470828375
810280754
692563333
442979931
1353006663
53813302
2113343337
606454436
1814074272
1223683015
485916707
1901952159
1699531253
1859912575
914919816
354361947
1568210319
201751835
1699009857
1315139590
914153890
1087085252
79343435
276102323
1823539581
432112541
1621090189
2049216011
1265278043
1202142812
929689624
1423918854
1185217636
765622937
1788725575
852285084
692838427
1657098160
871367884
782526407
1941294422
22975124
911695532
1202437046
355790577
1543550897
806274474
137525409
227737227
833713521
842787271
236158711
1888813792
52069452
1712700459
1210350655
1656497957
1398028533
253021362
1150667941
675308056
1179750341
1904602004
1987211779
656304828
293066338
240424156
1478686176
1656702895
1934830844
710217282
1484465493
1839637823
1761757855
2078970710
1120508628
340253727
36795246
1645352690
1132601417
829745759
2012185060
119504275
2073512648
264902532
1296067503
784584732
999798331
431001364
66224364
963091902
1818584879
1425696886
275611480
292813468
969074760
151506198
599224753
1459799553
1967830283
351738112
776465699
1517111649
239564561
589911344
1963893640
1489134059
1559708468
1828901504
1098234080
985058621
2138833242
794849849
1359111611
717539915
1458573361
1730839155
112265364
385322230
1104551524
855521279
926433298
1902930049
1044783868
797174639
1211922031
1751677014
1094557520
1844993450
1241203922
1310460943
984805401
688570706
681693912
200612510
496624093
671442231
19883473
789289674
463309594
647956746
5206319
705475974
55382498
867104880
2097778596
264720095
718311442
1347801004
739023759
993641213
587182267
1834382683
22034043
444203788
771410359
102770960
622777781
323152912
816085182
1461948845
982592803
156375114
216971266
1396430110
718004744
2062635591
825556771
1189842927
1037996183
428543243
121251399
1503783135
1562660328
336748434
665107314
303538229
2046453690
203434932
490822228
2079749712
813426673
522607439
1559746374
1804015361
1971216097
715911957
2142194074
1698005347
791932729
1495746492
1202361905
314551071
1501195207
1887227846
1301234761
292632468
303022025
388387503
727639121
1306184197
1350452615
2098908303
1395667843
1585037416
1563098713
825252461
1920608798
901488665
1650787050
1118303510
1100762281
490759949
593298719
1597001437
2014508677
683193809
898786215
170416345
1253243671
504030050
74845586
847039376
1660348127
440912032
703182412
2128974097
816158074
1424327363
1553378063
289227808
2051106746
1709121805
972271940
2144991400
1523991138
143247395
959753749
451880094
2081940136
738700613
59597495
2141763733
806582147
1835289778
934522338
1822463846
797794867
1841142713
815304524
1702941699
489832929
1121226479
591385627
1009303913
454190128
1833137944
1439700432
2066529487
497007192
1248856057
855553860
1004146848
501938974
1403716248
589531384
639235697
885103325
623402362
406627173
1735028084
1862216359
706735912
2029289434
1187286679
1255201697
1866994243
1303604057
1320377722
175443524
120132729
1349904209
2027203282
678716188
1813990031
350279466
1640397261
931695773
1587944558
1748051689
610491723
215716035
690992728
1984495517
284503513
905384786
1950548725
426511547
1455774133
1775528309
11002875
1734696485
1086876777
982249670
44393996
1255880334
665810249
319073602
749471595
42461877
325972336
1711402872
1168465169
548060218
1459779835
921187473
253194213
2118671755
295548707
2004223190
1159328042
200819464
1572051861
1580497377
1614513817
131506609
798808063
1373609585
548194671
604032609
440333874
451155686
60513099
1716667877
1367803156
1816093137
1452281656
1971843634
1320151596
2137573318
1290334396
1449377729
1875998035
461099152
1676684324
1965977643
916589841
124137511
1959192171
3066404
1249927661
1051178774
391712933
244536308
440136381
1546045275
809486691
736708784
409446510
2087599287
1784477874
1603064555
698623274
122938043
748152571
1964936785
975433976
1847246905
292655584
539297216
552280225
363597675
482657401
1527572814
193886698
1818931940
1925202807
297819375
1710257752
38967574
504547046
547098491
901180210
206017827
1059610724
370512159
1585502007
1493831180
1389135233
368889567
2097980804
201604186
810690951
812799406
1005390255
188635099
1485786191
1290648950
1454966194
1654146907
1111541420
1929904933
702147724
2120770344
1206614419
2045161295
744330743
1393144364
1303848429
1726874615
513842478
60308874
972004742
53286734
1042338709
630880859
1674742666
517473620
390839216
1141553927
1449529838
925689366
911994307
999053079
118727563
1594664091
1225808592
677228357
987742016
394323296
1183889815
767665129
1270687899
282601587
1293189385
1673039201
1755675529
1288274761
1624955102
1686528951
676466284
1326065400
589763788
1293617208
1348296547
141045715
785710519
979844640
1107076046
1346927225
74760881
1534022464
1948262223
2070595697
2136051358
1923840828
368771346
409568368
1952733799
1242363395
1147369050
883456142
175151573
591589807
451172650
821690959
1979115577
1524986943
2037828617
1903070508
1882129976
1144802529
1347375780
1849710342
737251460
817416695
295878772
381045237
1987857802
921638979
118737912
631488800
110564579
36063723
1275874641
2147411244
2091433561
1596671207
854298286
42957866
2071665565
216354158
1195258261
1674961019
1905107492
1654865340
171414654
347405637
104249385
698199498
2013830225
1586165510
528684818
1934676695
1187712320
1068507465
1801159063
1503655553
1706537938
1859608007
697216161
1735235927
2104372981
804531506
853484804
807970708
536972720
1255414588
2058520088
1556416183
648921329
130539027
490949883
647008772
305088075
381577465
1121574800
677504382
125549632
264767687
2097980195
573101547
895263876
889107358
1886337843
110341844
688779144
73888489
1541052310
2113534360
280214113
1004131906
1152840295
659390912
1515541675
1062630140
1091107582
678120990
1073777571
318443
69642476
1482502023
373654366
1944647265
1998806148
1370088580
176067741
1523286638
1108867140
1891307138
948639000
1482353364
1812095664
129433316
1902028454
252433129
308898585
800739989
977889806
2006881870
428967891
1759366632
1324426830
1179213202
357126063
827305662
1080091109
1177406678
2122635835
1997990058
638882885
1728121319
2078768996
1154569218
536440926
1226687741
55521120
991714446
1771598967
733892285
1237885102
1947971492
854823984
518474622
1862803660
2043572804
1363268141
1738029219
783819550
233099067
963093461
833026810
1796384892
1233328969
1155453924
42602502
748395297
535991043
1148388879
1857589734
834485019
1740145394
78468546
555863277
1409595553
105447440
731626010
520011103
522898936
763922596
2102703430
72742408
596114123
170978270
1494238617
281801668
656454736
2021866799
1386471286
996832266
1904263012
817291444
97743548
731992327
1542267473
331483175
835830520
1735350248
1624285430
225694089
1987991859
308039718
263884088
596646208
1089305346
635966158
1122338511
990210394
615717447
1380953523
1503049584
428065583
1953886043
1344993371
1568796142
581103065
1526067845
400397968
890323466
502712909
2063889376
417369164
1688652469
167851293
1318162650
2013755701
1933729772
1796845508
23180286
1909568609
1719140177
426800027
1778476835
2124552558
1615392854
1707808225
1032416104
1450853569
2053169304
1894884158
1011210122
938633165
1535071533
1418124749
1224454584
1053003636
500009080
1291923931
359204609
1138872917
798376938
1521032253
547198018
98973714
1684900476
3672529
2076770570
1847236583
1439694730
578673323
890781857
375719002
395577516
1753296317
518125995
1379331762
198944632
1445770120
816666364
1591951276
384879765
1518987464
1221084749
774119757
922982130
345619382
429829387
747360545
1096075706
1750354212
2118929843
1722347117
1190894690
904454483
8473909
2076419593
246207714
1696096716
1853484059
666997807
1276874693
164256320
703123169
1406869723
2047136101
186887367
733683717
1676570852
1429648711
169261587
1139190922
1193120917
1856854489
1978307946
5179732
1603212186
991095088
357655565
206890727
532059620
745394676
903235839
1234239076
844955221
952518857
829345869
345187565
1741245415
806591704
1812699626
1194507040
1647113511
388125190
1847612501
811414525
586794556
24680676
1125943427
13517520
110026462
2129037565
1028551797
1620178383
1831231912
34828838
1115673631
885829034
1881019307
2131391862
106407222
623496108
1917711131
1036149013
1482272962
1110200272
2097121013
879385674
551208932
1927658150
1721329803
183362561
161057113
738044964
220010900
1649380072
1537727338
1093701333
629932319
740897656
465558885
2063049947
1503431776
1173485495
2011830453
577936118
281392620
29651303
1925825798
1608737316
42457479
1176504674
971691497
1634537723
1626823088
1794813434
1972013227
260023685
618456135
1384355639
979027834
1916669773
622760282
351317736
2131507687
763285106
261578961
302293760
1696527248
1065818395
2067762983
2046088848
284859574
1891900780
1198794561
2138369345
712846274
1724720927
257619662
1107943326
734965509
1791580598
1429733639
736181187
815789739
1701185342
237447420
922384873
1460552872
229596265
2121661031
1213815209
45168172
2005348002
1800707514
1845300837
43178471
1000300335
862728308
1635019375
15177393
57337757
1912512935
192753722
2034297210
610398753
322658643
1745278423
275497379
897638898
112898427
1515810174
2074672060
850582541
13341361
170617863
189188119
190221115
1646483020
50518229
1654083271
239257491
1637327817
1150202925
46079169
1264031755
421668905
97337557
247960461
1509604022
97489364
689884268
1758676438
1707433172
1399637808
1155780626
1474172130
806038564
945800556
1676670834
1355199390
122183146
1754729262
805740702
985380409
1350741721
390011260
431777545
1587299832
849255231
881217549
1140069966
1469055809
216387435
144286692
1880677127
1687634359
775733345
612308838
1773475117
2080558675
1061948360
1376897861
969817644
559567559
1974003281
839667351
1103028205
53990968
537689976
1948124831
2032917974
673640986
661583978
802489578
1978629636
347928548
1270834419
1862631441
1587057981
1662182027
1395792196
123124193
2144060803
517494476
520044999
632930841
1459781987
850408711
2065187719
1223236942
524529274
1847385268
661572306
847355351
1922236485
1036418914
516270102
1822950195
1020569196
677453641
356165774
1227329934
71970743
526117982
476993260
48780679
1596669023
780503966
293846946
370246478
1330331069
1105533111
1353117607
2046345804
442500478
826410335
1967072078
633908
2101978737
357302725
115523807
72345268
639370467
323397326
143925396
1853627394
395249368
519903160
1017327503
545172681
894991120
10935069
1046454037
2141740921
511799360
1185820876
373266260
1419492774
1416201283
463441579
221448614
1756736921
382872949
2001032537
156178513
1933408560
1111090068
1285704857
1284276294
477452151
1489649249
726307216
1780080316
2119217991
2099815281
837618765
1535053071
1464759523
1653849361
251396722
1363856
634979619
1317483800
781221
410141655
738360975
693483906
145222847
942189234
1225131002
1262321271
1944073682
468406917
1314874854
1851079699
1328114476
557285485
188778736
2086537694
412535194
785127787
1028457762
1138764535
1123891262
99135396
1434818616
56308580
1388926135
763809008
1659417380
347381668
2133480568
554222002
2137284737
903081771
785278711
757163590
246381252
1040547598
1820420105
1768057369
232276282
2019646474
565760122
2141164614
2139053697
68265965
1864626518
1773615776
1314730889
1581927202
1975019185
44074536
924440803
30037268
1749298804
1739638535
447153939
1748843460
1521331710
2138913153
797919586
1665300855
245668836
958734388
7482826
1328516504
1324254577
263370092
558676656
635633585
517374374
1458790110
1186608389
473021542
874316970
1636252255
788243306
236214491
230116678
194490474
1089124441
1667659459
1300853138
763316539
798018002
1481574084
130645592
2123339554
938370188
1683273357
640265466
1729543040
658682035
915621079
1945319065
1811928223
1257136631
1728850479
1877787459
1379180882
2013050919
1064560511
2054685173
1413577917
402312878
2006234927
1014260188
1617049089
353935005
1048253790
1413203016
324722008
2121178396
1440789825
472855268
1497627387
1165176822
21040926
1261183073
1020364914
135155708
1597073181
1059108363
1070679804
1407587500
1091395140
127112351
1300530223
2147438739
660657886
2123982422
860374812
1068336729
864468164
1960665281
1011377050
1733510108
1350163761
1124835670
1214341755
345124555
873309211
811228616
1614627717
721588730
1284985639
969550949
1909096626
1657903515
1065027106
232759326
515443596
1260776152
1675008406
675358454
2870483
2027945919
1078816595
1377035912
1094417751
2117545448
1670783236
469848382
1757886029
307084562
209808309
1668169351
1343688467
1585655300
724063039
73018891
243349769
638012943
415441316
253922899
162252804
1732920871
1887376707
1748281149
1049443167
1958595236
1462306358
636203807
774528491
1372335102
1832573799
109095315
1851347784
1167969726
552239457
1772806455
115431976
670135689
561746700
1536215077
1622098170
823205761
871398707
131569293
1939846706
1084142907
1067332229
457662668
1698075840
640226571
1694491939
1254041416
78867534
117399997
1208991252
424995226
2034030096
1341754874
1391726754
507319550
815044189
319731940
405716232
1837771014
733987660
1667672031
553259983
1404707955
626032398
2039138370
1675688220
809421844
591313253
144464978
1462037801
1060037611
791901995
421389330
583513643
306757994
1849433347
369383916
536569595
236943386
1922646286
690344206
1056746099
614435153
1301575161
1951732371
77403342
1468749378
892679878
1568706672
1686910095
185091565
879645906
1706589718
904346907
121591161
1087687139
1542269233
1632775486
1772957575
1601841621
118544060
1864637461
1578521723
1682389316
1397242803
2011612030
16269152
487516853
1171684601
632709596
313267453
1300202059
770014422
1571973105
1698840492
1134138171
1306672074
1249354095
1471394761
625580188
1533230270
1790085964
849568330
1487783021
772656565
279645101
692342124
1253748845
319605381
844014419
1823266879
2088299006
647351221
1712407649
180787399
168375828
158031716
1869885409
281607852
63799468
1614575737
268435304
425803985
917869912
1851872290
126935649
492385428
377533624
1074521339
947209640
1120226174
1117868724
542022836
889843161
281294927
1516788367
1561459141
1877454693
1858332259
1995950367
262114435
1521410962
935977602
986995838
933420746
866625541
302580663
2078755133
566588306
699232577
138627771
2036444455
1860227027
973455577
862067912
890377961
3391418
1363251409
1161174514
854120022
549097526
997144955
1938629265
773874443
1918578273
961899735
1808098160
682810287
1463626468
1218570147
1300141102
1385648020
617681028
1377889042
2141066253
1910082267
1712118777
352087232
1795154933
1270691351
144615112
575497397
566692751
1096423048
1395174950
121156052
60577265
1580956576
264198154
570683352
2113588581
1068310443
1798761417
1869712600
1432470957
1860345767
1151994119
150378896
1655871494
2044862747
520906110
1229500033
108500151
91086771
1493780080
841868137
432617634
147961008
57212695
1797416219
1872337105
364442813
24104855
1111784850
1544976798
943383719
784002818
1912108386
1325251230
118798033
646393484
1026022839
600276392
1382513707
1231571587
792054846
237692099
1952632473
605052023
1851482409
1649617087
228369021
472936912
462065020
1655172103
1927260236
642326991
240156781
1464000841
840833610
102565210
100428780
1848179258
452699569
475786679
1242788938
1423191474
1951072016
310026456
128404731
1101703194
695002158
262906304
1548246161
1780779937
843731422
1029969572
1201174727
1897492847
2063865581
266865871
1028387416
1516492774
1579262955
318718789
903617233
1539135647
340183401
191454564
769418043
1922416506
1535089826
305852021
1525192549
1057335082
743077524
203028459
1908874256
742325548
1321713655
1382879160
1396425462
656473095
1390424089
1056322830
1496091875
1050168182
273107928
1849005998
798932361
1304803076
360422518
1689805207
1096197630
919889422
687989969
1936106611
1420793799
248755242
1198322145
1347832893
41852188
667689668
1328488787
1423252220
912705126
1116163429
112773510
1196549343
943164397
815880249
47140673
2014430194
1339571161
1204984884
1011790250
169676803
1499923141
74805790
543944300
1081692035
1904399275
564575112
1598764325
181621225
2089472428
1555232254
1457448908
380356349
306955711
1773031237
399898485
850875959
1877382514
1862917000
622638912
1794885278
1261951248
598465529
1772004271
270458466
2070112487
1799569455
529171836
200168076
382858786
124295292
430850839
1966417563
928544449
1515704729
585657548
505203048
1862189204
2005133376
717821344
1353157223
1421706565
1608651374
366969500
1998905435
405028660
1454737400
1223775779
1201782440
699224485
596413401
1189879072
1044509340
1589075688
934452035
1254404237
1087163018
1560090103
1068093774
292895717
920271400
974715620
140959317
1436474208
72457600
1038117668
1184267464
937214818
750887043
1325806142
1291279850
737785400
467495545
510299571
1853551832
545803056
1698729121
1739238408
401808152
1007888434
776650222
1442649161
1931878972
143675695
99134129
947014041
1271367339
1721330283
166688054
1429324109
333126934
432307604
778594529
558961481
338219491
1690939281
618063880
932238284
1422922203
726910360
1657112221
1859828570
1095270335
1173679805
54216998
213643097
1587915843
536482445
841458468
889581867
2038508674
1509517532
1397046699
2048100406
936929352
1467840344
2129944726
1052444411
419613817
1827997273
156915676
1726250161
1876644813
420941717
1370189143
378905372
1258924993
909081421
345979779
1858540807
625853638
309481746
1613909373
722392789
2063338065
17695747
510941234
1822132446
963967235
56554204
540037584
1040661337
332102104
1049900137
2040179932
2052272901
950769053
1470084322
340128651
643586350
1811021310
2036805868
1088337273
2030019913
503444263
514657893
526589490
400401417
1200177596
55024923
1080545344
688877077
2107884826
1558014446
1605650153
173660910
387484270
302661241
821055668
1377762048
1835795555
240828424
179312274
2124455225
1351352934
1096334247
2007491251
1019464303
1838658653
849125867
2063023686
952194329
436488553
2145399290
700928783
1625326525
1743555446
392792755
2119862244
752264048
506081938
1435125390
1943634183
339745050
1630816172
539965869
1995628048
1855812122
2130079045
1728108530
1809116078
2104160061
1974559071
194091575
1792934931
1064847792
849385918
514028531
2017777652
1566260624
882594862
964016
1332631639
519776764
1607154670
1027953255
2127541664
1628004762
1766619581
2001222792
1893288715
426714556
775311851
862255753
1858338888
1467822311
388808185
1786281174
824857703
973010985
703760408
911202594
961951323
1731575084
1897321850
1600761738
1449879156
1390644809
1264922341
280245977
1587124471
537237436
977291809
574973918
945712959
412968344
1361705326
307445899
1540051207
2085149348
1445202629
2043793531
115063534
586483263
705997752
211092544
355722077
1751913317
1485362201
1760338704
451991421
775631997
106652036
1231254451
931090951
1800278969
1541067665
1859402476
82920410
1003324714
668756989
52903494
1035671250
2117853844
789393852
1362096476
558557538
1100564616
959903427
1017584205
1122800047
348634477
967994460
1497294006
123557435
1153289737
1305503364
2113032980
2037112488
427693352
86656883
777556230
1008665045
1589538764
1519898939
2060190162
171586507
628704871
1771105074
1510042473
701114289
1925714937
1565577589
319518733
1082707434
6573157
1376163785
933234709
246658404
682095022
2107928370
304972518
1632708005
615204265
1249338271
399157907
654184403
673740804
2041513698
1790587147
389040120
642351707
57814615
1038990656
1317649705
509662923
1105473087
910830996
1929656860
1482368529
1905229217
310974926
1511981822
1061190829
1303233165
1305437947
1201952236
101512774
1204657598
1689978322
978197742
1744638781
622930131
546655097
1800348771
769642588
2023073268
1583389969
1533458669
1331924809
813650662
842071045
648158567
1206887569
355635711
2080117537
1062552851
595870176
21084617
1897350906
996753829
839958034
1276589571
1046307918
508677642
33647696
1254978636
1863173624
459686599
231748293
1544475429
871991591
585536924
989455965
1516738745
453552112
1415484380
155868199
196724859
63595172
198752561
1699736367
470039552
1342818857
644032595
373759901
1221923386
1767944125
764300027
1873694406
780329267
1403079196
1830751420
444534840
1951340311
1267223180
930474594
10650555
1508570058
205325862
1493983352
704236481
442911462
949330690
1663875309
547585090
1575932016
122803736
1056973849
1545094975
913988159
131849655
324057170
154294203
2009303484
534079524
983776137
1659131915
859507826
1065651612
23490661
268460286
409606487
1154942978
1701551741
1762440052
789611321
1242150374
1915440354
1572147422
1014275440
3741687
2035282747
1997753111
468528172
707135312
2090708059
1780173961
1422388520
1940086611
2080466895
934977869
1191679033
699819870
477263886
1212693461
1466070611
1183343529
1212465070
1393796378
1298895883
495578538
1886503282
994388249
1561133133
832848213
1396522792
1180854253
34444109
314975982
801088678
657186013
1472367158
2046354511
1756263162
1968802293
101555845
503916667
331141638
1594927688
421664546
1376731184
1076402416
1488414601
2058781331
1371162318
849636254
200124651
774479577
1001451496
1094532356
386593070
441780802
724763456
481330285
1110817939
1894586700
1242311669
1846276166
166350135
324391121
2034162789
1322570866
1577938127
978446814
1933757316
680485974
1973125249
430809284
1328571090
1484905020
1796607492
1908066098
1416763614
1099679166
2011242371
371752251
1389398718
617765825
1334430531
1426905194
1250517463
2082825722
1755463220
949506984
431448477
1355193423
386010786
1692644613
808205723
1215182493
1823169817
1864675608
184052653
55613383
713963269
717865589
879667502
2132100977
1809084472
770211660
856869664
2086201079
1132140758
1395214487
173144225
1727066532
1164145622
502093595
826682606
1517074775
381476606
500354216
1444970922
1932919135
205084587
789190977
1296164170
1434656512
1580306299
246483060
1599628365
938289099
1214343769
1538538990
1340546339
282662456
1720304348
152462451
1510754639
575733480
804418090
2019907383
1424726277
398144639
217176321
482022852
1859975316
353330084
207510707
628889810
1244716005
461083650
311039083
1514726439
449205086
1195655618
126407312
1542536459
840553460
1164355736
545855616
1829462651
1212061951
1271933217
342314833
1419839796
661956951
1407075197
1118367147
25186729
1842186704
1222308630
860849856
1547787407
547160808
131009393
1587092986
328095630
25730939
41224267
1563624049
675189393
2121236389
1778402567
1880341502
2016241764
1562800158
1192687420
520707868
576485840
1253145671
1176054321
929010490
1176951384
1050074332
652523076
610318151
1926013882
1230919639
1316643178
1408799390
1389352805
2029824582
1318176509
480300025
746752790
1715988004
1762856670
1816317019
4755630
1210260960
746171027
1748441327
797977589
712683176
273661692
2004685037
1936267739
194404106
1172742411
151385224
507338041
1183564435
1784050445
1884658500
2094130061
1665732028
1343078310
917311865
420542652
1073202853
1627330247
891843012
593068844
136741262
2011584901
293889962
554130343
1265246725
1272361811
410644025
617145670
320731708
1612389564
502309802
946916886
1913306628
1145652683
1218792123
666714131
1954526605
1800678517
1592082859
1645883524
456345557
1097330657
756116866
1466015758
1566733230
2049077408
462214847
1238757013
730887912
435131071
566097831
1521795857
614049409
1909783916
1898622842
208162949
44175712
1172323268
248538557
1990741136
1158005583
479192539
93513485
1008469049
1987451227
1400870698
43924427
41311494
1729510348
1876667869
201827656
1703782822
436194321
784664155
1357464640
261460463
703580792
1146640200
1066882246
184931489
140426282
1587860266
1436646396
1291601952
1401269752
941488891
272998760
1365494830
984004074
1441329867
1349338502
235198427
1305887133
1021418406
2029869202
1522441524
842063426
748973543
1207149080
817004403
1797935650
1586381439
766816447
260344755
1067924171
931379478
866859576
1839004165
1098121286
2041372425
1773889034
662149253
1015968735
1510391182
1485773367
1848011097
1855574339
1780751572
1985084797
1032313239
325746738
1506706965
1652935744
1485358054
1783981667
1843721389
2145338401
1162088609
1667426862
758629807
18386583
2073166237
1131197006
749963345
615008585
1418154433
650336719
774199600
439052040
102452358
930858905
186571531
1002456987
1674599688
1787168484
341115659
1274146292
857439865
1896151075
315357543
1213005592
499526421
1075240667
484402809
941736022
1280584887
1276630100
525015756
9048916
1508323861
2018835565
358733136
1107499631
2124459865
216262889
604269991
2105794285
43717103
411730440
429552320
1413208457
857980607
969381295
840342273
1079448074
2017108910
510262486
3153414
553447979
347580017
797725781
738683557
1559804899
299453474
213760505
96004967
414993100
683868610
353104269
1208547501
1773108191
2050287901
1201090113
92847560
53259482
35038962
365030625
1340506560
112646470
117735599
2076176368
1529436565
108720375
927879427
1842711439
278200324
638212356
120079550
519245247
1222672336
1171987404
555927620
590240163
2139948319
656076845
642747630
1132267892
328584507
1046992541
253569610
2058523825
493015175
1672910986
1808260401
592269485
1404757812
1462656832
2058395616
1790544173
1964040648
616032400
1507028732
168850150
133567151
871409880
1297740936
945485876
1714141732
852819338
580752042
1455056263
2098340951
2130134303
918576922
723252086
448993925
1416137657
3260282
301064740
61319871
200697234
305741412
103688673
38299296
629940068
1477313712
380311779
1482707266
1669622638
1719043740
1016927108
1357329574
1870838599
471194076
913131427
2041361450
886313300
972175219
937319521
1013664086
1814594532
1214198237
566491054
247746170
515702199
741187991
231813581
1866363260
693176368
1203099394
1774531077
886381300
801109915
1434260327
1825126764
249050855
1206435019
1201782230
1176023003
910786206
1766756505
1415047152
1874117884
78582361
1642268263
2008214015
1473862297
862133558
1417218870
379455135
782017781
76459356
763277684
2054974440
867451813
236319489
708600523
1747159431
132317893
2096338476
1110246549
861014196
989685090
656058962
1120906690
1233861026
1718301
258977793
407386253
751684973
1486165703
1744267406
262199296
1472443742
1715952925
1318261094
439329202
1474758603
714823716
772965815
842094711
70226855
606528515
112611370
1722417472
342516261
752184265
757622690
1919743579
815807216
1101523301
858214600
551118587
1635021559
1833834701
1491085461
2131675453
966232338
475677867
1711616171
671164259
1729230526
777870472
1364801388
893714718
693662681
689135657
2128127487
1833632796
1248285824
1747068195
1509154858
145912664
1527537697
1131563332
1231338021
74999728
1469213224
68017992
1210952830
2126363927
544825774
1674692171
450333759
1792315465
1624142919
1973085823
1785408963
272628194
1153476144
1281932781
1828452083
1446227756
1129410834
294536290
1143999959
1565038434
1307214674
756253749
704732752
1785985078
1670072260
1330726213
1151197247
1147134235
1181568087
1248046902
121770383
795361465
927426671
616525896
1466667486
1308915207
1059425705
2097976217
1335260424
861934074
1119615682
1872911474
2143077705
102284944
766685665
468494241
26645725
1123905875
375012075
282287279
2073055305
1542670494
2004387814
1127201361
97301195
873499352
853656997
758494318
1984232605
1100835653
2123428230
243575037
2009983119
1456557852
2083730863
984985989
248585653
2100025627
814333412
283476462
1196138403
430045992
1604620741
414286403
925675328
1405448751
1795150094
2042101767
196875829
797619116
262726844
1673927402
1620380813
1627183640
1120326451
17434932
1110233653
503044369
1917724332
858409942
1430034452
1993930507
1814923092
1358495121
1291532264
981805536
672918868
2068054564
1952591119
1329282318
1454768034
376646346
116464488
43475108
1502323632
1990676604
712916535
1668371317
136875725
133070447
1893966869
1099770415
191638400
1665685319
1879527172
2040698746
1572900631
377557764
2146951365
1590423844
1087658045
502847439
623940555
29533447
268571389
1738960710
190447946
