343011859
1598473795
1157039707
2062933233
813510938
642316726
836692241
490613740
1612668452
774279064
208359062
1460124051
1674541192
765240425
1884200852
1109525525
117903541
871579607
435015208
1106582207
24240465
2080734467
1453606886
832242579
1660600359
241999061
892676357
1119505104
1137101900
1131001709
1244449903
195425640
266320231
1799857200
1931836210
2009129316
1260539909
759998483
399652693
212542682
971005401
1624507311
2133939619
578085088
494973315
1401313527
806003146
2051508490
2075640890
1791133248
1061140170
1596333021
1457030155
702953397
1687068005
600923372
822031514
565605494
1964777321
1247416771
612157634
1246632361
1690840989
1065741967
191594637
928692051
1263372273
332940732
1440568924
859350259
1215720335
398669117
2102567472
1051455146
511291188
731349595
867481694
1555362251
1121911471
547308964
1463940818
1916554124
304821908
1338952216
325763020
1771386306
301405193
1770210481
1848122852
158807902
1296886123
1719869442
1426906972
961794189
1699806264
1675119776
1778620489
468542367
1008915171
1009055739
1019679359
1132133958
942983189
1306595087
569680770
1638887331
464478381
433541140
179223686
102597519
1507527142
1704652790
337553461
1921606364
504605102
1472526755
1385587777
1363561075
1211732203
1649527021
496966426
1014112792
606506678
1292445081
2063867638
1356514462
1857139906
1418365345
819034531
1102398674
1364493483
1324673642
371776088
1070520364
2019895191
388633532
1305371190
140935467
1926396189
1621910038
1137587627
1779205203
208664247
1382250445
1531296243
664317545
1439216472
1745740976
1898377232
1960274040
1056152351
1442349161
480688041
48307121
1434152873
1553889444
1887633422
1900606882
800120543
1305819358
1499399273
2022439066
600055434
73749499
155625769
761341540
1808625231
1812559672
1559000706
139205952
831782319
398623073
708710400
2074346739
1007713574
906814881
640344495
214068464
408335904
2084808368
1414162468
2073124194
351736615
275454138
358622637
1824103300
1003275475
1997118820
1981178408
514724177
298936103
361236136
900943327
286325667
43850284
1209874972
1358875775
228413076
1888504314
1063049811
356430292
655436991
25805453
1891951498
1662059460
990802976
280913700
1593017742
1960311449
1440594991
1913938104
1852666753
1159136190
292796528
331118947
1398452012
1911440
1075488535
895872973
1150416164
1862573984
772001780
1569019181
1730676052
1376156777
1237804497
867966549
1792674679
2130561866
223555150
196502735
126468199
266300858
323875734
485429741
1377489741
295749296
110319114
1436733018
707415686
625094875
317337894
425676410
1233792753
1055674210
671507977
382856734
1560421536
1047667544
1266360395
1538236354
88609823
519802725
1332440155
2056341529
703306606
1917118691
1851291281
23167530
1262553646
140340700
816922014
1698636122
981321126
1991534904
639753878
2087952915
600489730
606007184
1009168036
1156307454
1252623259
1996996514
83891786
1377290759
823784420
1739508100
619938449
700769434
608223968
668893429
864707790
1892080739
1817828453
206668430
294126771
177242966
1520777048
1268595678
446725038
748977195
305659613
1194018335
1762509538
2034744236
1449120758
1032297696
434018206
1721493671
1760422187
589986026
1645984718
1152169497
168260312
1265056227
942453305
686661157
994226873
327132153
1503294627
658524762
810001480
1642042405
862455505
1979299192
724463936
1716269760
448939948
68446959
1559985621
225567575
914094927
714170727
510381686
1564753539
873527463
1554327843
1934583983
348180586
1764232935
530094398
719648
716256488
2128828868
879022132
361092502
444449550
1734645521
504838408
217779559
941361355
256866240
1382817136
225184735
1848047979
146614232
133120286
412344509
208961862
504424750
59660022
565623523
1238156284
627934573
816425714
831148538
544179750
1778040696
710028555
1272586044
218635088
2038445221
439883
311353732
572015150
1078454608
285521846
2068559272
605258576
314218962
1006390091
1045692652
248957184
859670854
1419576143
1979585464
1732179240
997015539
1468325857
1326267383
1302942221
1226319708
776064488
1936888207
1143373122
1351204333
542151516
882152544
928323658
1023712456
1042668163
1680701848
2096649023
1414987001
468926356
1117635319
834741949
1467667591
2039452945
338207647
2136375573
208919001
1149023159
1355746025
1587313654
1512307826
791886290
35866786
803074439
1709240676
1611436590
876701273
1538881946
407359207
518366135
2020885513
305926982
1965579039
740730380
2136604807
1562882932
1344475258
1865220505
1964913921
444806799
1316889297
1011774581
293294877
490666654
1117109190
972432775
1353126763
625690510
2071814817
64649090
1346256101
1686562124
220451249
747147172
1531402297
1525414561
1327401583
793918240
13369709
1877884259
1563922405
908272322
650463048
1768364441
1927219412
859432440
232729767
1763909208
193466732
1309127208
810875865
1827543639
895011008
281274591
1273351142
1154072247
1884610197
2135237932
127096199
2029767967
1030019973
1298162529
328521328
398624574
944705711
1084097186
1132422284
2047530505
1312366732
2088744243
1542414713
1015442956
661575902
1457334351
1297409184
687383483
242514879
1246537961
474335965
1985887373
254292918
571469797
936761503
183679748
248167980
166646597
1222499890
1963422182
1807059157
546945425
276151037
969071063
534148158
1438674751
1614286356
124727558
515691632
618764196
527456518
1416435552
1081335976
464047375
1459347919
499622989
1067989374
483581188
837787131
284612863
1033107521
45787966
1285153981
520382663
1125578877
410317326
543457273
2073757867
934643770
235218153
1419508822
240587035
1433762130
124810244
1884718104
1166600297
1357957609
886189884
178106237
862703711
237989093
479829123
2082489585
85761989
1812829702
513588480
1783636920
776874358
813490107
1446296284
242370665
1036828861
547744568
1942919398
1631481579
2118388612
2008105354
110943937
450095848
1570503015
1846330483
258641329
1505777824
865118232
1037774296
1989366280
116812838
579083877
703303472
596850600
2005372978
379921983
180833519
1002281671
668613608
155468777
56021890
389582080
2005940717
987244570
710506624
846817294
1426387761
2673279
1922143453
294157561
825200341
2032278136
774511379
1459655351
1725570507
1858411677
765847975
885655970
1646041498
13413322
1640837907
313977680
404636427
160039808
1337165917
623192970
2111081516
148000961
317273097
1434745574
1565121170
809083234
907412365
690447976
1020147143
2065896597
1198195937
1981309302
1502253988
127298336
501564623
621559417
1219795147
1953817695
695573757
206928730
1313029158
1016361802
1589500055
326135503
683869275
1843496861
1788871196
701348992
63023614
1850545795
1197892412
1960817152
587532483
1250706160
1528192606
1216197204
736779610
1192344950
1406247468
364049771
110313357
439167920
1225488748
703810875
254349984
2132487873
238562797
395677844
1311841319
2100400668
64624148
1714243556
749146044
1375919605
1567399181
1464700458
1239380582
669039913
337298358
504852930
408614923
2013309143
1657328849
928399613
1857273042
1858549327
312165058
1764920702
1112472910
1946983987
905885198
1155478945
2078141401
436721414
624975168
398951174
1700357733
755505942
769190110
1033156882
233479328
1001596489
933547256
1705734162
557361260
1647266124
269168188
17434816
1299858588
888751029
1153672940
1873691239
1028067259
1993712183
1148027731
1480465133
1449651693
471425824
1053816803
789537616
1794825922
445448763
111642461
2108816228
1400449740
1601109770
127000128
2044559316
494540658
1820761057
998915253
240306416
1732868476
652172966
1659844347
732866187
1180547354
1291467011
1408268802
1063055084
1120291526
810258980
2084677272
1983672097
2046071262
1258961512
1856990729
673484436
1430070347
1379126415
1594814980
112792943
1764213163
761772998
586917281
129046210
815094536
1665084287
1045136667
107233284
1489600311
955048852
48197046
1154193567
145870524
1965907423
811228852
399971378
1181946976
568396998
365173885
1867823900
1119717945
206226577
675384043
737353005
155852535
249064230
1225489345
1472970576
660259088
314311765
1113974386
1083783783
1352724591
76854130
1199601781
1938267874
984575489
613613385
355702201
927099794
1349419851
2023173286
1309708260
1635848236
1333046367
2116637821
730928868
966806531
1737975184
132659452
1225143832
782852311
1159064563
44337025
285437042
1057457280
477734013
1116341748
1401762870
717982812
2147395619
940577744
791064827
823350190
803284690
593026529
735919710
39173671
2083658647
1888113880
556544276
1573467502
251218272
545163117
377107796
1873736655
1117550825
1602854616
1957980219
1079981273
1902497495
2021363446
867245071
161377993
1396370640
1319546430
1074387807
1284361215
1710075451
945873483
1721686495
1228521227
91847836
881888428
1667409524
1747200310
895656736
987089151
1252406969
47969999
1001837701
612263938
2122918498
121148423
2107366605
1340068928
1160072647
1827585104
1101572022
1758754577
2043491727
847738138
1355884153
991571210
963660285
618316960
971821792
1496767947
674707868
106211121
1936498282
353541632
341769885
136086409
559072094
143159530
1767568500
271697036
1942164289
902934029
1335650019
1183542691
42467832
2114208426
146340244
940642347
337810998
1458651740
1567163599
1250579429
1397175290
1315955544
1654903436
225167269
2073142774
775965404
1142198686
1128008892
1283565816
228595390
121238925
1348642979
553689260
1778874962
436153729
426713117
231583873
1271986926
581815785
548449834
1101276061
1876701340
1373691661
1086233098
2125880118
533714484
937622796
400630830
2033937564
487338226
1787937714
994298902
1639055435
2089351608
563251490
1015882661
2006911943
524026444
894206114
632958129
1950427802
1106976328
1498870414
1629166008
1063115648
1909059369
589435073
1189020401
547436576
1084180095
1365963782
1915035533
1429903592
1217562848
1891535996
2027436002
1770536650
1228127672
606718111
1322740079
22550846
122287723
1122778519
1659391202
1660207982
661596814
1289771801
496022918
1600983651
1815238701
1888679143
611856054
1591782604
2122799057
1461686573
1864021120
717622502
89562449
840723240
2144121890
166944795
739425431
1056861219
1331529453
1235209421
1878664363
351168662
1039784713
1747308304
961351250
380663380
1085473690
385151109
1047453782
378333464
2143549369
2096743415
877573247
1702941820
1955325392
1572511243
2000325619
2114678003
219035927
652597994
643816814
359227517
2032375229
1666838486
1974916877
1446972822
1687428460
1330595993
2138809438
2051346716
1173329756
272141437
307903995
1687026375
878052129
1099607393
1544321234
196965879
550515587
1053767892
1119763008
1453948210
66817618
717779243
1835624382
1125157308
1517941787
240938103
342203309
1865795106
1306392344
949220821
474895843
1241873988
31375884
920634590
1459548430
1014640991
679732609
1359792062
611236046
420407464
48187718
1922751926
1832911920
339532881
586139801
335650229
1087263350
1812272686
118190675
1899506644
309977315
737493909
1489069315
1406288746
468354889
20061507
806658170
1449957181
634789453
1757186867
342661845
1005462921
47601805
2078333013
2111513798
1280081284
117380908
661683526
188634339
320615626
916273602
112218052
1118372719
851156977
1997067213
726169210
1002343382
371221454
1356306416
1039509757
1387580868
844301923
1983636053
659864486
1465221647
24926490
324964197
145184673
1275577133
1155402974
1351066509
729136568
1717720926
501355000
1935824777
684927011
375472191
509181424
1700971196
2031669465
1536544056
684070781
1175994699
783452722
1300206003
417427014
1626284146
246910874
1737266873
214976495
2078396472
198692330
879477813
1787147898
1045316323
601147938
156818530
1497716978
1937882635
1038444348
1641216786
2090587108
67093498
1263657881
1127985309
1635686721
983561950
1707499386
2047533792
142373739
525643171
672767908
1986617744
1709249826
163239210
317371211
2095897852
1563401645
118019691
1880798907
632540410
1424607846
225451797
374931756
320228746
215022404
299930893
116155694
1168436790
2089450553
1885674016
342896276
1724805853
298122518
230472919
619804680
1254623310
2123744696
1087526923
1799577111
775503456
1086466627
225313906
1870758258
1709342722
911890926
1546868057
1394279373
341433418
1341007425
1736598835
749959960
1157144196
1186486825
964405962
2058146103
1988196174
1707952322
946898179
1618185030
382041268
2119097516
171184822
2135207451
1351165641
774843835
1171027252
678841708
1624181533
1366201580
288406909
966557827
804366642
997102540
444505369
1762859500
1955066528
1125804076
1250251677
734833813
438206026
1772767897
1349592184
249518936
548749163
2183971
1779349117
275729818
996232140
1427254823
1012254316
900567931
1414173187
415184397
610479752
1792684779
2086512341
448351130
705637076
315289635
1888645025
1242715979
117395269
984373299
1470190343
1122483514
1096269614
295366554
1115721807
103204337
46390273
2137931373
1385780114
1817327906
722910251
834946746
43306520
994424484
1836359597
1054974614
1830721250
1683611286
701199958
1987443983
252935023
1622461788
1824085775
206565400
497396240
1684620268
991199897
936684452
1663518323
1753880568
652726283
1179711363
1401743349
1357818189
124291808
664581157
102577437
1602479604
1359333712
1409564387
2007965673
2063797218
981928406
370415385
1975728913
394397206
467726300
2076132336
2133840249
1264728241
701627629
1350642890
1589238321
1528782451
1770728195
198101409
1580352450
434116534
2114842592
486359971
392535
1399644474
1114095250
7650448
2132813455
208714211
1933657516
27989926
397887087
985062070
2122373323
1531667753
2108328301
1828437253
886925424
1849561426
1105972713
960609879
1415067334
739729243
2008945351
1541569174
478127338
234939997
1775586717
1972357831
2140662816
1468710821
821827028
807088296
434901515
166596152
1311020243
1760617875
17527691
1400382883
96154775
712134087
2120391903
903706031
855401744
1843096736
1974820254
1686530112
475714283
1113806966
381576490
1585328562
1784281513
2099501056
436299609
222663405
1822782759
1661813734
800792533
824348978
150359772
1632929042
641255893
408957473
402447814
1884024849
174294407
60221699
1911474992
716141314
969156814
2146065724
80319002
390634987
490462350
1868591276
994418678
709238543
1853154235
1390464038
1650595904
362947542
962517757
1819813508
137089971
581137982
812669029
775638511
1240848564
1228425814
307696254
1667551004
596277296
386000980
1200180688
302862812
1523654878
833643770
115767934
1314224620
200624748
296019117
1450277160
1346639939
420309148
698326607
542763569
125640739
508297129
790927498
444589912
1849315443
1639243979
1304659838
1048253971
210391806
1278977499
249386689
1503851077
645147055
1324848268
1497913354
2056667068
1118308245
1835306539
1714695279
1726816752
1790315628
1131469732
751224513
104636623
938050644
128593199
338034744
1859146363
963362517
525125868
1922276372
1749694530
904341937
354327957
750875401
106260121
1379842687
1362153180
1828050466
859788353
581491609
230422722
1067742745
1786936022
1438836726
1080625728
618019808
156631006
244893121
1970428913
1011154050
519676435
198142483
381932291
1807036802
982809672
79092502
63181772
1875685753
1370329105
1241189489
1105706205
298942871
1275588476
2066075280
1566635736
1955988167
849257428
792416578
2131589848
308793560
382342325
377631975
1088280750
2078822943
1197818456
2048137846
1181381231
971601987
2671416
1660896216
959240074
1573057300
168586691
1709186088
1964937514
1147131415
1951793810
1017857839
92001816
673030325
553844341
1783617065
1135957538
1756522017
1691486560
1237334067
862074596
488088269
820506785
94382063
1343323478
47256807
189716517
1243363434
1531366270
1811990804
350992910
166481768
1834721052
1014868921
1309315544
1424016201
1679437550
1486617595
1987981376
1941896084
345503273
1784286895
1012012128
1329664890
1924565870
11551802
1995464921
589372141
238345175
77452920
1395135981
1862432832
1995658418
1234305977
1034085782
1709512292
1416979083
493164592
174299118
1568998335
1608600079
2052796190
1577884955
1706479335
35140691
217108193
1677565274
227796299
1834746464
1875554318
1137733036
113737566
814351608
256339777
2043858377
567064174
1416867135
1265585832
1260346110
1632059876
1773004845
891836731
1121995214
1562221049
327669577
2024888454
218413978
922698483
1746535524
1053628357
26807231
372794492
1489210687
411200830
1676868220
109235392
249870874
110042935
792297106
1608092287
337630214
1576813804
248644196
438885321
185568083
1566685761
1149762033
1682901860
1682647009
257983897
389923335
2097948993
525501037
533995122
617917921
1316836927
1280944258
1727547284
460041050
953586759
1701862042
1771184438
1145235339
668020984
755078848
345670416
1189850705
2117536023
1031398947
722598427
1983981634
443041631
1134911746
461111068
1917728316
1173304724
2110938513
2127124554
1351001964
659052899
1247123151
421854670
1112311698
765955079
1711437660
317275528
1492527190
67279259
1011330489
459321961
1990610171
1267024007
428225364
1409698588
261359428
1110176038
987359185
1950339262
1078164383
2073406222
216483691
1710588000
1052921706
1409712724
1395226007
284149954
1290121632
1651689021
706013086
314167479
310063369
1020714871
52560729
2040511631
2011965913
1378710481
1756372078
1891236438
1043253228
1114780405
1703835867
418400442
1568502027
148003780
539854150
354844959
1233388034
331200136
1616118930
417309029
143175095
1626475597
342780091
1438657310
1535443363
1767493564
1790023011
2014410145
142603081
704234571
614309436
2122798904
437808845
141077528
324128673
1943228251
1755064047
1606261082
1553529445
1807587407
604787516
1505260823
1822622628
2119835602
140027020
1545258237
1064244046
25082512
350945560
1030454658
524525612
892812886
1761777813
653816063
431764389
410745366
544238246
371572206
2093577037
1511217092
1482922735
243295171
551924530
787508127
181863313
99008968
1732668754
1699604310
249512694
1380732837
268926380
943152049
1184821824
176669575
211829703
989722546
1317489570
175382579
642226349
543364470
1499980556
266737644
304167835
844359562
1750785972
323234281
15001534
1242628806
1180405034
1048002649
2026265781
770144673
464987891
1807232244
74071292
201302340
105076404
277732486
1809735911
1348716588
1783982928
1727918091
621096442
966636350
388507872
142977345
1019660255
1603431766
609694835
2136298828
1318474905
1998653140
987759079
1096538541
1502815654
2009496283
1344162744
65125310
732095838
339367437
1043615986
536285101
2144850597
1055005467
1608222273
499201504
138555035
1911238806
1642077577
1535531120
41190787
1721384155
1130916030
1423575890
1863006121
576132182
793493225
1511253769
2089813660
712123442
2053131590
1487765520
800867218
995215315
940580726
1806687571
2016548784
998593891
70486233
1988146936
979366992
908401753
117876072
1623755048
1256899222
575195300
746091894
213041703
339941466
1987144801
308447077
888434160
448971790
347136306
2085205551
734079956
1890706545
581639181
1420330625
2026645320
96860073
1759782928
1204137492
358845785
182532366
950796616
1254926105
1779605713
5127550
1941524489
117852095
53214893
613172574
1473795966
528267921
1061888271
1733657947
886150776
400061700
2038460813
503737082
279359156
648139092
47274322
899906021
319971190
1434702193
603443369
794206087
1833409544
2025083467
1347278755
1077007115
80310805
307596864
338811877
2020409392
1017032762
2111111995
548724254
681886739
99350146
552264922
107929963
979783597
467459713
1683158817
760373013
1017249965
312306881
49463574
8070269
1988998725
704203024
598888904
1566942076
1403316782
1917863771
2057988219
1090809186
103647751
362769907
2068266338
1216673906
1023767909
415537794
179264391
1168615437
625978538
1974456725
1825505071
1454269375
121622384
1664047313
1692907057
655288399
611747536
997556465
1705894779
2011473456
1243491175
196679104
1967617514
1521125572
1520342455
612769160
171317618
2013856361
173467479
1383600231
67337673
294880456
2027176686
1572871184
1705484553
1756870497
237106166
808830690
937398151
641579396
1697686383
339137350
154621432
405303476
1935799431
703897886
1966729492
1378141586
717085195
103013191
750330157
700133061
1746111169
1306030653
1411989748
1912226118
671159965
506155930
1235304741
2086792730
603703962
1910974613
472054550
1939760624
997504715
1641238027
975760278
1545797457
778729296
205076843
1027465518
950469239
406051830
2107882487
1408584214
46552192
102812145
1363902471
867165316
143100334
2014227156
1465057557
535081101
829398895
1798899175
1471049578
798782707
285468926
1172015069
1587268894
2138032659
553627650
694858465
1495914466
1487852244
1636871543
51738915
1756140983
37278627
1780271784
655256313
425535252
2035899374
574965895
293986998
885428124
1251378287
1325483837
327194952
610685309
1944174180
1488316027
1644414834
1946969560
1201043869
1474607644
701833117
1268689195
1260241016
20644342
1086110035
203995340
1584831808
1453977501
375861950
641258151
901583402
715366934
790369430
808994271
1917405556
1262920307
293788233
1280742551
557661993
1835596243
1601782559
410002021
78304969
826201114
893419185
1701941876
1465367104
1725370790
1916956066
1491592767
934015688
1673751150
466105543
1847461257
1606182863
1789136502
1130530889
845952721
1806839725
1357122813
638956743
2030888424
1104083975
332925328
866114005
904611855
2113225090
1150693217
1781054588
401564209
1205991687
561218872
1636724914
1339026614
1884940896
1888293271
1675486152
654457453
29741187
915419954
1081559590
1388267481
1556390806
295149777
1971656497
335878633
1229801430
1372705170
148437301
1394178771
1017868090
1754116270
1416675193
162503816
1445500335
1892512531
134651453
1905880790
177611010
140287827
1834565894
1608800653
1096961976
942512821
1638309565
2142340655
483666465
1479348222
1383226436
282350822
178968926
1675481627
1946063158
1678644637
479336888
461766065
999186916
1512846279
1687540226
1255356764
2127273364
821346128
1862707169
1507231003
1630295351
2138627930
1133633788
263319697
744220037
1470275072
806831189
1284752392
45676684
515900323
971367074
1748319327
1156678827
103671684
1338893425
2087988067
485339676
146373580
1473657628
1774530509
210404858
2040184164
1624403065
482708418
1895467122
1422052840
2019224792
1058929834
2020339033
702587672
2002339370
1149650438
709986739
579780806
1967825776
686245338
71861692
160741665
1481044453
1720294921
543867860
2069949491
1044602753
170920308
624154591
1017214534
731671229
371043873
2105241502
426141502
504830669
812719854
1188153272
793156988
8010305
1155075377
2094852982
1835727526
1395569070
1261922247
2111701356
1926041430
543648206
148104758
2127098214
379663785
279526509
398911935
1186489804
1878980599
2057309768
746206035
476827711
2118373920
1373963027
1337576937
1837914602
1319452882
107365545
1286434980
964003867
1921837076
51762286
523413014
712947858
252748052
1325472564
2119733777
383260834
794314287
1452595603
728660167
1092119132
727788740
1729853697
769446555
1539604294
21327485
1374955636
2084062084
853576958
1098737710
668252870
1290699293
1697247611
516026453
2146097936
1309305588
1765871963
2006020752
2014469065
244726863
1283729480
298537852
1040634077
356589248
1026358060
1906235537
2132647877
128245077
1843643958
606694710
1075543674
883323686
1003433014
1963917905
1096709613
1139885920
32269318
125369878
1806841746
2021275971
1700699377
457979903
1249398790
1453852878
486996085
1984231392
357207399
1812477629
1308166400
1296072688
771288559
248248666
487658650
1075944459
1551727833
1438803967
1279629312
1343696453
1312230295
1353424460
620662561
926135363
277261736
1571693476
547761993
769605991
1021825296
111222766
172296391
1286261736
1037662087
1600157335
442228055
640246579
169978496
283736038
1811912598
362956351
748319346
1758897706
789019331
108146156
232758294
1538739092
98436454
392534970
273956012
173244590
1288840961
2063217343
2015308773
1382656761
1708314049
1735450869
1882800870
2040998523
503569891
1186972923
1409257706
1289705111
1059268340
495844957
646340592
1213900451
471590614
1983350409
1122882922
812257189
1919808441
48844598
261525375
1203498071
844480749
1392969568
1087875470
2074708832
1462669087
1078651878
1473322399
1087915019
1514585906
1734187896
1046482956
1721946243
1395857488
2138709547
1349374674
1184575023
94489475
535182539
715173420
666461750
227131234
1655947654
952978233
1936320995
387610950
452494303
1930711503
1746609902
1865206311
684927231
268135427
183193465
282022485
76128239
913995764
891611387
96072327
557997842
1455849684
1871984724
1333128929
1672867607
378905230
2104754994
17976736
1667579989
1882898830
1608302497
1680131526
121894736
185337184
1758791867
2039989258
1747869954
27484147
1180547895
701942417
631785270
2052729907
1228642210
1071825236
349955181
366616400
1506175980
1266257672
532407373
264582815
1644627358
1547799652
874057562
1387493360
303978746
593469788
285771039
1864904236
666112310
626062500
1304941977
1413902494
1040762493
422870047
305060389
343423497
1170945576
2021285450
1200626568
83339292
1086840634
1866688564
227842685
468023967
257785753
179194930
103380337
2111216240
1114465051
1517119357
1239929103
1934086654
95520746
68723719
1851161239
1377475263
398751174
580728885
26503735
1866817677
1517780168
1373762043
469527520
971621920
1739341441
239587503
25708621
1139715899
1611618535
586621920
360617266
146895572
813905940
1846528327
743464745
710580241
1049361874
365793689
103054634
588082048
504367380
6065096
1571182265
831884721
225525004
1083273563
735614437
1794721602
423548744
444560130
1379910242
1763545994
894357212
130991729
1909293383
2042293302
978842272
1099497867
1656319011
450157428
1192807793
464918380
1880178309
1267282605
1031885667
1086395960
1259856828
338461560
1593578618
1387335810
769337267
588046997
1981958849
1937141510
143893227
702798096
1033140121
1763577146
71307753
980946012
111398111
1119531973
2036408713
1236315451
1507989134
948634929
61735807
353874099
1932238593
1742465431
510937143
436612883
979877988
136472384
295404575
1179760942
963524791
1254107881
470216206
98851414
585633405
699096128
730169880
481127974
2065831030
76839237
1952403697
978229850
2029826238
33071881
1839438593
784796221
1614877027
620103444
1818027059
1383767529
411600645
1517695649
337020497
1492020458
524666204
728021807
311346401
1764420566
560700326
1022553285
1086800288
2047210339
1554733968
305646113
742870764
299705826
1993028150
2058126520
2079537972
1089416343
1658931350
2109905484
985084168
772216905
1719605126
332120523
1240653159
1713530452
1252584023
1673195146
814824187
1075800632
1469111032
716036019
1801439323
244939500
9423182
1933767904
235094739
634870183
716462125
409930460
565193441
1054237828
474780133
902597630
817018435
1838951503
1600619355
1081728446
1799836548
1186395997
205744850
936410035
1824640811
847980864
1165671946
614803378
45316301
601314572
1065825443
1141344568
1774844825
1244091220
105603179
1281188255
1189497282
515105224
474483371
1914227201
895496137
1585875343
1612627636
1779948
587111279
535851637
858077197
582824706
642253203
346454579
737064271
416236879
1652621743
1127098204
1394823509
1963443650
1097414716
702264725
825067940
1362548638
192020905
539828729
755467366
2018016640
1163066234
450970262
570811539
563700734
974937369
1761729684
1622169843
1556430923
307323514
1554296940
490533741
571859481
598783
437434353
859185120
700226190
1102480208
139413518
506543640
524411150
765276318
1850287012
610405695
1089368871
584318623
1451949405
1341164493
1870812646
803752215
2061830212
1634491446
992052710
1903656983
1454141385
677859327
1240822218
197234747
548854744
905681017
427783964
1960504569
1700314322
1535651528
1568571588
866406531
1887722508
218982019
475660248
1829430835
1652279777
1782832398
483708591
466833095
2129281349
932649891
268498694
631933549
1606016920
931383326
941529282
733223815
696560130
453185926
1771032878
1147161979
1608567261
1295344527
482621981
1749558244
539362580
1722142243
1871221680
551001558
169590477
2056879120
357677259
1115064709
1112893385
741659637
1682043950
1636376602
1993102670
827558740
1200205419
1521807608
140073888
77726403
291860850
2122928604
1536079532
352205718
1131556102
1897688537
690216196
1301697574
412317953
2102943235
1943500196
1695672739
248638971
658983890
66362960
1166706623
877496354
276607811
1367793044
573247491
1782503852
1868260286
1951341752
1626216951
777306503
1657828324
245839433
498243670
990902090
1935551147
1276661905
1351224219
2068436445
1047321122
1654139787
1879395583
1815673870
1788578535
365054991
283319906
263128818
2131279430
1742201136
1690235831
43084137
1260401078
1146062781
976010808
1971318732
1067107538
891527646
2033715055
764596055
145826816
1368250853
1072653290
914787633
1305466615
309577755
1385851016
966787545
419363949
699127352
712899053
1565557928
1606832647
1012405967
1934174777
2022946647
551560901
73990162
1692673271
1805682801
1136908882
1900046108
1098985827
189009215
1200176401
630390148
1493334613
1607328584
408799696
134892728
242784586
1892880272
415248578
512989785
1092296483
2080094145
1855848957
961119815
1933576889
2013653648
1458668226
1017619374
1711191990
1238497971
832705591
41880572
670221909
2125642067
1248641310
811187553
808938115
722795556
1943833594
629947463
1623417819
1576457962
1061533085
1939990614
401510131
2141031013
1288839500
1793856549
279997356
1947728175
1387536562
1964334491
1359116236
1227689559
614782202
1562432943
802958064
1816857519
632452681
1175223197
673056882
1211982986
1602800242
474678361
974828698
245139191
1183494661
216395927
1436155026
581741478
1508633297
1060874846
334460309
1481850760
806846718
441163807
392128778
416679061
1822674266
195763652
1001999936
1030705298
1382756597
1104694684
363732260
642774421
1692199107
900768923
1535830532
402467548
763750466
31294500
1407075115
811019461
1945217207
1506385819
221731855
1071948822
1288201170
427199394
1218750044
394768158
2055267765
879670624
1131414220
226354765
942488627
1094778249
1859349436
1391757318
1488218196
5521990
690050116
7097745
866561038
240361529
628860297
1076898786
68591873
1061408039
94714920
1605533246
1368830878
1479239955
483995576
833560532
883510277
785508597
62195940
1450396282
746236404
1289129512
1469363236
265460130
294754471
263560005
2030246361
1390020410
1839594950
1220169863
1151276042
1198273077
1320470848
375031876
759862632
730912982
974880977
1681247906
1171935255
1579325648
1326401262
1291688982
118602432
839340557
1544805037
344876590
594072194
523112212
1979742456
685205930
1995774124
1742135056
652252831
1982971803
1018422846
453791867
670294716
1770906143
1735924202
993800408
1712816185
1974680855
611837418
2099576026
460712557
630847486
147258986
521280454
874039846
544744681
1693899915
1209467386
1212007146
1078334764
503999966
1427552299
1261771949
547109561
230008145
1026406414
1262822148
1708813703
1883773245
636463863
23525845
873288613
1172505244
1041313681
1385173882
1992139649
1790135619
1708683763
1619166207
1387198514
1048358757
710422090
2012490982
1231324727
750860823
477465996
402520987
1927165966
712195633
1575460492
874547707
2099580171
381772118
1671906059
897552152
1558756255
1553060882
1158553713
2038724866
1792131585
1794764437
744710410
603854891
828915045
1279199402
1282467435
1634216000
2007943411
1220726271
1765844671
414054644
1855113357
669947610
1554281195
1076094175
833454741
75157179
176638568
1448478213
232303068
412509060
2062970497
1818086973
1727769718
1687488614
339133987
1776095813
870764687
463166430
1148535732
1341513397
1733079607
1994703188
486281334
1692720810
967396898
1142480047
178297761
1441174173
798604107
1987373680
929068236
630035489
1990586274
1795218212
503234568
1925082850
1882197571
1429258798
1864786740
1502460677
300867360
106046451
1278307358
645788367
1969086385
1315415808
694511557
10137708
265437538
138311085
566548867
77983347
1700369265
779289715
1783263216
362835189
383632149
651904420
1889111039
1387262978
1796474409
1922158428
1996721534
265656100
1818908956
529020917
856649300
1695981958
1564401818
1094178358
1038484066
852715968
1734171550
1168888365
1771568924
1319151812
2101330951
1991586506
573624646
1487415925
256908616
1896639344
350323865
270196469
1114609148
1030221229
1938889135
502766675
726503924
1628231692
1219073046
1251125766
342261966
832089614
48211716
958643516
491142277
908565810
790252409
880743282
1607503654
1874891445
1071754521
1882658107
747716467
1941987467
1374359317
1005948063
1641149148
1137889495
1619687240
945704991
1351459011
1320651311
1014816565
1910712748
1212811526
1106430403
848724950
1341419749
2027871724
728675829
1229407996
1490667224
194443811
1863801474
438399063
1611736650
1725914965
1385706298
906235865
1806049380
1997247851
170191900
48036522
1400847307
1851619184
160376705
459478457
1450696909
759071357
1452705507
1918105271
1617781918
117605190
1617320042
1670893385
693034292
1635988934
548845002
2110786560
2085865598
984938981
1394483060
275512583
1714622225
1666231456
1446338648
1544730116
976306854
1574053367
1129738876
1772434503
589396467
1114146725
771354261
1991970899
876613826
875606889
2030144468
1512569862
1242107306
1847701392
1289032386
1417933831
503563836
1932499009
573562365
1171274589
871417903
447759220
66031933
1211826429
386746602
1148445640
1885418550
856502968
172252547
1783798069
1140653626
823415253
737143693
1566201080
1733435446
1377432500
50150611
341636711
899867325
1645115244
1088689387
1788464132
30913084
724849720
1507876587
586897419
953476608
2012818416
2125854461
793663369
1855364068
1638417793
224886991
267965941
211744324
1663105223
1842422209
326217777
215731858
335417451
1080255150
1246067438
1867858236
1422797678
9726518
2074101161
624163106
680395467
340347790
374081569
647477582
1084684548
518758717
1800892551
1895578427
1738936170
771459395
38078361
1847788284
998419969
1953858875
2032427809
1906043509
397542441
1418566295
1272661979
1873123854
608993729
1803412961
437662490
1528459711
1326547881
1039723640
1069574835
893899191
1310055801
309437610
149192455
1409633211
2140660562
181021222
2073261564
350588777
799250455
561399176
564524893
2088253652
1528958383
1878761360
1491321992
2117823911
1135377082
355373591
1731992977
930984614
815439087
977065087
771025482
1918378089
485510387
2041167387
959742786
1387020046
1044643441
2060276970
509797473
1369881465
464703132
948267478
1149753722
215781390
1462521977
125451107
1518500552
1924990234
798088086
1287928885
1617675586
1615065805
1396889461
1134310908
1094066543
867506086
169609648
1200605797
993290479
1621621742
217692116
237654515
1860144091
1630466501
1122527841
457299101
963886804
1860335308
778896041
210604570
1688989761
1758038830
1923230148
580816171
108206273
366045206
1260951553
1341653097
1869856371
297598109
326075641
1908774817
36059821
945359621
121580595
1238461551
1860685269
920679216
1457867934
1493998077
2108465766
1124490199
2105220312
661583265
2114699936
1503446456
1719704160
1183785122
1020796651
615016400
1641263200
114323647
334987338
1799000295
497166396
1097438995
343766500
125243461
1721000823
1132117870
1901870356
1619094008
807141067
261086097
1703668826
778597707
343104202
345853766
1799781471
1791074135
1110872166
43057893
1189584066
1578676236
1538524146
1331356571
399659383
790681625
173624551
421297538
1010303137
726697836
908784262
1430216192
851747765
1331510230
1204612807
868536844
1443692523
1781062740
1981560146
1590431676
340180105
240357223
1852724158
1414654475
500671581
537034837
1597160779
1968793137
867010878
546987998
524038750
1940787207
148971941
9610686
1212187791
494330030
214717867
280655185
1397132671
289754035
1285496083
278944932
1939022020
661701062
1652171204
247007609
1097796182
1001062732
360670234
1679036438
1766300492
1708834093
1754820176
1375669970
2020834258
1925923101
2103632202
1143291350
1596017404
828037190
1008685279
1073186083
2128310951
1265637046
984199483
1086170820
1157698952
574616858
357798613
1475354786
1091964700
301149756
1078070321
1777431165
136770229
336499417
1306440724
184175280
1392988581
1016737362
1244250045
988696928
110021596
1093710540
1999681196
1511699010
186955078
1088970495
982738581
290631327
1025640414
415260718
1812653237
851552509
730591330
1808008795
1969980416
1114216747
1579291315
1446145523
865722370
19232396
755263142
251607139
521134663
1727595851
1771811202
1094530927
1733998684
1061517929
71736134
2010328670
1583361044
1537578713
959777850
1731293410
160991577
1083242784
480395244
1134531552
1707687932
1331495219
768198121
1361324416
260817796
1644334954
233634477
1956869552
2077174874
309694033
748181410
1865595483
821683397
1262159426
484128117
1224012312
1163896231
612296103
233376141
972410601
2089003589
1985844891
120694440
1246474787
1728086039
974123468
1349038878
1938236794
2066735378
231752085
752212605
84266819
1997311602
992734647
469063512
599316806
1911208335
1349125885
1094020289
987047075
173177773
679432411
1849191866
1778421451
923353016
2015448955
647885489
615700567
258196102
250231021
1010396597
1303221427
547797215
2113040812
1425758387
1502950988
590616697
1326420992
488222326
908196190
1145764536
405613942
686433402
1757937906
791778071
796040834
201092239
875480369
1718157491
2106370388
177774179
1167012726
422978142
1728085834
472688745
1844483481
21144491
683437452
79461473
839543611
360061145
1689929589
1312426041
424938358
400859785
1321957265
1201401853
473382005
2012000328
1313466116
1916217166
2008116015
658471588
1499887081
1234962869
990328945
1299130869
431790700
1100711935
496936904
898992167
2099467420
1185761857
1881811592
686383392
977948819
1628335851
1615222269
1653649277
1860632462
787287268
1289326861
1777498555
1821464427
704275878
636624754
342983255
389410736
834399302
1457143332
79774762
1304655965
1218668452
1322500930
1555013920
2142956566
455811759
1393807783
304365000
1581011829
1122197770
1763169761
449336256
1537562841
1512558309
1163065173
1712321327
1793310056
1280459123
644105179
2132735439
1805840631
1067073369
1949217862
1552389738
845695374
1525928943
46003807
1356709502
181485351
1457182005
1510526275
1600673589
2033162098
529984711
1828912467
1849775765
25856187
1327329429
1459803026
437238302
1896687465
284084418
772275457
120618117
570785055
268596405
477677991
1995956145
1271032382
503916686
655306165
715153234
1978917134
1756146061
71931770
765877600
1553254897
797820939
980132332
464098023
751528768
1943622057
992160864
1622882805
2044829509
692363436
1600255804
2065722372
1940812965
978759355
159904496
1227523111
1926540306
524911395
188851219
308046208
161650341
601067714
1344494108
849949740
1463222338
1341649878
437926610
953553117
934638111
1473853879
1246846260
1557916180
1676370789
1128098981
1683882807
1285417477
747470498
1561678382
1442418074
1869793565
790205349
1165681517
132221603
424823582
339864966
1619273272
517917147
99872827
347205878
1075420500
525322070
801945735
1355003282
2040667295
909440033
1660942824
1393596681
1332477460
393487673
1814418695
1293723379
623266401
599846624
1903994926
1259588980
756107348
1454277771
19334176
430940585
528875733
2052305669
847839563
1896958357
841279606
622958869
2089797847
995985454
170452537
2095196140
648766680
445466589
1307075883
428389268
1204081359
1217027592
178267171
1653300258
18954049
857831240
1164177132
657563361
2119439963
1555030229
577900381
1795546252
196311534
1808822290
1049090774
1261695279
146141305
1793852881
1990590199
1395082748
1412054439
1218999509
77582973
1312042314
2058262015
1965181798
1632083378
362780489
423722672
1739185476
946946902
1569507714
2013337044
1916721403
2023882755
1231767670
1084079364
1179019847
1798235175
1868693520
1901123663
231079433
1443814283
1885595825
561352980
2027758814
1250302504
1151979682
1545626952
1242001765
1644419965
729233388
39516202
1230631705
879423723
896556711
954630860
97914639
1539890373
407287824
450335030
262857537
968393719
786585734
7064347
780961490
1177148702
1311382943
542444820
7353551
437232663
1065937892
406195078
1168829173
1843792600
654437864
720582095
173410000
660005315
2125730516
1598235589
1208655577
1408033373
1385877956
164538446
332161230
358785317
1821292540
2012114467
2055571914
1570016269
1315722630
202255881
823590126
544655493
837554149
1303849479
238254928
489063328
2138279370
2134493645
1945299652
57576752
413423356
907354692
376488841
649841387
339354635
1838553212
1366069093
1408931913
2746977
442640818
294566176
1325943557
2055437049
1076803829
792722414
440458287
2038361670
1682313887
1990202947
665085025
518645392
170174380
1667742173
191505835
122298158
1277199445
162469868
553628164
1633539329
1524134613
729793109
1549144930
2107872364
531584137
463888090
995545773
2066462890
1884311843
2067972737
690236978
940543346
1027377259
628878302
392947490
1952970527
550322969
1948662354
678855497
1928712477
872033660
898773182
830659192
870203640
1897636670
1973120472
1048796285
448651134
1494152556
1947787727
1042373876
955843044
1290453035
1771566734
1656518021
1005263432
1791378688
1278766392
1451044457
316868696
1773751318
1246263105
494614039
545492919
1565225896
1100211541
747546308
379209493
419022872
502646855
272804744
1862857105
245128611
1496084437
1168339317
1332629105
264098275
1492791326
649722778
1141339319
1679237713
1893171697
512473025
919396013
1621716285
1900745604
1281382303
44669418
1065990226
185907130
1422316573
1886727589
1356707818
442957167
1469849758
965452161
116966218
245331140
1902415490
94217036
1496846471
1144315358
1017686178
1905696057
578392640
70483639
348780331
2086004335
914494084
1338695119
1341352937
1941249796
1559884720
1235253171
126652245
1453117476
733741741
1939953966
175949635
951560549
1462497414
1744846514
879820844
998316310
1215366254
63567612
1328511190
968887825
1032512819
912382174
1611627168
766882148
1550051607
186357587
1323811406
884819367
1746149714
224291701
1981169344
634836402
385952530
1636702850
1630095239
1780884939
891856672
276966096
2118225999
1766757399
1462572144
794287984
598465537
1446298210
38927231
1344394902
1434361212
1312224902
1253266714
2012531922
912537319
1972475939
1306314470
1861408569
719972196
938812055
306807579
1376266960
77994373
1940126008
1415686316
785059860
589251661
425726359
823663706
336049026
2107877696
960227684
88943319
1449461606
787904464
2096598618
2107773520
1407983265
2129974597
173759400
245529289
1119508729
1263868000
1071186800
2109985888
929055847
2024899628
2012496358
670531159
1917474412
31227679
1962594979
1307317425
368097594
1228928803
1460290655
875558201
1687510576
1390725058
195403205
1326260424
902965990
607602937
814944475
1584746897
641233828
1979644159
1825470466
1512054237
1862307442
1844439053
888564746
1818922816
261393805
1811238186
1705283312
1851992584
539392935
810387641
1046820159
729502086
1688253019
1527231195
1191797957
1289115342
1937584833
414761096
1856470309
763599559
988240437
1649623907
1913705960
1760184655
1714522582
83722497
34035681
1729248316
1497236081
2016069927
1255231627
708166450
1172196403
1230244784
968270161
45071523
844422660
2131285381
336099207
983502146
1628073747
772182373
1687602693
1398553075
1863650641
1938300415
662095721
1088225109
373225749
1926894235
2022761783
322924886
530607609
1933555997
587255610
834038251
26144704
1254060110
1357681461
1836297316
738556362
1081095637
696122367
1941665732
727445676
1607737890
1918233740
1901853101
982812939
1693941930
1667506928
1619817327
490231438
1512130716
1404225162
755115428
2013088372
191262273
1943816913
514037119
667707786
1311082975
589812082
42597345
1859439910
1119417860
1801925362
1382671471
1351254278
1194087209
985252573
21876671
1949789119
970984222
218434671
1278082542
1628211772
848396657
2081600838
216825239
319313733
379472675
573062931
440041470
2125587864
1505699822
159594313
868403833
1877823648
1931486817
1460255611
1720250148
1374640561
2031561208
254016028
445688802
1408831345
379619656
721699929
1309294448
704137564
689018827
1856938387
1725627770
1632438699
1434227978
232908651
748083857
1025529435
1370081896
851519367
1267096287
786800040
2104827757
530137049
389551417
1658054696
694478648
459424395
273914228
1114936945
1755273987
1789711319
289019116
1788574065
2103067437
1000119620
2060547578
1705064276
1454838520
2039111314
326981658
2044734705
99331774
2093641893
2075463158
1579328113
646217006
898863907
626680564
1351416254
673462802
487939899
1464564751
1602266077
332704107
662175446
716719341
983332985
207632865
1897731916
1790220830
2050610118
2098067812
516356082
1624908667
2040768737
650875769
106492187
619435143
2114341686
1036080834
1356131268
1101649858
788734211
553109674
973654490
260742984
108951350
1260370029
1029160550
458962001
1302696469
2080412426
201046308
178219761
2066932029
395596278
537224138
741453514
1963024361
361742981
1337138876
422921117
1233689720
2067591500
1234267244
1637993553
614462441
1592732697
2004640972
1162141582
1290606372
565604928
1401700113
902959371
459546230
2018105893
1840963619
2067595072
703824227
1489019323
1960475927
1264667784
2011595623
16601592
91618282
1607804128
1053435475
1938709336
336538251
269582459
1537785605
766641616
242782309
772008620
1138808009
1017484933
636452544
1855677014
973783149
1855284360
1961203506
1366173980
1877123514
1582755561
1476139245
1092859247
1967229110
2146969862
1694252635
797315355
467354681
958901595
1141337561
1518451915
1180752328
1247478724
1943051242
140637459
1257699504
605102474
1849085926
650348396
178151501
148615345
232871175
149223357
1743470245
324888453
385922571
1675722830
1404418867
1398338064
1067287810
401761560
865125369
530997590
511696602
389498528
652675555
31168316
928178182
1799584950
1643210023
1223134491
1435231338
190901947
72218693
487794826
712395977
340392144
1379534148
225649067
319037863
1196638945
1840168372
603336235
116950509
2103898668
1826550950
279594028
893010154
993645733
71910612
1952739437
123260866
1884301618
1919573960
26071610
1606630166
749748332
1461093652
224237769
1492585442
1718553002
935077922
995259997
1077480272
1313405119
187339301
874954148
845329367
839532394
571213283
1956639986
319090237
1569655859
1428587852
1258326253
1135162068
476604848
814629619
1735171012
527273763
2043071585
41915876
728064256
1587484108
680353233
319506011
1684615386
1880593699
27940469
541434613
1376684287
1398664065
1727019464
1530248792
121361322
1592631593
1531482089
1465960213
1165451891
2014797615
1909513434
989673830
796955955
1824772779
1136768720
1162447722
586581949
1639319550
91181499
1881223971
1993759404
483914289
536166296
43470415
540989780
423970930
1648315123
1833340190
1485346609
634745186
376488774
1845816415
1650938037
826138336
81445650
541560450
462066500
1937527962
1706064495
500028710
1935893040
1550617041
120962341
1891340581
743935137
978051946
16161809
1160908858
1141592422
989248591
1031801172
1455441757
1676430939
1507720453
1138469026
382399748
1534787635
912681968
464443176
939157207
241300471
293789201
1098476882
1977504986
1051107245
1788297240
66184286
1167370229
1731099391
785155938
303141469
1971942487
1180618440
444502879
1623926395
1091203592
1553611853
144715948
880986359
521948172
1702410607
827399896
1903464051
1729535454
911241967
263919179
2058239184
430602002
1007461545
1304360551
1572055007
1410114585
1509117691
995457649
1646697594
1205341570
1098643060
608788223
105521881
1920855376
400136984
772326680
1167914417
1307047000
1815498616
1646061238
1513627773
472329186
488720664
605027242
18531836
267268426
863633786
267355735
1963194507
1328500813
1049905047
1204456758
1594844611
891802228
504933472
147155065
470776439
1048531401
1468451646
91330823
426195506
5933322
911243181
1183204095
2130537633
1057675017
2013377789
837321623
972432815
1744951550
867140090
1183940201
2086690087
1794682242
1299189783
1130437877
545716540
379439123
799222652
831527730
829123286
2049246811
1314017376
499764413
1200817616
840898514
1929933737
2023988194
1997305442
1596824475
1994731936
208049267
631703311
2011135924
1753765586
1103564390
529456716
1817408499
1152474543
187416364
1326012052
2021329532
2064995271
281372985
1965815041
420075200
1230101657
1820455248
253989368
754876834
65234094
2054167918
1372661414
1430112354
1544503665
1252289405
659284992
2077286584
2121890106
426192052
814423449
547221451
2122718282
901332945
2094872002
959415672
789786482
853096126
387974558
1118212774
189517929
1374061323
2023440325
1393214196
2088659105
549028044
1583268205
861034303
505439844
157225558
1345899258
1294699933
705331071
151901862
158513441
257681620
584091436
936880102
383293780
2023564841
609239291
142640933
1890967225
259437813
465302720
256025085
5222653
1472839437
2112175800
1912149193
210366404
1546771263
1735981981
595075978
165927872
509797258
590778899
20016045
1845630618
2061534199
1590887709
802866518
1335840671
223983125
709247131
430904713
528591463
472038494
2092257485
1454984658
1687052065
1088812760
1173306596
1279784192
1139207928
1349545053
715622637
1095588131
1263017634
383755008
849140861
1217609519
1747150345
1661891931
1358137117
771527322
2061876269
1855556626
1368172588
557117811
1354337045
611875343
1841216183
1939751374
861349559
1241516494
1153054445
1524158744
729765528
233378270
1613600545
795862657
1926084647
538755352
127026925
1824167283
513780261
631499274
957810080
1499425660
1790445684
545816760
53675466
1816733494
1270518330
2053294641
1512414419
636652391
1550168070
136335467
1980234386
737609395
1768554925
219405568
1387468158
395447895
688639009
1898867103
15630607
1897461101
1732717569
316589392
797756468
1519705780
1412650289
1212828155
938426816
1052176850
704105609
359379383
956494410
1602752195
518742988
887107821
340065409
663323555
102736537
1733952438
677582511
2112235911
1379583752
895251531
511193165
104563536
1027617693
1353960596
1381289309
1937422446
1033246267
127583878
611990192
682352776
1300380244
1438307018
671174492
927940009
638567196
2047607326
1289325370
297876045
1046620626
1280064090
1695977213
310424790
1156536205
1992779876
333944725
444011908
89620812
1140619914
1664221861
617875328
1774386407
1166547120
1518717809
1608139109
1808926627
2016129098
1804042589
783322537
1614085507
1689090325
127901079
539811428
2128332251
1744914947
307826423
1415009807
555079496
1881429971
1595929357
821693788
845702216
718959295
521715584
1351966524
1072076823
278755866
2089284155
1346023880
520399979
1048420063
1793267479
316348154
1218479118
601743818
1841140967
22315808
1869426846
1741699750
1755290823
608127933
1139374409
1961973074
1679248077
1921922161
2018363606
916637456
528052965
2005560298
1737850017
2064262961
1080789521
1507699646
486853825
869010667
1598107618
145467178
317573021
2044631496
959289917
1034548015
1845688805
2114753447
2118559139
2054575294
1539341168
1020095861
1024227616
658317099
1506976728
1473308032
482310417
1052945868
1740870587
1695321965
227250248
1070281967
658905374
943196624
1043956872
1179072445
1026467047
212072665
1369414891
1934682172
1111070330
1258176955
1061483409
1682472007
88030088
1186840765
380543171
343847884
1431675306
827440354
1718686574
127469634
1757992321
149655548
535721641
1113917887
1406953054
1870823783
96326578
285327502
1587396457
194231906
655771725
85087053
2086517568
302199135
313244053
239114132
1080921975
1568503454
869385569
1036682111
1196532909
366963845
254538462
1336123306
1623265761
531488476
1723978312
1427349500
1905290110
1606094901
2110481881
256073993
2068633096
222606593
292959697
577534880
1099465497
1025928948
581808712
1106190271
845203774
1961345562
1231364246
1631062671
148156560
1434311609
1846142076
390662169
400426008
184315698
1667649212
1854724217
717356863
1231997039
12439826
988348359
1267131696
273491624
1281202433
820241524
294262820
971507470
310564637
1903752918
1540104173
995875838
732767633
120373779
788688518
1495696324
160205860
1884661557
1341046732
1976838651
900917193
957976956
1738895290
1677338215
1512017220
209283355
300070327
1513498583
1546711222
402144390
772224782
1617598562
1267600457
1578031773
648685202
1044410525
1494952632
260324693
1923993269
1067631473
2033676041
1294188717
161256396
1405799334
1054397530
633590404
799998745
458708509
271548595
804681282
1109319314
547713600
93429049
1941296260
130942042
1783131693
1928853023
953951062
1884332987
878669100
1123092428
435061381
1539852942
1997842546
1645303310
2092670142
52747279
779365358
252350457
1790368837
966604826
1403664165
1602161172
413528517
114459430
726585508
124091462
435118815
7751266
354760661
669938075
1136771715
1918313561
1542448648
1232815824
468416268
659052906
969635458
414003695
1744979263
32331851
1160479641
1050307455
1234108090
855155536
1769723034
1353823380
1367340293
841406054
977203615
1468223814
1477371580
1943237025
1540937351
881960986
1479813675
1043454609
1517314587
774236308
2036884865
99456462
114895582
488622113
2085118748
1013525406
1258800159
2006175481
2097511112
936140595
633514890
1987227651
1959463338
146576305
496259433
1867728841
900487292
