1649691790
2077882126
1013421153
432383896
708680484
1653843050
1098911189
2007303841
1542597383
750393466
1613851499
1856245017
806552845
370356267
854795884
2081164223
249535961
1387201190
244286385
894692145
341150101
129583798
1928921730
140509482
1695761355
1857505819
192729452
136654831
496253038
276921492
816788442
521222166
1605982252
1712332383
663059983
238708708
45115294
35487121
974676800
1446711146
274228155
1135453898
883906242
1947621015
986250573
581285567
2030840179
136025738
1486354242
1721808744
355723671
1774288467
185188241
680556435
1279429114
2043214135
288427568
439479765
944668620
1737178442
370501829
35575073
258564013
1370641248
1057192651
1471349
474055971
1207943419
2084576206
778153873
1600413246
1006445681
261501152
1753872935
1771403086
1363236950
1827344681
1450613777
2074200562
2064874303
1549674743
267600455
650576099
1409613031
964960257
1796636834
1435323841
866506681
1939838540
1400566798
107565497
732776073
24003836
1966892234
101630420
148816918
1920260360
782472156
317749797
1878239244
581481746
1679757125
2055417938
2081539501
1381013867
1992815476
314832082
138066256
1695536644
1579848542
744644189
1626543449
77062466
1587628968
530260137
1401655793
41860646
856381825
1901694077
157142105
1764579731
1447957324
1399272203
1503100609
1558282003
1450712915
1069409758
368294308
750552697
726575338
1599844462
103147501
1036194808
319102058
1629627049
480837833
272399551
1931325840
961857424
508878193
610034007
1587703770
2133249916
1980381213
1143037758
1857750845
1446459974
2110122476
1355092494
706800165
1145817867
213496611
136893258
1071647354
2069677811
1417567628
2001132495
50124227
1789895180
1869664722
908182656
172706825
377129519
1559591851
1672716239
1188198823
1403060604
364207662
864156904
531369642
1385070651
1788132874
1307725378
932012648
240805054
1843615424
161739594
2071918153
1387940835
592436038
248768298
233004097
1434844900
1918958947
173097971
1245598756
2140994074
16045411
982044139
768353108
2098667567
1514237820
533614271
2024119424
2093123049
2087543227
309621391
577741611
2130576541
1707751000
595198259
1518278813
2054625825
1916450723
72765589
200552055
1200859838
237822153
1950196144
936591975
1968322719
889150820
2002753813
456420426
598945520
1885821779
1409486008
1830712609
1100794571
1031979221
150596896
125877992
1882753636
1963061381
1842330604
354223604
1826363849
391306069
1315372924
2079922089
1698096523
1199868984
140602002
1337520843
1046513116
699395763
877872037
1555186927
765246703
898577810
646871882
1802226883
1911922073
1678461649
1619195991
1919757996
986898906
783507405
788207735
1271130691
964433910
707736033
261758346
1085646446
888522697
2091258385
905504477
925058832
2086050936
1827384758
941478318
1521104730
596313615
510894451
1046137989
1033957853
1597727085
770979716
80175734
1504817255
331030561
719692300
1939707557
484645783
63629682
105402799
132155892
265443233
1138447951
1615792135
1285678829
1669264529
1650574136
1919031243
426098749
1956134029
1737928720
676634563
1938620135
1372724852
775995910
1029616134
1228268527
1245248220
376769306
1818989695
2009081793
70815751
195402955
863310799
5828595
365815722
47835549
1021279257
1623967033
892241765
182909174
757891214
1356600008
1319630054
565326260
1857610221
47962869
1596808295
1470073234
1098539409
130710144
2144314802
651370630
197793164
63767
109661401
1020554673
246331021
567341957
1689067715
1979552047
525399117
870054859
472234652
2051527426
1032935610
159544626
1327296942
1412659905
1701861580
28520946
392397865
344713362
1260324079
741463411
1936640383
1932359578
1560578176
415245293
2062119153
1161474324
1059659253
1726943457
220297457
1480722847
1279480094
170177773
1932150137
2135808056
1282241865
1389421254
793241521
1010527446
1078269586
2061193807
1858079681
1530404293
391079028
61481756
1016704990
826017061
1813152832
199238032
1425798345
1980218042
1857073969
1950352461
45099390
315340764
1001464571
2028393026
330984553
1507957375
1103090172
845804067
1724266940
698901977
1383606738
559450402
1940456871
1038196709
1101432660
1681946339
496971562
1496272809
773466948
495339930
984599246
1505242420
1512153376
785648285
878595085
1278786898
689301612
801369304
464523458
1237241215
1015510756
1867531737
531152523
603169932
1607710816
1606145272
1829085194
2108558763
1560305348
725981714
715667134
507671196
1758880187
1715080202
829875570
1862891497
2114162641
688551889
951121626
996524660
1755331640
1554759438
2062284176
1652987586
127080236
1440502572
1390204513
681632932
421731271
149123854
2121869001
2054951260
1570156846
1893987833
1249201762
605970291
1435156741
1074986564
85072434
1094209518
1775272209
15762455
1706669146
2140542528
1174657599
443719563
402579293
1242122313
1230349161
284988470
1730997569
533484793
1587473385
348587096
1416910280
771420790
80347405
940720276
1032640690
1005421117
2025290794
927030576
1729411294
918228250
450208278
2101583532
1261603200
993589694
1851356555
1905012426
351341256
459122884
1295424726
1912091422
1907883624
1047939421
362096363
721949317
1704553063
355442436
834987959
124441294
1409054248
1663591648
2032251139
483991365
316852882
39316466
1584428980
1809510009
180854494
644159445
394028079
1122851691
1678550447
1758191711
1713837020
1785759280
1275405012
803797579
894110439
1199416303
110885495
1592229610
652439182
899074277
1326820666
656073182
1778115480
927268201
683693555
1291604310
2064830200
250425708
1331506006
1102165719
19002082
1763180823
836274282
1913379604
237081365
441103442
2069924447
1529599073
87273597
238890435
1834992730
1949718880
1506317893
1770609864
1737698290
724065600
967296161
994519713
835456494
1475779500
1548853704
1519420637
1528384039
42887841
337208390
1915372540
289828143
1444723286
2124226838
874713034
2140146960
1169494054
153588882
1094933890
1753865757
1278251355
1946723161
1886314275
1913455675
1608421265
1049748741
1301022393
1133678008
817453794
459318682
529686137
499427102
911224339
382252742
872968868
1517464477
199610188
296523874
1932409623
1405656090
1745883999
1758063526
1620983668
1066490627
1720297213
962661005
422038221
845656043
185494885
154057552
504195863
713855682
1230899578
607777337
626895520
838887517
1842149978
1156044643
2141633602
1323898196
389266093
553916718
141483499
770941619
1121750094
924556495
978031595
62861671
205395964
279400371
1022196532
1275466769
966934245
715389303
67781033
1026948070
1191511658
179149905
943483521
418058594
343788473
1617672472
116363384
678100324
1362506884
181912665
955476823
1090897939
1173090568
2017567701
486317305
1356163541
1288368395
45323697
1009415619
1141900842
1061950262
2039935093
833245733
72119956
1833396505
122700806
44851539
591413756
760122413
414333404
1381980993
432093173
379491675
1671037318
212312878
1563622009
679280115
770799976
1794378932
1692860589
799598893
1082511332
1966120120
485212229
1053700626
344112830
2070898976
153218483
1362211158
774030759
1344407412
1798728169
1205273292
670624137
1997105385
1390424060
2081507882
1306274344
1930255422
678996098
403858695
1452282712
1916222589
778326705
1008135755
104867946
1535594104
738020709
685187695
586807565
504752743
1992413365
1377583293
2097723531
652385054
1244645720
126099544
900174104
541593823
1923997108
156721780
775755012
1854705784
799381358
921276158
1436585302
932079341
1610990340
2028190722
1884734929
616853539
1964844253
115114513
1350690356
1475810113
1501997612
341573710
828316448
942061787
1840874992
807003372
692303569
63252046
1751144131
1433497090
1587314627
2127355195
338948132
1080422853
899040740
545898227
669119548
605190024
1064685141
459186650
2124166327
1247666134
1046965002
1736961814
105218225
1661415135
575682371
1733852873
825537880
1366293951
1844862122
261362458
186706871
56078170
957576548
1562931944
389154160
597710839
376592931
42366731
756572208
330721813
1046331575
1750772012
715465799
461860400
1291936651
1009401429
146877799
1412146605
76780300
901510390
2132246168
560571260
1921210994
1613468403
1831209025
1275960473
191173289
1981660323
274587260
536024335
1234325762
258379573
1357794108
1972154637
1113630869
1285802724
747418938
1026030494
910129133
2061872652
445342715
669250830
1144804342
364076873
1224996004
1416210018
1550309377
106367104
1434524698
1559303634
259499986
138882948
2070617176
1788182018
1447775375
258821584
1969207352
585542142
1176843444
1481092661
1138750710
973740631
1785505778
1567055706
99231207
1348063884
2132835444
256904299
1274053285
53751969
1839727929
156182708
1675836384
1850953344
388821023
314966019
1451363256
2077455125
1056927818
305699687
1901882614
390835804
222750199
1209990417
1569179573
2145551266
1340994237
936270137
1566825851
929245603
234133188
902465599
1466605728
1140211906
915933494
1167459676
1333754355
389204222
1157112692
492342490
1230006901
765349404
482098169
1759617747
656506936
1746133180
1103687870
1483626053
1220408179
2087839190
1467614778
1085021796
827373949
429268484
90358924
232091390
1033881881
1573583555
1460376426
662468099
1017363563
1980377054
502972937
1140720861
977924026
1395399557
1006798696
2021833280
1596953283
135580280
624343616
1062519087
225476247
1273320269
203430059
36683047
1307365923
779322425
988149506
692078597
1566168687
1893059436
955794171
1454653886
1826057538
356272023
1419425641
1004850682
1095299834
564610389
872153166
446487581
628159344
1270727300
1766171837
2111272436
1937015792
1879914466
500234380
518947248
1059897996
172349623
1712231889
1680113227
885230534
1915206009
1560113056
1284135611
1576800337
997486087
715257564
1323605549
1236059215
1786296760
918351371
1631766147
527637674
1849281815
1468157276
1123208078
122404084
502912551
221191
2144609042
1690118014
1104905025
532994505
1691283390
1979040018
2065698463
1872618516
2109932505
1406042678
1420530332
1118219178
339396612
1527986545
1952718091
736897900
1039207956
841954843
1235213893
1655475981
830447044
1221620083
333642147
1328796555
983090163
2060457134
235627412
4843355
1323649161
1652448927
1906342120
386383286
99078371
1141345897
484736709
642207823
132512653
1945223012
918019094
1317314645
259606131
2017249175
1467300282
2028957467
1258469741
249755483
1416620831
507296775
1118643666
162241496
554450947
1852605592
1526398580
154980752
1496251116
1528171625
160218292
415905750
1589488233
885251030
1147153147
800572962
1465693278
1472033867
1040486400
1725638133
73162710
518922297
623961112
214886424
1928680303
599283962
624992000
1771521515
841733958
955549727
1994463314
1035464724
1037149618
351745068
1260573430
636568044
291491992
795709686
29521775
1737129485
1662731961
1787759644
1412001032
154187166
1427611523
13795864
125002852
2146038753
1256588919
99110870
2124025330
1947731976
1788129900
1665574602
1403120910
815924965
1054200284
586504493
2017689858
1854119545
1560595502
296979341
1011455483
817556008
705202900
1989320116
88814794
712704914
1308357483
1671256705
1354378556
866552799
1012753796
1646120051
1762650668
10764605
1846192191
982260579
1791447151
1791854511
1520428809
587934694
606123753
1037809241
1849211176
197925200
1284054218
745242787
1602661983
283878732
971065837
859701621
86458040
637786393
123834863
1840570725
433273929
51582700
30275913
1272228570
1587778600
121532913
867458951
2092643200
1794657257
1681423295
1688065806
2052067679
626603688
1694256404
341666043
1919332349
854449996
906170459
84792087
1893885353
826803237
372216763
516746072
967398133
1087501472
1109296373
1605294602
389658362
1942619311
657635830
66003153
1665293745
963189817
1069347329
324915910
1302991159
1386016265
357476207
1761657086
1615434999
686145733
863289931
1588499926
1563992048
1922467107
2048735038
1032715455
1500519061
1660284855
1623138673
1143610935
1725966807
1003628657
1870787449
166505632
1608272538
486257962
1307437074
657852434
994388194
1928890536
1284639741
311791596
1317375295
155595193
2023311064
593909671
1957730485
709971216
626790958
893817156
1042606043
442450964
1394554251
522368073
170433240
912290470
1166481565
1509313423
1510915463
956821388
84748605
2108487267
1965136762
616197507
74007741
1697172888
1404099694
1019024879
902337661
1541590517
417318066
1725770399
2094799467
1330354332
1676405901
1392018013
801654976
844301743
568963492
865320989
2056214679
72002994
1057197287
686304540
1470684654
457057555
370827761
1805154713
1381361697
2123116771
837584012
1827564411
906577115
1380265582
1946201195
1979160163
1380629172
1375785776
991933352
2033213446
1140567139
497548383
1001149974
1449369033
180467479
1348474711
1995538648
1834009962
1779906139
1538344523
1290282916
68029515
1084297375
18484516
561330388
634669756
1786803459
870201119
1884963674
1456711954
1619630643
275415619
2028525067
1807088866
1333022928
817989039
764827582
1477897310
441639950
314295879
29613793
43628589
1849761265
61749395
1834383827
1724592501
758195264
85473519
704291214
647972161
549182776
145643446
918092661
1685732194
745277798
1140805575
636423446
454633536
1987436567
703544577
1383234518
1649251701
1701514011
1548867534
2084249759
1868833616
1857813683
504423428
986658905
474517704
1301035362
1688051236
2061901901
672619196
369163137
1745720894
1410249782
1867482765
1169390558
1870663438
1205339695
611182034
1031586549
1357546395
119980063
301000833
455032227
34528669
348600347
1755222301
39594734
565065695
771753805
1191394080
326848214
365151290
1601965872
350439254
857362268
1488046430
1219287202
1080497691
1763760467
1968032035
1266587337
1048833868
890432821
386979680
936501319
1980672934
212707716
665920996
979979315
1729683232
139806931
726990207
612369194
2080401891
128546510
1345139150
2014719172
1382898139
188483417
533784426
1270500154
1833253177
49266202
691731020
837558536
431484155
227680505
175851288
1517842900
456161971
1899218287
1566231914
1336157442
1389279839
811257595
1950797157
1267093029
719565647
1893610203
1586154005
1214700518
107766558
1396081632
183718043
1050519805
1154505372
291541188
728642251
456257461
852644738
1060927535
691915468
1983068440
2120563952
568823625
1990720728
26426803
245251770
1581986677
1134847529
1737213383
339409606
1444520827
1390751430
493166006
671016294
1897834288
1399166838
1382394859
1745433487
1602071906
306497966
1027304888
1104682534
1324623307
2007282019
1212274387
1568728245
129892730
1456022085
1642424715
1627817011
691679428
370280361
2135999220
2030661658
120268826
2109716803
1787022545
1997378848
1118227502
672012316
1401951985
1639527716
1628120663
1081037178
1742084052
1434667586
386883454
1793207253
2039455380
339959563
1424819418
104494533
1907188336
1100478548
1788898010
615586939
607252098
136762627
1720829965
1118162594
1893015537
1862340195
187513017
432351765
389934686
226328505
1797646323
1291796004
1990318808
596300263
286969660
59627132
1486212666
511355775
1286039072
2030542556
2006012230
1982485024
306922472
2089396304
9848216
1508638885
1616986500
1133937533
2086444533
1150684748
56810710
1978282733
924259224
745192218
534676290
959521334
2046154651
24096444
403883267
778630553
40168505
482450921
1667078656
1859903506
1117279410
854328675
1576162866
735790443
1174844320
1739128489
283691480
1641569665
1352556748
1669829477
911691884
1024867136
1815162436
1781542298
1400059147
1574025656
560861845
1011137210
2108900516
179557549
202811834
1608689266
615773907
890646403
335047417
2078986347
1599907351
406935503
1016449978
1495228520
902127053
501374050
619364901
1768900693
1918089979
112213057
535828141
1070971566
208317617
1465370001
1546833715
1445793400
415235695
1454281007
288336422
980896978
924091869
441000092
530305024
1178237132
1030945016
360537063
1484186074
908340856
1511261109
672910272
2037741479
1993314887
442405305
1851006143
1064375356
384132134
1083176554
873962957
594166852
206044200
1730096219
1741131062
1132218279
1008602784
1706419029
1618099273
178586563
1149096966
1877056453
1039445136
655883845
509948975
1675246387
175092860
357163373
363954015
1202324667
675753870
581483705
1302379736
839161007
1264494479
792541752
449196137
674894986
1738657130
396045621
1394787319
608918157
201729326
1967930215
443003543
1053424956
1360375841
1648922221
1385153828
1800390427
184351843
143177582
1656386299
1821761588
486726164
610701437
902444869
1571239460
2090991451
2100470483
132441426
1397845968
1975865286
2023932786
17308887
1713832584
1694554829
62598441
1242054563
669287901
1881699541
436325481
416267442
342940446
89886328
207336662
1542901602
1292200068
792764271
827045242
1444467250
116459857
470323424
1302851176
1319841584
1736724852
588222881
1994669871
1390235172
2102340932
139435617
2097667592
1254425171
808084956
1260412686
1428953573
1100295260
1066549844
66790353
1562751649
1348755798
860178740
1050861106
2038851140
702442185
767391444
1599070950
144730614
544519341
1213586017
1776109307
227520384
2033520011
1576125318
1575432391
2039999932
583396214
1826573177
1504389273
432266645
1973621798
1944225956
1069009693
948231226
396650110
1838485646
1739942167
521466068
1994055301
23567616
267131680
1071259953
416410551
1603835589
780332935
1650119379
1704268290
929434088
1053749114
575472054
633239741
1198834297
591832397
1439601873
1329729372
311985618
1135917889
2036300237
1464381408
184571000
1406623130
1727345620
140768496
371774624
31379331
671659035
566601279
1317566388
1578694599
1067817984
598075278
670720538
37475185
1168944795
263971127
1667067780
885993593
990690807
452579501
138025753
1206383710
1058188050
1502662843
1346192199
535811401
1747062078
1107064994
1694686964
1310164027
587136629
116187303
1215750073
1515476692
1944787556
1808500591
225758739
488434337
2099608072
247380970
914150595
1441356259
1083946746
1999772049
1298891307
667769072
896316426
1557487221
768890045
912313282
1564971228
1172870194
224066806
1343898937
1016916566
1997003849
1465531601
715790178
598823302
1390023782
2585685
1210172682
306640677
1262661699
1122385289
1537571827
144032301
490055004
734462595
1661794076
246345307
1814647227
726416211
1813593804
1882127762
1097325153
318729270
1150686441
274340617
855822153
1911132972
321497226
2103140456
725703491
1445388946
1069470843
170750693
1717447561
1531214193
1489418053
1016539083
1085700783
1603451512
1902268310
1105539108
622473397
169572781
1693456429
1987169858
1942412500
1995989405
2031668674
1237604546
9753419
1709024846
1300985258
821646639
911683660
726475845
1147769343
1004181224
47678955
1778063625
1128125509
1824514940
1317461421
1201210016
1687308312
1730149676
2122757221
1597149436
720679553
521543721
1528175891
1935153244
878607169
240178066
534622781
332239759
1803581189
97919163
1879330254
50094002
1131273277
1180697517
1006581037
2082890586
924845386
2101680488
1830054482
261580063
354809462
1950959203
1483064159
1154461016
1138951865
1932305022
1339453947
2145333295
1062881632
2084682884
969115631
999328663
1010444325
1565791990
1989925209
1327960962
1475157764
1147227583
1006536884
1439064057
554392504
1082812771
1757178436
1557694964
115941651
1797941369
757701521
1368898440
1535049543
87537668
1774798483
1794830852
189811213
293766620
1992512138
746080522
1293835797
430809932
775957574
1751884387
598455901
2087292443
174415821
1462504137
1524613542
191408846
178916577
453656315
190252050
783999336
1426083467
1435895055
758498610
1831757051
2113899129
1323995777
193962366
1610768521
1592176643
372351859
1831316347
1078358735
2015543854
1493613967
919329551
381633181
1711138258
971697689
1382919071
449634227
1980298147
157756014
393501924
1242760976
686710785
120253837
96130502
651333084
1270817969
1760433723
1015675986
1536109964
1094334459
22758499
86649169
628373400
931167
1740445261
1820428993
364128037
2093859155
1422560006
1732019747
1312668200
488737946
767539279
2035007201
421500344
1632574679
1347821460
1099166538
696273426
1431333886
940868536
106925839
744747915
1448098386
1794139663
1942918858
206020048
502187425
87085397
910287895
1899347853
1236204
1296938807
767936925
804695349
1951833361
427238425
1341105106
653569943
455915084
214071115
2098124706
1741464119
1792160901
415581716
820418282
1027199301
273344827
1020338021
1886777205
208865582
555991731
628316930
542043694
1965996404
217514970
1080064726
215638466
115456261
1771338356
1539684795
1241936619
992848027
1035787640
2136415768
1637348155
1157485116
247145226
1235785681
501112102
12248020
925119029
61282289
706303603
903679389
2049530747
1671847485
1376042505
1657816446
682873655
1454732411
911734380
1631600998
504472996
328630298
759606864
2043104960
1964944266
1388052169
703841723
270809539
234029202
686924640
1663705180
67183165
2038538284
1137174810
1416788367
878624528
703480908
323479864
38402407
2049889856
275490830
1195628820
79644522
163935839
568436987
1397263201
800417099
1469282353
800919206
209060427
108408862
293260546
1272973365
203702268
807732005
1001400652
1224382179
1825554122
1540792511
1206577076
79802922
765882090
1973436157
1070279705
323203007
657624648
220356474
501082389
1976291426
294957206
1006295112
1756487158
5860124
1380472763
290449832
515887868
2130776701
1895541836
1216547689
1686920965
153427241
694352785
922630741
934736742
1619455614
1888897061
1325503672
1625653871
596607874
141773537
520287507
1820361022
2041469324
1889490633
27875983
1320493031
1051129055
1600033562
1103656953
944399374
1607260130
2052892580
592995467
1011684282
467104554
307526035
1020390860
1059971328
1325202962
165214052
375478436
1825294982
1926706102
1422203601
108174494
791079228
1020603723
1498887371
949437139
1161044847
403351672
347402773
723059369
416551745
1932363639
1994336447
1666903217
1269012916
1752185314
1687755428
1716934535
995443862
596608902
16784365
1300191941
164650778
1092166490
1335697876
1408159654
1490860104
1237351134
497144805
1701380533
966866828
977679843
447095026
809445693
1474852444
1227347457
752243031
1566667199
1338959715
1635037070
1012710766
1345780230
278758520
836717483
1848213217
860931579
1853845193
1293917443
240123628
1421507310
1195775891
711706865
1178698406
1044365861
1705045271
962807821
2011609230
573820072
2039969516
966236096
512789198
186276254
403457644
811837852
350108994
1584879924
1008613476
735724411
669051765
478417952
1070454136
1266103862
728891292
1085458744
292947491
1198750679
549468366
838623815
995375093
2010375774
98595274
500502853
1741765047
1835621978
1259879022
1486342822
2013429752
893354981
2125606818
2039113552
1342377108
2085521492
1686816649
1153478849
52415034
568301100
279639375
1944520978
318715497
486811282
750750676
937922992
1993083957
1100172530
1892492453
601321987
514489493
954507872
1818637633
348676912
1822665937
1327130954
654779242
1108903519
2090739823
956301442
880055600
1884999727
122124786
152493113
1296202167
195105965
689143227
726647087
774632629
378162670
55600207
1486137657
1867460981
800913427
121222026
794235489
90412632
355557105
727478370
144818641
2014790683
9812121
28544139
805536003
717326065
357037084
2048256287
1459810958
1608472394
895738225
1259229583
959308453
223856757
69359855
975936146
510299509
2055334254
1212222543
1283383537
851802691
807582012
191596596
1824291301
322607991
698735194
1550180135
752942460
515447603
151806329
2052902795
680905405
1311878930
1509123479
1902276011
1087575189
2019056531
537546683
182515366
1121459179
1948915903
342882531
343402528
414593949
1662226269
1462982016
748815
1987879639
624799522
441142338
939763563
153047086
1395714492
1463042029
1436164025
1066095452
932539796
1579892058
1850368674
787085433
1980014662
1076302655
750918262
1722257497
1529769438
1524264375
1104864712
492200301
1911842504
1401792025
584856842
829486878
2071174243
1515824768
1811908979
1574640599
684228775
289852250
1837956525
1368610844
1618669791
1786517036
2121077223
398112467
344470718
713918381
953279890
1377030708
1132464650
1357670224
1388530288
317587560
885780711
1716987369
1954920120
1344506197
386302452
1257559183
714656560
666228932
1192104333
1483360586
564096715
1934998209
1133513349
53019148
2091500012
1975167965
1374385431
274468886
1745767471
1433161617
1889424522
1515195127
1795373617
960577378
1753315305
2020166332
1437360849
912783645
2051571273
1097017591
412293647
440976718
488621339
716235245
533736470
1078499384
1847968193
824250407
538436479
1159288927
1146260753
2045190839
1696584176
2012610209
437224584
182660634
1869899177
1362829322
838317810
478531262
1604943696
591267936
964948881
1647969124
1265969683
1423805870
1165882018
1794553240
1475334700
1167752522
1202289820
1678996049
1544861038
2124250955
1290347478
1620405543
2030537086
2129737101
1833877790
962542899
376215996
2052930500
1375233818
1483145195
1022399533
268687115
442856812
296860756
1366161088
923007587
197693197
1079092554
927397281
1900594909
627627142
1928109218
1897349994
99879478
1472184203
909242329
71329134
1585131712
729670433
2106632829
833250172
38734878
1785421102
2080326358
1630380804
1754210915
703705599
1059252321
13412701
1367874268
23716259
677147223
2063750644
844428515
547406223
818073715
677326723
163712474
136257967
218384770
964063648
1448832662
384356879
1705154415
509302339
13534592
1734460378
353352877
401104898
758207057
299226224
1416582117
832690868
1131667267
2118247028
1514908605
1302443094
1882969687
1415395550
1793986403
793908889
311655190
1218397636
1958099050
1823788182
963963229
1452418964
260080489
1923782698
1706342176
1327761436
2136173574
1289921982
1420467147
1650587461
1616323107
598029536
466407587
1655375621
2001287218
712770918
1862905077
1981044081
53251448
1230326879
268551112
944775622
175333526
1791060301
51681393
729251541
1513259000
1488708310
477878068
421052240
1353424209
1129807918
2065799412
552173613
90326895
191321047
1377810009
384549050
1778941600
363664063
1579667486
304401348
1952085367
1309349476
2099037803
1549815700
1527936648
625385179
630618896
1969862127
1164145240
402999655
1005379085
904985041
1302357842
542303699
1853643525
356809720
97693199
181265928
1408070649
2047109187
1782856209
2052872118
1383447102
1641824892
765716823
1699050519
801302079
428523151
679455599
1348230360
1735049846
997865238
1761953375
279112416
1786441680
155841125
1130752829
1715750783
565708392
1352588759
1722124902
30606146
1175717825
11576978
485996909
807799806
1596450728
213609576
1980552140
1016988877
1988694650
1039075577
1238740858
273461797
958613216
2141364156
209985176
399963644
1860992683
688418874
1305296089
1467739076
345061806
2006555518
2001404066
846550003
266837177
1773503206
1809804805
1485555440
1384328477
2073985139
1624202843
998476576
1097019521
2043633018
495376702
1358886130
2020265569
297120085
45391323
410061168
1244543295
2025040401
232526244
1467101440
1023608117
687585976
706796303
1078399088
1077097278
1129576797
1839723239
860102350
49578625
1500553888
1938527110
216734511
1165351140
826845209
1975477680
1557242401
1213789828
846003132
1198171394
781981418
347389993
1549832272
2103415924
486888020
807663550
235010830
375783580
1729029027
129717563
1732958072
421992366
1224298892
1750799135
1778186214
1249288340
1567923913
1684162937
1518774434
216769345
1146329131
2025259120
1496003683
1293768368
2038596142
919333657
1912972466
1988553317
152999634
791178376
964640923
1547756007
1769530563
259570559
1129605496
488718912
1324534164
580099354
1012493817
1070919036
641601912
338044079
1143670170
21739247
1789171389
1795391865
825760417
1390284070
1508088992
1319968686
1387135094
1024370497
9647198
1020610707
861098031
231559087
1197631963
125924316
1024190912
1214815457
685094035
1253742587
1041749417
426295611
622477290
1412353314
1309717443
2009664757
2024763005
1265640121
878287853
1277560462
608589701
2092337754
100969060
1172407025
2022383783
1369390736
1659014623
1842380186
2005935969
1009855063
1838504776
1689434772
270463969
269996544
772072045
1770556393
439335265
1414826847
1511643619
232673480
1644572880
1459415851
6116817
1932235286
943098420
432417485
678014324
467302546
579830235
1079522283
806304430
1088928920
2049583423
1148568327
235437659
417092177
68022135
391201063
1679044494
795825441
1922226082
1499038174
847478104
686113228
864366478
1039991746
2123035800
1859584694
1481688889
239060408
594733081
2097674324
999752807
1993009729
1180543518
393224703
811359139
1997836294
671265810
422027718
890202498
619813019
1644591458
260806091
1143052397
1886979812
376791776
1753729069
162151198
1186985588
1814867526
424520687
1347864897
1191750605
1846257320
1972923315
1982905899
1435062918
673711778
641682945
428958083
85546980
1375629364
1358949924
785332850
1696284243
1151437491
924075243
910518962
574995092
641851204
2128128593
2129394977
581432281
1996392240
1877669407
659658037
2102619652
366941965
881929538
372088964
1964500997
1619441012
536884002
1499080459
1161719065
1367715962
1555099365
1148992394
227523338
737879376
1530564734
1496626552
730943773
397520451
773090807
2051118400
398799019
91753425
1810868117
2119224428
415023295
424246894
1559639768
1777083518
592764045
1742294286
1688422908
1500288238
1567392644
550387952
1382718954
902032858
962599180
1357552799
1102442016
896258112
1762059338
193310171
58996288
1402365200
1778652007
1779289030
1285876329
1372901298
1304295391
1390702677
1398363622
1801398002
182172091
1506955582
1545676213
1866927203
674672719
1425995665
864971218
547881851
1885399662
1938944208
602090539
1258952399
984074109
1070301484
420356257
1138964996
654544580
281815047
1151407460
1515465786
1829983751
1506121084
773198255
1785748455
1757182864
737246092
1637128576
1356373628
1615031384
1287879203
135044623
190141335
1161867968
324831113
1788053729
581782639
1520829626
1635318205
406940862
2083154855
2019268620
1965429030
128565805
1051613538
179936572
642563456
366305909
1161382281
1419075625
2145770941
890175852
1849491888
1627629217
423796956
1633680385
162908196
1090354221
1431717094
1556438518
932580087
1644276829
1240941341
2068734171
303861745
1710762978
1163376118
458668585
162220899
1508979196
331051433
313486437
1606969563
317816237
493579665
1649424023
85824118
2001533360
486532364
1438247029
1877959927
1189215361
1344546536
1697781585
1204324512
1351783908
1556649571
803322238
133768921
1160935563
644323297
174338304
1290277511
1510540496
777459527
1277261528
602700688
1540269609
792593659
1995453583
305905326
1004454079
414678420
62177207
473994128
1555238630
1363525804
1005194908
1806139114
113314259
1995367741
999973888
627506879
2011088891
1170939109
304444829
1846802942
143982084
30417972
805161457
1811463996
586079677
554347566
1431958130
106561503
173838766
1537531622
1796192284
9698237
1992884899
319301808
767669429
1027477285
1015669977
1706089899
428055142
178786444
629127515
1571956242
930534660
1897503224
77718639
1991078869
1064047587
513263389
1501292462
978647598
629941474
1818116486
165761083
410137796
1441107960
53376081
51689551
259748316
2142387666
691017184
1391181044
1729323661
53335347
140921233
471539848
528759215
1832641297
1130343872
377424679
161483081
864328635
1387783835
719396564
2103385541
109563357
65596162
1960948365
507033017
1627666735
1280226545
1514553072
82874512
471693789
512977074
1617423806
1658647344
964006139
2082925095
927153161
2113965407
1479278793
1829986240
1455743273
1976478014
728035332
1684154788
2133117784
2026717433
1669452957
1265802803
1088690189
819398640
645900927
737016168
1593714509
334334454
1385963477
500416205
575836510
1415291048
1611189388
1171089959
1269960784
570805533
1837844675
1236054297
2047744508
1966950230
671848575
429745260
1968842185
1953073323
1227441964
1217157310
194570139
29441972
889587096
924522989
1078940232
1532121985
129342242
662107425
1662248026
2143572553
907079980
1904533799
2080129359
364469528
1893833699
103680452
842950558
662282718
1630992920
599882698
282157736
1694118403
1916207547
1107962893
1554906605
472169910
1489727874
732122691
572010287
1932906671
291920324
430204079
194288160
275912634
2133938331
2620741
1933941342
2129584563
1464261719
568460330
561427113
1660327857
1863474759
1485148582
1764174372
1092774781
894443321
611519146
1049634524
1470072404
576752969
1763391531
46578936
199397345
454007077
1163834815
740004015
1910780915
1773377485
285858553
681972897
1057044904
15000744
442098357
672495929
774758837
1305178877
1821743202
774697092
1258895765
2079436717
1034504761
645091263
1120077565
1462563592
202597263
651027382
1886237185
424917386
279896360
801472348
248717233
1135704760
954738055
1877535607
1218163737
262423510
920178416
1722057178
1668915806
104881889
1051859073
1339922322
1245407605
1110409621
1327057152
1940386804
71959243
2012360849
1486455137
113788961
566622426
239905887
2089577438
1405447635
1901593433
1639130315
1832024182
2040286010
237666043
1310642755
604104909
1129990772
534460646
516492482
543128947
1092722710
1547044556
584053326
1150167689
1402528942
319008476
1119182284
1403318844
1816135763
1620563272
929496522
2134278563
649891458
1020568694
1530516920
135466825
124624382
581263438
411401592
509727877
1506145179
1269005020
1285263429
1463887946
783497735
1966926197
227987152
463373287
1229039375
1389939350
1071594500
1955220219
1592459950
2080587912
420164634
1014735430
1715556079
1206175127
54584035
674845748
1847592776
1223274532
189135837
1359185200
1909307951
661161581
89509939
1566166214
443412405
398914222
418529120
612489491
651682175
1979275714
1612501083
1519077156
2131189950
987741403
1206485282
371313496
990590513
1031615240
530765950
727475083
104022248
1105835996
696011743
72003957
873473960
106050079
1261124018
1969312512
1527161729
1688502217
308968992
595310349
465193412
633548673
1769257252
571177694
1321995766
1257874183
324289667
1304033167
82602644
1258721345
1815993791
2051579880
1537513048
31147817
464726488
954759037
1589653728
1125755602
313932218
537450573
1700974880
2098007158
990500380
1080921107
1477821711
1791551895
1527527425
114001974
486491825
266060431
620306698
1997436843
691614135
1277712854
194572533
817426507
1248758984
1955514358
360126622
226281286
1740009654
1324984180
661451162
170190180
1023562309
1442743101
146974995
853730326
828970957
1667659423
927373545
349317359
421808479
912293529
684415102
863509558
2114789113
221713976
1914506403
1827015433
599014763
595445100
1276726471
1559426766
646690898
1828502790
1195845297
1231309187
1672661273
484098454
608684383
1705151402
865444415
1859798856
443337146
780421687
1060971665
867654127
248115552
869604281
1006661955
500066437
1770779416
1660119694
1794937711
1747353238
2049142969
266693962
801777016
1780504792
1737264403
97411008
205748008
1089378574
1605500621
981570817
765867437
1736658882
1079895434
51877828
545278907
1211855452
1455977462
168360685
42122539
656989093
43343521
653191046
1880682838
1688466346
26018366
274758466
972349509
812035753
1625432702
1489395489
311944996
837224056
1390094577
1860115739
232559717
1285544091
1081715708
326309400
131212133
1089117759
2069812488
112965174
1819204926
226067394
2124136286
194230516
1013404678
1696062678
1598028322
916545912
1049082687
564242574
746024023
88662914
109889660
1463341738
1470070254
1808620639
217763466
9939468
970567103
976671685
1067626833
2140291079
197895779
1609268966
1885065917
819064446
1984600849
1259012914
894589167
686365129
112389069
1998696963
1101978267
1991577513
1984943034
426929105
254208608
1031185342
1115685667
1966915941
1019468222
150943682
850920477
566214997
399682067
21239534
3967723
1075683888
1778811276
1008561419
1638499878
2050448763
181037877
1643347864
1826877881
169890004
104732317
708841594
1910985959
1696843935
1858558883
421429914
1197525084
1436935462
573189653
1504660827
339529386
388978329
842399496
900193229
1475894503
513735144
482851155
1607923485
1600574320
1329944392
1348223725
1246410350
750884789
1829026406
1357202567
877841360
1445767085
1833633507
2023723861
2081922345
1374793949
1107256894
2139386800
29988238
694505810
2053781801
1821128726
2095380556
1846329145
1750762808
1071243901
918234721
580642447
1223855796
2112342326
1966392502
1808278973
1852819771
620591936
635031221
1105768546
1694825681
687724163
591636210
1513508978
247606053
1879413139
1710854376
793092115
1198015298
19234130
1993085794
526167902
467315171
215360181
1811144181
1304665966
74942394
179013596
360153144
318275258
1197882142
790626003
1707512549
2134741888
1293975575
1297175086
733421197
269422877
194673541
1638704088
979275643
1791502799
961982211
732020927
749276268
1373791420
2054533046
1926052417
443973786
1262471678
387395900
1676666504
1249830873
1203662932
408027206
202617026
1167703881
1802032450
285322706
1177024989
1788120416
235460202
1123038543
1777777207
557461442
249192386
1061665913
1654220075
2122131889
1003972514
1903144302
965643275
2016431397
1647808796
707272819
2109375116
893327174
1763287018
573494488
432368026
1360293983
893797356
1530817733
2023194829
383214774
896090332
1578691442
197926740
929217252
1209007188
357373372
2045610005
1550130010
774348159
2132057512
227100340
1748472955
1404787740
861887765
1758233790
765416016
228004221
1933362080
172384483
883679821
1512760864
589800901
796486403
1181525037
2120672836
1767066204
1087048791
661683214
802664227
1530829211
1110753792
561241528
1086833556
620383014
823837892
1150585157
474245770
975655353
1213226903
795404820
586652802
1923659516
1219518258
779075672
2082891469
2031295641
346536844
1270836787
1208787227
1673035924
1795099332
698423973
1567497666
537346650
583565813
2007561503
702008691
2028497862
543125687
982341874
1764209029
74913610
1749433759
1063337082
1450738365
182326610
724415068
47547277
1235477579
108547875
1106849145
1002598477
1442664307
1174947111
1494629065
279868509
1712545086
1244775468
1833139106
1942036912
598326472
1403999701
882930888
960266395
1459077892
1323270449
726519969
1987855465
1487714295
1583353495
1595164956
1953179220
527001879
1449540120
49776080
541168806
1228520751
657750128
481247177
1644960754
1994520649
211176010
684839960
150616381
795333142
2118077276
1991706507
41615869
1304993843
972625823
1186030838
1879660087
11429060
2143980428
1128496408
382234993
405719937
1141108585
1040648689
1693713667
431047163
834090601
1086120373
834095200
1218795903
1718064238
789905775
1611191683
2033756453
1267084792
1210675806
757928218
1563987756
648846502
1775877937
513917738
1157651088
371394389
1813788754
737423785
1944368330
1386317513
1642084425
306309282
357578107
158700017
348636657
2029825672
1535784531
1213352415
2055649267
367570412
1829864883
1367581918
1278605016
948736275
1629146197
76220307
1658197667
1236371305
717955111
680400450
741359707
451427346
1001793631
271820794
370481650
564034987
876694600
821924821
744287083
1329264070
1775391073
189512610
152095004
1751376164
1155469464
1774107777
1087025431
1156583478
1872939442
2008773021
1141445082
88383136
1707878480
376535125
539663991
779970908
667679130
1026178139
1057921167
2075593012
1747323065
1017633419
1155824921
1791119886
631578046
898190310
1646468526
794122150
2020558280
1236433422
672138147
1192518919
723649669
162588672
1804890262
1542786802
1944630485
1840532637
1740781626
756657005
2060866770
320429276
1502133490
824779120
1864615542
647128456
854313915
509320940
1612422966
1251343687
1691342136
1131625351
689737463
992846898
353829797
689605591
202854604
2016231234
1696163366
692280897
702821012
198185291
533299225
1884355070
1941554869
479000286
215175014
1924564801
1976631655
2034827359
303264825
1210887875
1031830913
1326514803
1762331091
1160318217
543988228
256364638
628724525
1446416747
2028347475
341517733
1468372484
2058943280
1525704198
403807484
553022947
142514411
1889367634
933619550
13801037
1295393900
161674620
176620365
416967244
232825438
1267031967
704956693
641032106
1765672451
1396063256
279934325
1749714521
647251812
1127240623
356368880
273983987
709952527
1578460098
1501387318
406390240
1623047994
2136168804
2012803565
1456057996
1783151600
1241553546
1256678386
969585038
1324410513
298523604
340630779
1118026242
1577918412
1089103691
243273278
356686754
616142953
321413857
1124105850
605225505
1458748258
1970266540
734090580
1833344276
1810507108
1469779792
1580344524
1424195772
823370628
1125906761
398755858
1856706528
509809468
1764473931
910904361
2117482747
1124081666
823395152
389484439
910618727
1676835013
155535221
1834049422
1242440861
1073050006
2101803613
1142999180
955848371
1053996724
563721842
2093974957
1545442238
1892228920
189476275
1907292336
802500626
1572459616
233796551
707104674
1070044654
869381056
659108395
1407824182
862847883
738347994
1568776626
536463145
194508134
913008845
1411974709
342404573
1487905647
648729249
1878558709
286350066
1623443936
1961973775
1238059400
818047704
1704946278
1123022163
1300083119
1993893740
1995706121
931198033
1698710465
1907634753
372207459
853100047
1791584162
303332870
884471683
1026312926
430674392
1196996312
427428112
1889860586
1551681096
1938249482
1035678122
641484191
1065421364
915183836
123143215
1766350615
270231208
1715448691
320990949
886934728
952225508
766556410
1492707465
436848451
1649451719
171610650
143814819
234424759
1711751660
1693611905
1128014943
226784438
1696847515
1912333283
1235962778
1192111977
2040240005
1279470730
886874487
446036776
265314137
2098984114
27280898
837363124
1484837862
1114139635
160294477
309482378
908614642
2087522707
692258575
1284866236
1299519056
1480747562
1138893299
977871462
419607598
984077966
1749811509
1492773908
2001974346
1454398066
1777125802
713082878
1863454674
549512822
1691221594
1075602411
638299220
571394369
224385027
112468559
818955156
1118235847
1588189433
254321384
1951373885
1145811446
1345367328
1969793263
1438781509
1324865362
2076184183
774041093
1725127439
45535123
1537304361
422918048
869037000
1282678638
1240963618
1329147837
1298971276
1619331526
194308748
1557788804
945507911
1203900404
254052920
1400441679
289249913
2119456124
217873626
1043357927
201735820
1969015184
1957979994
1837272075
626445683
507501965
658266319
1065404387
458431637
2091552199
649387106
1532558165
2135138492
1928578307
77692811
1596272091
1050143158
968887437
1674846721
323450379
1771759324
724554725
1712103962
1289278344
2002137248
549341801
753388370
488380614
743071694
1286205895
807225760
1475397261
694256028
349687673
1559792125
1624676077
2098208432
452721201
1819155113
461686527
1589572296
711663771
33907542
1891827124
224608995
1359980566
1105899987
893075720
709408180
72402399
485776748
222142324
1943352203
1517567952
1816740146
300170607
2124285342
1793817505
1190570877
1113136217
1217721426
1320892555
796621245
56819367
1895368477
201104886
349422509
1203486732
1709667126
2028856374
1225093538
211923093
543669807
120375015
2131898444
1320821137
224365827
1049014610
1975849841
1522304738
617428319
567792177
592083070
1427758422
2072233876
1643817991
239591775
824346882
1362583937
1376951292
766572596
507814027
1403139168
77165971
808899315
652708867
868709970
2072264620
948751593
789470138
999848544
925295095
1242687361
2125783496
182156922
852505247
267133303
990747306
1359671813
1915951137
1349227242
1491814076
708495450
2131042073
1998256297
643031005
1944908168
648372830
455848588
337962192
561534523
54227080
2024419121
721542560
865481467
2006835048
1044282332
877373594
3495127
1984274041
768736544
1605897334
1230282052
233731755
1931109154
707855732
2091557225
1440222297
1635399931
332963502
1867430242
1969422532
1216859639
886691036
1706624349
45085164
1742279410
598848764
355981219
1612588599
1770045363
31538174
916603266
47877941
1543806099
1604732261
528763310
1801826246
1267178836
646879417
170669392
1972751363
308880328
832447810
94506955
2135695012
420915804
2067850087
1378925411
1536200288
1095610654
1786445004
1326888777
1658815386
501739565
1460440225
185321462
1661044841
1735527806
2002162861
1023613647
471212646
266356550
29764034
1089928315
1094364986
1542841152
2005552427
1816645240
1422239955
667103037
605855795
464951973
1252443243
1034204357
2077757146
757325599
1210633124
1900412369
1649847447
1018072066
686061398
1834687581
1068729214
399454022
1819305295
1624160338
1951482573
960181311
1426441703
1233320056
844214526
1877335740
696380052
1259725098
344401315
1640888846
1275192618
2056253487
540544509
196670556
91182664
858699745
1764254213
484078603
316054797
123339
2099212379
836101773
1441033214
1074390051
1209919929
290671889
1184750522
1462914484
1909496415
1026556870
1758604371
1350306879
714612940
200142020
510282603
2135709498
179683818
2078808761
706014724
288784843
1883554999
1078355816
226015093
1828804255
932150961
1417913195
582428657
1704911891
1406526317
1013883842
495615688
339969471
182381408
1592718284
1327368672
487785277
1968382561
412950492
578251923
482000171
1796470952
1995750046
134894908
1034794029
1224565423
1439548221
509965153
377626438
36476028
229690955
241633126
563148723
2086003930
977704350
986715895
644182606
1713242742
1904527956
1325876815
1480004456
1984312095
416548580
132679013
1507096631
1409260811
684432457
942928465
191182720
931814325
488999109
1755140937
349525603
1372924796
2007477274
1579553807
1278642190
451900934
1995302644
442524087
1375817231
1988586051
1089087114
1790779884
175107583
1830193004
1777351162
238089145
1969918198
2115384897
1190920470
1007977027
449237167
1199509661
2091073921
1035514396
1858307888
1485683731
1317482943
1803713148
457129495
897875150
1653788227
1829024396
1202428983
1850871181
1695005678
2135586816
672425289
1629817882
1258429317
1043606111
306706843
1721888260
2013486217
750136022
1713653023
390841898
830410318
117161963
1214497080
367048880
140959470
1682275997
1112389526
649343733
1606924872
1859704380
689458093
1029936501
1881053239
229525370
643451099
2015313093
1630553873
949090828
707651562
1336874867
1778528153
1920655355
1214263513
1477077771
82334679
115101696
1674918134
96101157
1007480828
1296849315
1721286974
1889124296
1228755999
1703600517
842893665
614832561
1972647417
1310449953
1867152303
1550964794
164502390
1739039989
327948427
694869484
1377673731
1125818762
1431354033
155852257
153364261
657519321
471987326
1336697835
386280646
1938418774
888144317
87673555
1428075251
378724838
1728622187
1952800464
152603447
1421960025
544600095
2112244008
1836289280
452324859
108018687
519925495
942349224
849301927
1442483588
1518928240
1846548776
2108430965
1997584630
375276401
284165717
955880435
1870194262
1217625858
1652979476
763233452
2043830623
885368059
62771668
916009434
763646009
2101062275
1429576151
6615911
91063955
1581116283
64159923
1190173274
907198776
1993207685
666301769
512138171
846408409
1976971860
944392279
1467281964
345790647
1737971330
2037956784
608649193
1506451442
2105556678
724368901
1650217146
1063639434
677167412
376009405
1274738329
29695023
1218710891
746702216
1064806820
1533265957
378478829
1157966139
1644076868
1648586943
1829313555
1248638787
1789749949
12130193
89146657
1685318000
967968325
454431026
1765144342
1840711968
1892947272
124661257
168460259
366328674
1127803650
1437604725
1589523590
1094010862
1813402685
1385919698
1263497434
162310813
1540727751
2042435684
1481096310
1872721323
639414282
2027126801
279066214
1444550163
119009698
2015451347
926141693
1843497763
1963777319
532900962
1235806476
1811019644
1278287891
916398773
90544395
1471284443
1532155075
1717903416
1445581891
1667618458
1002782446
364804985
1010829001
943560582
843454243
10942533
1937383437
788621852
1026525025
1898531991
179694200
540442692
1492893807
224990678
1114810240
658571207
758263565
39866925
255046893
928924675
217408975
135153411
364718088
1089522689
977990660
902628801
1360201996
1298664964
1261128957
158788377
782973006
637925549
1609868004
301576728
1501893658
121200422
1150765417
1462356565
825530334
612413490
1348552380
273099471
2095865673
1260480748
2102711464
1630287984
819247788
898347882
1833426312
553859700
1028641909
1428297582
93417053
1611481252
1590921893
1409313595
997868071
107425261
1625645162
478864206
863481628
1553006742
1207770783
774496881
732484216
1788757578
1617378667
734313648
197271219
1013686172
525985737
1099450708
1335640538
177943474
1105471823
760333753
1673927706
245781700
2058669760
447099227
634734845
2040179550
1510219099
803362969
336107827
861987469
772214528
563605638
815761080
192154417
212224740
1245840232
1556799736
1334500168
1535272325
1389860431
1955386677
1314075887
1770985929
1813349898
1365800550
1507297978
131339065
405885670
1522088823
1545052990
184509512
1161356623
523573677
593248006
245761544
189387329
84847673
629467405
1064020057
135684450
1724476479
1788198317
1766137440
1693050593
441437202
1241219598
1833349695
1202803217
681237840
908815723
274107610
1300929528
1971893442
1155799334
1103811107
2116458020
1736392165
1151637776
1290410921
699278853
581072209
804758527
929793157
382255479
1990293680
1041617847
1691434477
900781590
877246923
1779180710
908701130
971415936
815123728
791604020
1046875913
224851803
1173932233
1957740504
2113535463
1857533785
442740973
780796416
2032952761
1907413436
1607365387
1420681237
964830005
2106119672
838457962
1894954417
1421992610
2011132855
1619698449
1850220178
369532253
1237810148
513554952
1576600423
14033256
925820534
1009974873
953778573
567799148
1484684866
1940483540
1505752704
982973670
1730936907
2020660931
2104239701
721496454
398519904
511606220
1624616712
1673622543
1899758260
1842423536
550671709
2098445133
1723419834
2107291708
1195176675
170014569
1430780241
1246043465
816664971
213414712
49034163
744633928
154156786
834899241
1533328786
64268177
298117863
1472437382
1163715371
1847545146
1111533299
508500910
1690524833
1978707724
563534323
30477847
718246330
1958488033
927501667
1289792993
2105965370
654844560
388810722
1463689685
707840300
1995585833
1345823228
1458000358
2141138166
622233024
204721263
621419445
1800678396
2136476486
915472145
368017919
13158195
2126571030
1923125336
541306351
1472999290
1965798025
234364291
2071294540
2046559326
836017091
1845528431
1778367322
1027104022
319073692
1899841362
1209464582
442485319
102602693
465235714
1133725883
620674846
1774956729
1857369269
1350297187
194008845
359186696
586778699
1651053679
548931269
1114490367
707364085
785069599
240822392
1585895959
1178057670
1786448647
18264131
417894118
954079018
524419685
2144935053
488011680
497063796
151788574
1983147046
1146995433
1010059723
1020401122
865160497
174738813
817908172
1162330253
1117143622
1937624301
2099806753
510770650
1552261756
586042531
2067723476
1069852211
1965762822
1216971280
2086829748
987657946
1402002382
603338854
81449805
378906136
68709501
656643764
1533881636
2099189714
1767191091
111345304
886870523
173783531
1464458752
1018125975
1445085037
1009491850
2061194027
1658168083
1027523099
990352509
147320057
611616757
625459390
958229526
1107093874
33596333
1060784543
1819580462
1987780366
2068158299
1334452598
23839621
1503629407
1332841612
1493086768
1172904629
2076257289
1836390721
1639705778
735825235
943088202
545692949
1229010192
1626751779
781402838
378174310
559399978
461358713
831443213
1990947679
1424288917
1892619880
108007576
717036151
1983897993
1617252044
1080878324
1980530449
1373708770
1151104172
1717636971
2092553622
1129469031
1837585708
1069090343
559333104
1339104674
724424174
211929254
1761261671
958846839
232427154
1580604603
991189468
1285679278
330640318
505778565
1152843514
265514245
1746849620
1855863182
1637371539
1967946430
1515795733
1326341028
1292097489
1346528834
449772010
1021489001
1097026170
1094532289
812117927
1855013492
631670459
916598931
1570331387
122411250
1322343048
1630681967
343097816
1338252010
1306000006
1975469981
1390961573
895920372
1058390561
14189845
101415995
321685491
1977612568
1962981432
1632672931
1765155789
1080316455
1988397227
4204979
922697050
1450151396
682883665
583138503
1530058220
2118740716
657787118
827599077
1045616239
1158826959
328769109
114210735
1164182676
341785933
1838070182
393066783
1276092969
2143986060
1975453198
1320956512
186852083
757442336
269156311
1747854349
1142152857
735839299
150337555
1148882645
826245320
1820265743
329814369
758257303
1826987606
107787261
1595807365
656713093
2071126275
563984034
1573901676
1431182941
1377887087
108006685
117826078
1490079649
951045854
1652136634
477343338
1099789278
807588838
938236233
852976143
1651968986
2113120783
725880952
950156401
1088292602
830871713
1833131035
881490535
1827035735
496881829
1962454118
2083169128
1945308851
1660714273
1621311756
201400328
1654720897
895584644
1018933989
1075898013
379033734
1780059975
238110627
553675686
1115624118
171374051
892562819
1642848908
437339656
437621173
653080262
519546141
1268497014
1887635346
1560963940
1568684789
2087880740
1078808104
477999363
791231677
494527371
1884739534
907487991
1774807428
2066290631
65662569
615391350
2140529009
1337947782
919058592
677898247
118417317
2027260217
549390355
521856420
270166057
1759707046
1830591
925391067
779937793
1054006250
1777976931
1711118272
1057849933
363436335
1151935823
1894807602
727748236
1555477426
67011957
1398495506
691620277
1481852815
1784436368
71813680
389791120
323111310
1949653976
1324317717
1790834056
918966191
813670622
1808055000
265776724
930400178
890761712
15555714
236012864
1166224547
628285230
1873327930
2086706704
256223146
1508484988
1101650860
716445367
277349768
426116114
755164979
1985720246
413775641
1916949752
890497818
1231440224
1816871165
1230414284
1666126079
423734170
1348486974
946779841
249552644
1028537202
2131487984
1523456031
2085531306
1666434248
1300924015
1087666297
726371329
1119376341
1642743138
1135056311
1613585908
612256934
2073161400
235238940
64008888
1148484988
1252051801
1385302592
1381512937
448932867
171879583
934290547
241620457
1773224988
961234768
609588753
509843040
2088711860
1041265472
1272567445
523668461
890096627
1261407340
804896768
5009768
40328685
1632687866
771667094
577470628
392089161
545377461
183331106
1508151497
634166502
964219742
1718809081
925151832
334756529
902653986
1015986277
646068216
1360353780
617085688
906571566
1496267310
1102917720
855546600
729808112
797752225
2078520155
161037100
953635794
752440856
463522716
531912534
1465013344
408036404
102197590
2056344971
1361658607
1770684387
1011976790
1703817742
256050583
1283072186
2050842058
1803055299
2069006472
103682245
798536847
1829013734
275108241
1343017993
348559431
304118533
1885995369
1526307090
266555602
815074972
425142089
1933079546
667814319
149286281
591443772
1276737690
460667754
1331050311
867257362
300982052
439779880
1354007492
1137856401
1594431520
1327918547
2052498255
1358904019
1453463749
972632950
150505899
367452984
1007607446
2073620752
1865785020
865369865
2060643460
1124434877
1752402141
613985082
571597199
2133752688
113812011
1341904497
520605372
112269579
683994115
555094497
1874056388
362390793
1604115564
1976425820
560394019
1474040440
1435848161
98399705
1366502428
427731630
1138954336
1440985564
1616541325
1082014051
1712343049
1683401824
822053486
1512998853
1519221698
1883935715
1155010031
302625673
1273334159
1862408818
98105807
994527741
1339751360
1739234639
69646060
1306951209
238455681
122115201
688341655
874864888
288442710
1715081047
1488206977
2080810111
1677013586
1759835544
1035770813
1418436141
368633743
127231443
1522985073
1671927871
2103539155
1138514299
1564955703
1108309108
1387353126
281043095
1211554594
304427047
2011462590
1446526856
364114817
1009586104
661620200
1087064926
157138010
1984984747
903070315
1492726213
1087216726
385449096
1469819314
1957405375
796232064
118455925
666805744
843809125
810891105
799390331
2102042927
1477002951
1482415689
1689312385
937943746
436553051
1983904289
2062611886
2130768738
604236059
521996669
664363522
1538948779
2037339679
1447046140
972859778
547680635
2070769387
551889469
1977066102
839673840
1729023316
1241314562
935615890
716403730
470479770
2034065101
890246641
1261850025
1557466981
2019428341
688756721
1975397946
551952392
2028603829
155411880
1034560702
1639211579
594683603
972961335
217550976
1131080190
1538524888
1445960277
400691384
926142399
1377203309
1701481218
745742178
1473934000
977441547
2130583206
2050362387
1708189494
1609498017
748363032
684022010
752796207
836109966
997815564
1031539557
92332028
832620416
949991813
270409475
1374883147
855030871
1901510345
1676487314
1362404599
686396339
1319833825
928086137
1459805299
1385137599
2121850708
1011699717
1822890777
333782098
368383222
160934317
533987266
826260644
1231753910
1123296018
1898389902
1311285047
1520256865
738542486
964517518
165200177
237738947
1841587689
204048736
758129397
900703269
659524894
2048842275
1838076119
153420779
2081507859
354597869
1302905251
1260887978
2054316784
1347950933
1259884949
1996939000
344620351
1329384403
468068564
48308487
471736231
35870047
1192101132
100747025
1771510142
1289096815
1032259059
766124260
316584966
834303968
2066447699
984402387
98187577
1209585153
892144173
227461061
1140771600
1838783383
1229811895
1202938616
1242873336
121927685
131791019
391330150
1557347739
107672579
1542905954
495488214
1537017737
546653192
1780646658
158686286
378052623
2030805856
715289418
1865399624
1964476979
1833243570
1287049777
1516808742
1935677935
788510479
283957298
76080115
1680447596
992773579
570237634
357082550
1263269586
953500454
455291447
740747471
495229989
1487990631
230384645
988998265
588960597
588656582
970015478
500977131
268223458
1434424647
1468491044
2033898007
75947439
1689594396
684746587
546516401
2004341984
2068987423
1676978659
1864517750
783422139
1149957578
1347746372
1376983093
15778936
2066989446
575064848
1280416716
2074609020
1162339357
1298914979
1198387431
170229277
985812508
1550182732
74784280
968988523
2120075576
1635236451
1426796393
1375819710
1261699230
79014714
717805971
2040431301
1677621156
328734718
667654295
507579291
684788177
1625129271
300175120
2028642554
2063118135
1199121803
1438169715
1476289388
1807790370
1954802094
1570522385
1773046984
1001661091
1583568184
672040319
1403971837
1873216926
911904566
568357931
230687938
2102840650
1952856136
845524804
307009220
27006736
44040597
457835709
1494923922
1270709401
277008424
622823635
1554638167
1374056036
2093265355
1028118893
1985301264
1748706177
239497991
1925309106
1171603669
2054605932
373336861
1004819874
1099816535
2012658592
1422151846
179473896
1659736248
786478156
171669900
766199365
1039332894
471141685
441179183
1759029235
635515457
797938771
1350598883
642100091
1639379608
564430984
1083306878
966583387
72666818
1681147177
618503646
1520000155
648280343
465881723
770817612
945800031
489431037
825572812
2094072657
192343010
1744478689
199116311
216816796
1861440049
481406152
408188748
168745626
962881590
287731196
823492714
1014862111
1559553431
997781242
1209443609
827547925
110171704
2078226553
1901209417
395861078
703120552
893464625
307770020
1930751824
884418529
77818550
904879190
176053301
1389454597
2124903704
1263868531
797459149
1090399764
1026481728
996043202
1084452855
1720679437
947609333
881029670
2032957161
1533815740
1115861199
1838069167
1632448702
739498909
1693324380
1098087384
1280160765
1713111146
1621897504
89839448
710175441
1623491287
233079062
21266372
481994959
198511394
72826134
1741705041
67957411
1189143701
740342783
1885250176
608295219
302770887
366141690
1785926339
1441086976
163821053
2089864284
1361605696
1483691233
1055122069
1916971948
1925153373
1397867477
431034337
2071688569
821232434
1530016143
1647585064
1118596926
1007138883
1922727774
942517645
533178393
70979955
602331677
1488080664
2016378430
1251383738
1938431184
1406607305
1749072993
2110762780
1497174311
1559402583
1849370221
86689319
1367604779
1801801462
1340941158
885579294
2131067732
99958198
955646326
154453494
2116783995
2131639207
2099970295
1666241610
10082776
118166906
2038727524
1200482794
1845527933
1154974022
1371706854
432815743
67983007
1467386929
1746424748
236167911
1590138143
1589751898
1898567350
928873645
22660511
837825963
1110618186
346507454
807592117
2030089445
2057436045
104490058
1873543715
1127998407
1076522448
2078840371
1832912639
2024792022
2143158086
854336424
255491100
266823755
187716752
2088977324
1518547865
534749151
999025943
1219338417
1411334326
188309117
2013604502
1867193613
2104366895
1673203618
767681106
38753246
1558634936
713775152
2108123929
694945833
1950703954
484468093
804693958
502860750
420916421
295658854
1301632621
672515196
475341656
338961868
232087162
358252604
345743152
775337332
1239120937
1871744773
549621361
171426009
182975033
1140737531
1108175953
468560106
930301542
714517875
2104994141
228553954
330464433
1399783579
889192390
123233593
1865857259
2077856382
238804032
2119972130
204687846
1035240521
472127571
1410141117
219826924
1251635380
1108064160
1716309926
296974282
737683559
57546171
806889705
2106616243
2046448075
951524645
687552801
815190506
2027658703
1939884452
1098268313
1838576897
327845898
1713404682
2039018331
512209910
1020155861
343210848
1833391743
1234653166
471325310
784604676
152476422
1428868824
322881702
270827423
589235658
1430420214
99123919
702416394
1271864018
995472648
203727480
1648077101
789051660
1605770663
1643283311
1105289700
1514715954
265269546
1068178128
1063448821
1500323686
454828835
132482932
61085503
1495367282
1865227752
856433708
624828135
99425350
1746708514
1932412350
84537694
668809029
1540445491
455709825
1425985730
1149470414
366275104
1507293518
581797099
568057567
389524470
963072016
1569832421
546720170
1565492869
1196634263
1748044127
424795997
935369988
811248410
1418375015
1145257359
438302766
1546549826
276151851
578381222
446039773
1608169034
1625009705
97863961
1651324570
44587423
1576389552
1686130700
1167697809
438709563
863755087
1038089218
1262593362
1559265332
2109594585
152657993
309642751
106808027
1368545966
837079138
3136314
39086262
566182689
321750655
1283170970
742308704
768583246
767669885
791243648
1254571554
1051499724
686873034
491647851
2113615070
250531514
378726668
1474822659
821347891
891798521
1999196486
2007885723
530068447
495880691
1660281354
443821627
692142507
1625349388
696440292
1940872175
1708988444
480005930
1648182860
1291037988
668381892
1461957474
961220750
1317934691
566546395
620528353
1406360467
20401804
1061970354
326500579
1906477860
317460986
1756849969
1560595765
1396231327
683663213
283853009
125728617
593488844
865705946
972267295
1808142469
1042545522
1768671606
174721971
689166679
1161054981
953290485
167492480
1118001576
370217539
88024612
753720814
1560670479
1891012895
1587156997
1423073102
1857457569
614079853
705223850
829246864
1895375298
1789320762
1363046249
1068296015
181907537
1181484706
1227088422
1269819075
1629333181
586496422
1577187923
288398242
1248224611
951145238
151284861
34143003
1864403236
65745899
1083014576
848000795
1363040255
513650094
143420854
1433824702
1355818759
308275644
189762123
362776326
1318896278
1434425325
2127528622
772323806
1440442754
1309172499
760138297
233538511
105690807
1721996849
920283501
1452443112
884200373
27917055
1089755186
906803795
328326294
734347408
1243741952
758058966
937872675
91177373
718288659
1559388198
1250588724
1739088110
57571376
1576710464
344318779
966966352
1086466199
726483711
1763272456
2053311941
424547275
1649349138
1564956233
1223509521
667747761
322929055
861746517
2135913808
1467857334
692604040
2142946792
2126398825
153402779
1585502552
1874929108
1156431537
1576096882
1726
2043313891
248907856
429818293
1767565244
668082594
348623711
127683726
861217828
1804223877
1049316374
1788830714
2053238606
698385713
579829609
178342686
979752639
477011320
21486886
1892689615
360191593
757969468
1531869254
428839481
917005559
18312953
621614809
1723832015
1963942261
1722133953
1329913421
1595635669
1396424055
1252797129
1583307381
1313679624
468900614
1575205251
1702932479
82865436
1975286261
226591628
1595526034
120442605
1099119206
1136812415
767469590
1257518800
465545803
2017407454
723286148
1851878
786049410
2143490692
1867433804
312728168
848565965
289280013
1973995925
1912081738
1770850433
152034320
1135592691
224419998
2062854724
1656705506
1798885198
1730864071
1080651688
1986502106
208372119
540615652
520583955
1791218321
1348752738
707225852
1604541800
1064698539
1253708771
505945302
439804943
1391281383
1035778750
1981961846
542449693
1604625871
327878187
1500280370
19186372
1379975790
1478694164
979922182
508493607
1492477253
348225536
365321196
1846342109
876698861
1169335875
301614152
1735824398
1304979821
1012509571
241134847
259379872
1742922753
502970729
1286820162
982171992
85108049
501464513
2019112563
384997546
206852440
77693474
2008802548
1049105762
858853463
1324639382
493075291
1884995142
1911759079
772356542
1634569562
1355575804
1579352493
1036912493
965259558
1337884628
1788248574
663920796
448700474
1477746736
1101728715
34210301
1002431071
1203713088
262056230
1667404246
516053051
1116676424
143958848
1776808427
551498193
1927367082
2055249613
114929382
144722591
2068259592
265993392
562479353
117533648
395721352
1949856041
224909976
1906363986
1422893433
139171927
1562557476
1343137164
571757411
1339144810
1008652736
1387379985
1165160262
2132884514
1448260328
1751743443
1870520188
1939480649
990153894
590722150
1398885799
495298841
1961663769
926755293
1583548841
340836055
2057572610
1703208595
1847050641
642268777
1965360960
443325920
1603575833
47336676
260825545
696051502
1288071846
1609019534
301420317
1505946066
1358607133
613821784
1082553489
1548042079
76574633
608164892
1203383464
347058015
892632788
1211917180
1408926756
175016838
469986795
1097780916
113107935
1902037913
1312936136
446487542
818638205
832733963
1304373408
1024886653
167408349
1947034100
1488774443
1471781566
925989458
1771875731
752791201
44071525
124432617
571879371
1805160342
1721943796
1326862068
1523384610
1805523623
2071267550
1437050968
2099114050
1041585835
1841390776
210883413
1167090100
846416902
1728423587
456997420
1328053057
1727098117
1274685718
1596697035
362554050
613022340
490149676
1543294218
862563912
531454916
1809837957
1665098081
1959780880
65814325
1578091047
1637859833
790711861
1491087049
585715384
1405731101
799469703
1570921498
727085286
493547860
1019525917
2009908429
407212121
887148342
1359866315
91126685
538765526
979715322
1709769957
254510717
1470676129
1355115334
1716494172
485920823
1704273374
1526139326
6478952
1824497121
982936679
1979833743
1409028241
644055092
218734923
300325656
1752715437
258559194
454605739
1614454966
34898529
79389251
842501026
1042486630
210535454
613035003
256375886
609690281
1540391520
135001287
369864477
142213794
1831787883
435797823
25681810
1757622748
2108593188
695845195
765441999
1975352223
395070217
1103221806
1067895604
298170754
1882239340
1433513886
625871062
973816757
856736223
559571732
495776081
322559174
1040888990
1292573119
656651054
1512512035
1788604488
1930381373
634025473
529510486
1108316450
1374002368
1133438128
400887223
7026332
1229927968
751669674
1150287781
859851251
1113131856
1803675894
1387383897
1408859150
372158708
1772591208
293834375
1668508298
947110634
1612118385
1158586175
709980852
1485971845
1190433281
1601667831
1633222253
1225477669
1851703516
895654010
175159881
846289530
1070320915
875234507
2011784679
622799499
959428282
1369063228
1314822133
982720116
989368918
944912001
142117540
1700880673
346421322
1632493391
1493901313
1074581093
1369035665
497437658
923655474
2007802830
1241908870
1051527207
554811514
189471094
1360407889
2042159370
1685571112
1384330980
1298330024
16889304
1125293731
2054032331
53121395
1046787897
2122730962
828064534
1411643661
155372300
830394910
412240550
1441470728
2087305350
1413826520
934139417
994957950
1451394931
1325525561
308985231
952598604
892769214
1463901365
1037842161
1888525941
1373885435
1746171920
1466165088
2050326352
1672866974
59106257
1900929918
1746402923
65239524
1579895293
140847364
852945038
1592018506
1117635167
1474570260
677702580
1591871435
1104718180
283712725
946653147
65893484
1222018733
813424331
234166961
1632762748
1403635168
1853001421
589338287
1228861542
689092838
1166490103
250827917
10717292
736271274
1801068960
214626329
583737824
947643824
439129144
1648028585
1259508245
523619827
1088997951
1043490479
1822725015
109244919
1984845655
760599674
28500313
214692008
2060260750
1259136867
1583185321
308177196
1148929431
1231963287
1630811284
1234918673
1374013883
748826023
1091590708
516383725
1406871930
654001778
706336512
502143516
531036602
958986283
1964197377
1822323874
262873896
970222954
887215050
1279438789
1821420111
1643024567
1280722433
1340093502
126870723
1416271535
1475657218
1374658340
1031373077
1719596698
1755864755
753958490
2018808088
1249745133
1702708892
1509304875
2034981692
1690977755
1098843211
717378827
1697739365
256247337
587631535
1612923984
154479835
1910976538
1689999709
1575870709
1042207728
1892230758
822797479
967665043
1125449777
645030975
2005294402
1519084554
934345577
51216290
71263789
2094206337
124962314
233454818
1240986717
957427710
1795846545
1035083683
738812828
342719360
2082289804
14920913
804059680
963484444
1685755077
1823686202
112188927
1122910936
992625941
1432985316
2040493647
1746418998
733941135
2041365439
1407044956
1753473225
91937349
1278939593
708663500
1422089757
469167315
704945449
1218362040
803199170
1702927941
1408274778
1004288600
1811197202
1737319430
535610557
829468753
1346800486
1757773182
1995286843
467629775
1930780906
295311419
1521949495
1740392915
1776912770
1480488193
41248877
1329036156
1045184140
248759226
1967221238
1968276806
1833962805
338947535
469868940
485749642
2112235127
587485245
317348527
2103527685
1428973581
827744841
1596118773
2136262400
284273121
664863947
1309804467
812188181
1347439478
175595735
542732978
2097243924
255559994
592896773
82694758
870718048
1416564286
976242307
268968731
124331457
8772877
888408168
564402184
1647451117
1139760598
1659174254
139864686
404583209
715474565
46984380
1876809234
82025192
2014516799
830141523
760878364
1202206914
1010337785
1142590975
1637248202
1701023201
997944628
979539906
1553139757
1042566334
1306074252
1357324556
1379042074
864724856
1970645740
56405491
1173249543
503655565
880241374
2014627111
2007493296
1029327439
1639695789
877355010
665471387
912680698
2033653739
1801400056
693701451
1504381663
886841570
1730313428
1870665186
445940794
202628022
1956730865
843935535
846224528
1719510275
384300579
533980274
556354775
414743672
1073679263
1918349632
2098482997
2123745633
697691868
256035025
1771010341
322904739
1073112684
30929288
1529661601
355691119
1336961610
1105548343
822224960
1870585867
1755312745
1612741818
670138956
768397103
539466564
1790947674
426547879
1466431289
243555428
507601932
1544836555
1106949274
1186746807
740858286
1927872183
669794649
1775193187
942713886
151947061
1297411896
1783098227
1786427792
1320578865
428184754
171560920
1516704860
772689522
1757451088
721140830
1845078182
1554470550
132651599
1154891333
1589405319
1371024006
302191151
916981889
1237684829
1947085543
1655737962
757096322
1352813599
1373582881
1577348722
11000519
1886020246
1201859725
1527089874
1889926190
476639282
777073401
13476113
1170882508
895166361
1097850026
1231098254
1793058013
473762989
1266041110
1739559060
1075636314
784626762
1505316306
1678996307
562488976
337657248
505266185
374623181
418427408
791661809
555838967
1633523963
730888776
2038664347
294911878
1669181727
683765759
1794203265
221765875
854057891
17953919
717994496
962506563
261642928
50500868
2052455405
1732585869
855306189
353714648
1687013827
1552382877
63373927
646539941
1669733866
1191896594
693017069
942488330
179969883
2108511429
1832619703
1445392494
360679655
740476935
539391649
209016650
1415736329
111293667
1350949329
1673627013
470124635
842524527
2145169475
1673240534
837181044
1426163042
1804435298
1739057522
973736239
1978251135
925007176
568509877
416018919
1812136934
1867072678
2082822535
2104163485
1761905788
841975495
1024194197
1388600759
1464930607
1343450413
655514543
1047833916
1490058741
1261271537
1095548711
240631751
938633499
168624140
1600871696
755956641
2135757407
803179692
739135156
1881114987
1226785236
238292945
1531528675
2007942065
1456225091
1558088347
1208057605
824486115
1956722747
2134537017
1252901186
1341459923
947117647
235536446
686282720
1733251584
423217989
64897220
453747369
1058430057
484133409
1831199556
1057036875
827657505
1757639973
662784394
28703014
1963497255
871926232
964788695
310617628
1229154294
624720532
1814511780
1868147636
2037541510
1084132388
344130515
365568250
39025186
1673846879
515242072
571054562
2106809354
329891416
1789315838
70740234
1358902547
2026150665
39382533
230415222
1952951071
894057780
1345860271
865317695
1404727286
1161130829
815160935
1341608929
2094876184
241928550
1246784749
1656116647
1517776881
678208198
449615436
1404403549
370374287
1208897508
199831366
1198520935
1440121846
285950006
104461148
789605368
513622414
1704526934
13338466
1934389597
1686339700
943560422
653936240
228270882
74115286
739335310
1885068841
1027862002
694180823
873378333
1853584215
85011447
1349905677
1180184988
723221368
553653231
1255919301
1663681020
923037109
26931533
724643948
1342095985
1262544988
1710382598
715254124
1842091093
1654038876
1800447643
677304155
33697268
1058264261
1396276496
1734042130
1654131194
1219785432
954964139
691875847
491499767
270291126
507975882
1147013670
599245308
808171195
543355734
2042241286
1436581519
910110045
684417235
261023777
1387940346
1328809911
476584766
193234667
1083437555
422708657
1912648000
1738342312
1557765272
712450216
1124256258
25478333
2069281281
900154731
952569168
685961790
979620063
1441454139
899133623
2078644578
923292899
1972936633
1222754499
1859274398
2060580402
1068140049
1740748959
121222152
2105220336
1209058317
1301460833
958628991
1523917598
516662597
2019766394
1142452892
1957609088
1704449113
1525581202
918341725
1196229573
1650282813
1898746768
841355304
572902919
1614141148
19701667
1029219268
2115298980
1321763681
1295849008
926927735
1425367838
578324223
1896424966
274803707
324361994
1242608351
1343938863
1423163019
1700950385
1868745609
1978229858
2140182152
1094897828
485431010
2101495748
1952597236
42603683
1295626924
1251229626
1046459039
63742703
1907385295
676799678
665449109
340659249
553912328
1364281439
2072038364
299516404
456114916
876397223
208040251
1657693830
1455661613
1912548589
590361383
1503568898
450613416
2047561261
1219027700
805685714
1893832928
1355371746
1321693248
557799197
344225313
2116410885
479218236
491812708
694124232
1720613151
154851114
945088924
2047425871
482778828
735034896
1820097725
1818559167
1052658909
104464251
509859853
2102547350
366167926
1975991031
1806767528
1400029066
1903973380
1658991015
1315016746
1925805147
918247983
2136502456
1105767643
500236793
530186864
1444281433
1631242420
721626018
928266883
999013410
1719414923
1330696502
1799776077
717203104
1051144737
884644963
95013467
269168432
1880180703
925053006
2083117474
301785262
430156520
998926248
1153844045
1886047844
333780812
1925112918
53936516
12093717
535802356
966957410
1830087871
415539231
1870658270
1633792756
197404260
610308703
1121533344
566164004
1991436678
76525042
1186804547
246693371
1450262318
1314210163
1976062145
1262894046
1604097360
527551906
2099283491
649673954
426149384
940103717
1972974138
467444278
805931911
1389054502
475206045
2033831153
416708339
520091299
315575664
2069537450
1868616774
1195039941
1524690213
2008258265
286677669
52042717
2035626101
242951678
107355810
42672772
2009220057
167032987
47349939
1029912221
394913507
1549568972
1420757755
408632729
458618223
1964882817
1070253237
970142606
533228802
1065547025
795013607
1401797547
1316914774
1784743833
1625974968
445648272
1274047453
1900083302
1299759944
780272084
1043864297
902619918
1097901124
1418098381
1134876129
505558683
1194388185
171181546
1605765124
1116500145
1710910551
1040232977
413718188
604341670
723719879
632016476
130938293
1530080996
1239354466
2119268346
1359588284
348824948
702251148
135025788
2049029890
330095550
991202221
1776290768
1770621901
1528332444
2073404073
1198894976
1528621983
751151104
1035889511
2028685918
1284471593
49118996
1519182442
1738317506
311143519
642918823
12383566
620343122
1714840448
890486216
1028153330
2097526109
328774710
743190404
398386848
653648447
1026404076
198037880
1610595969
1644957675
1352043204
708178876
1691734013
1544782419
1363135612
1729433358
1928374658
923563563
806682696
978001756
1599365848
1942719795
1989003055
694295846
2053238997
647284709
688658853
993254624
2115684061
173863562
302339218
272364348
1765720103
1831206570
364951850
1087219778
1853289773
155321019
1230235013
1136523474
45287050
1247099413
1517928880
707141680
94204941
1629202459
1849432215
562797144
1967725249
323674434
625678779
625432841
2095212840
1534233489
1538961564
29586478
445313778
1083462268
5845967
1461667687
946396380
1991617855
1311416155
1164493839
1640523473
313747243
1523948755
107483767
1045865304
989220103
321207433
1757442042
2104458986
1990920632
404149201
2073844813
1178787976
2061962988
64056951
980891697
1561388120
1638032254
657838666
1560136893
450230018
1394322203
1614572204
703845388
595194428
1067171650
36903450
830266927
1362283462
263672762
1316180392
1090935793
962603425
1717651318
1712582332
1427595612
1918109834
659060406
233414670
1522696265
2021966675
1998869379
154928780
483970501
1814132820
1737289322
378096463
1397759049
928092551
1367688917
50243087
1428755340
931957113
578496079
965711224
1597487885
1493679508
155913398
2075196896
149062739
430039238
290310576
803036988
2049677643
2142808778
1034957837
556366764
460922382
765282825
1437982804
160657209
457430522
1872232642
1057492994
1374912338
962991853
547187650
1833342717
781222756
1047921941
423523950
411707035
1450992300
365263699
577706336
632660887
907196317
1126360250
1151180197
1035615569
1968450535
359920309
2080350656
293926301
35544705
2022859904
1684835456
71609711
628155530
1637063117
1807068991
313612568
2119242073
1624418705
1014572252
1962349383
1981608075
1272219232
445344186
485104269
1505898170
424822677
1950055643
37211328
1235413893
1237623331
963258036
1081335944
857867817
1216972461
490567419
600622104
40492633
942416209
2045954935
333218651
1782864639
2120726602
2027811467
36726783
2074673971
704258409
1847926109
810435136
1459924809
1354612243
1773973811
135887002
613178241
885930443
294165943
2003865733
285643306
571897518
1379024515
560412172
1666537897
1816069580
243735039
1929914275
863101885
953299821
854667752
835678713
590175321
2134876348
413217056
1218239181
217446925
1652818081
1588960148
1793053788
696774528
548486195
1922473099
31702433
1443285916
1533694029
107149587
1641714345
1265520418
277482430
1813116089
1261148770
1984332991
1407783302
266955198
1760476897
370293905
853569802
1061909811
1417313558
1024766546
900083857
1549174018
660478900
402849560
1867331391
317343328
1222596799
418776064
1290100355
1613717440
670602238
1205167992
24567791
324395845
658227261
854055418
998420673
1958181775
758194812
1807890416
202563394
287325459
1912937848
504495783
25841436
768830138
2007531275
767008568
1998732984
1601665275
513952765
517641287
1474664901
2043355704
1124541984
37074247
338991216
1860137538
1637321372
1120988053
919431515
913203674
587367915
31716433
1690777875
730412375
1414659420
1354293596
1033621719
2114283390
281825476
1518328715
1439516088
1982728380
1646103021
667158194
1108813063
236015649
1821580699
290186582
551716295
1123309989
387109619
574926032
1044672036
1764549488
569336765
1973988549
50635762
1808976627
1274297280
1554465661
1305671015
530204061
2065052912
1938996111
1531090494
874961818
1029408853
706298501
610538967
1636876912
369654929
1052458133
1396547108
636976209
1540590852
1080972016
1606072405
57373041
1818142148
154003222
944269994
358664750
1025812343
1842811273
1775995744
619729485
277644814
415450700
442479663
1791235469
1053877972
571699159
1490150713
1523332160
1521078098
2078588369
2117416889
1258290335
1404483333
1110668869
715935191
1928870178
1744165423
65334381
407535954
1860298143
1411312634
1450868436
64705622
881579232
1101725376
289063139
1475221134
1240456801
1911291406
592898739
850824635
1591943883
1856406880
2115761919
1338257994
1221104696
1407219337
521669138
1923482437
285635962
32072971
421856649
134272505
1778259326
1874734216
998961872
1201291553
1441015044
1889860049
193048959
82281355
1718297405
238623117
317678847
267220842
1654643076
1304727800
1709859127
1732124110
1499054710
64190285
328226879
2022128272
1543295411
2024089369
1040241759
488771962
188877742
891672709
2132731472
126570137
1155263877
1090553054
1396520432
1702846287
1902785983
67653761
221539442
110104378
1731640300
1349039346
175227089
2073218899
2020976677
1403513793
2108406915
1489019472
1296498039
48685127
98928530
476123634
2092717508
115746848
1377343510
877502493
166224430
887372710
256955171
562946906
2019673255
215615222
1237985834
383135786
1862920003
1365066186
136838725
1893134016
1498432807
1125786794
984152497
358504351
204508793
330493673
1869720416
171959386
2055277673
1354035956
1630756562
117929574
230549878
145160914
2131963595
1803106087
1939565350
634584043
1745292246
1211479017
2002278077
886754599
1443883344
1187131722
1963822415
1652464894
37991016
1249976702
1278414391
921469714
1310791056
19663727
2084329409
1740814720
241973948
330143444
862308078
2132684970
1110337403
1657048185
428178326
601528626
1815242536
1602803521
1234169863
2071719152
1305633353
773104415
670776599
1835566027
1248692206
1263902825
1507743513
1841577274
727662163
1521399813
1395786452
1450050322
1709329664
198356604
1018277606
1453002343
1354473392
921615700
1271773247
718208177
1207771324
210253446
1478551276
276275357
400048588
1580907532
291613688
1948666404
604189960
1376196265
925375899
997119981
504408704
1062859423
233639091
1221882527
603856292
1755160733
682247799
1715601009
1164041686
1325959358
1237751577
460081649
41752854
2016605632
1616565614
1495462710
1160041508
1381743385
1115573091
603529381
1377963894
523653123
219244368
331577735
625806058
551097057
935974979
1560794554
564689452
1706179852
1993819078
735962565
1952829761
1974372739
601921110
314964148
1214438716
514118052
678862083
2128575951
1850605249
1074906004
2034275815
558405210
233725816
480710202
952243406
545068955
1679065974
1136170133
2040997571
1340222160
1237535913
311720427
249221513
563655103
1106437001
2121920594
1683271791
1898457149
1633819439
362018692
1797163809
316474718
1908880481
1972199371
2051591855
183084904
1657811398
1066881702
59092462
1363634902
1011213773
1924500462
1579106622
1182687349
785643426
756202476
1130516835
726832424
1755895838
1304842830
2103040053
1275059518
1477039340
760788727
69113622
1202788288
1146627980
592752892
281068122
49243846
19167421
685453505
120992324
1312493442
1106166337
593898141
1403594886
1406926348
736739194
1706262007
621385163
1642214291
787075059
1465715711
1532326286
2137502975
273886083
796273720
531482099
1898744638
670592194
625138949
425099471
1604974995
1276783245
964044922
579654788
1076289125
219415657
1759422687
2029830297
1480589840
282239642
841430785
987278223
262115879
1721599771
1378311027
1722984771
728676636
1141774099
857755056
113469165
880271514
1442353996
1273057945
2135952769
1900075787
328116295
1898770909
2121161907
1084066411
733188479
341952145
978786254
933549240
888460135
777505866
1999762536
754598825
1325776985
1540077792
1017678278
118630900
1839895413
332435852
731507996
2110713594
1972197746
52793078
709324055
1523952538
2010727150
2044257550
1820663219
633519305
65874634
2061970270
815180506
290784675
343240245
1964765892
1778175409
1382416838
1205896643
115520028
1787985315
810053951
1972696409
193459546
1615022130
1933384707
1415055509
447544157
1139735033
386413964
1977057381
428492297
1085113400
137060630
1517582930
1758043709
1809764203
116571451
1531890549
1882512093
1782504735
570803697
1528393187
1695350659
1622243267
1014015662
2112055644
2032445500
1396407705
1339277904
320048015
1270857036
43799274
1251660405
556551908
1769061278
250982473
653304285
1351422678
1022123148
1681449919
564047484
1364876372
301138890
1674201647
777467630
379864429
811846874
273623545
1182394096
824873494
429984818
1791837689
1880546541
1919249629
789110285
627675725
1228782209
163163766
2075017591
1959040643
1421689211
1510333180
1037045429
1471060840
