230979695
71129778
124532282
645594
1667715841
589540716
210994139
386340184
1649531744
1229724234
1974868636
1742859534
622637524
305024903
512146021
446015698
1178259265
355105106
1785934945
452501165
1552355727
1217756440
2063267771
942793301
1249616549
209539430
1138620318
604300163
1533505926
1169632014
1549098401
1909047513
136851360
1525848900
1115683393
1608666007
937710000
441770313
1029074966
1434854231
1630026757
1266456303
414107038
136913752
1301181018
978143878
1035274084
859127924
1948171316
786107296
743968312
866682881
1475806208
753601292
726391802
1640166604
239723374
1305936525
1099964788
936405165
1895429891
353955143
1310786139
1153438929
338453230
310937875
1384582241
1654024653
720795661
169526141
1454691372
1810294225
110705635
1996692487
390488097
1853119073
394346887
1526416681
419251374
793951083
306664025
2135327179
1008970457
104850323
932817826
575239253
1261035681
806202618
1420976765
1436159476
1441544292
124504071
979600637
79793029
1991505893
1995515934
671480099
1175207633
1713839066
705364363
1771972670
1311097429
1624921390
929397248
836599314
1496019050
743069526
749103005
1074294546
767592057
1069011893
1651731829
675103279
1608424392
1496926875
1299065421
1879326017
1331182504
1317685692
614994360
729307694
1447452708
1181920570
295481530
2051182302
1974405369
1886704388
1090714499
1298646963
2125774521
43782457
701899035
1345716407
1480996122
324216341
1800006985
1086669014
974707105
1350833265
672986330
1294480389
1451803311
1015804081
1429725673
326936048
1409608584
1638341108
1523492018
1379201740
535953163
1356348159
809448606
579339033
1472149064
1102223545
731874601
239291850
312705567
1999007995
433361009
1400528713
1897327246
1990006585
247063699
980181353
2089629787
1153435065
29990781
1601665363
702860260
1836222710
1885357807
578865042
1230551362
1064435145
1011457148
428739364
1848150248
523073890
969095317
1711891521
1030673685
1563345546
1847772532
739938106
1189902566
246573096
456466750
926887675
1606371776
1778551015
1007502471
1692989118
1496767191
985590250
286387077
1153198821
525023536
567234065
1997436838
270926607
991932805
1944479338
506012338
1773720651
1874100259
934443212
304432566
864570087
2130155379
151559451
275044495
622348888
1646834326
1824731305
2105386285
281085233
1780056927
535932554
1431403156
823420124
597208603
1481659687
1825285967
912336605
1396689967
1301177904
154796461
825286102
1785597574
2063321645
1824074911
1759909203
1409443528
1956066067
320957857
1088724011
1057711287
1633050496
411348859
1491192617
997699650
954641328
1869649563
51945188
285804851
7672443
862545758
1354078768
410319026
744277854
1837736793
2000322503
2120926291
2116745278
1320771888
766181993
2135072833
275630139
606000729
1615075823
1115638760
1284548020
80840988
666691879
136693049
640111524
1528707084
508753370
753381885
14063042
525892159
1480190424
1141691522
1822440019
1399711302
2115376167
1470373929
1957059974
675206586
634602084
1320626080
948787785
1652553901
903409976
1323841264
114651092
594054153
1805451458
1984767351
1200206072
1863602695
1713741936
530904150
734176880
1384681382
2145356701
918091033
1882452343
1914601994
1073637143
544361098
1745127180
321791671
628203792
1129040845
360560052
1821101032
1362555301
881686987
599268291
77471295
218381696
582069835
2130750727
620179090
655939984
947876977
545172557
818966968
1978715637
918345806
1463012593
1448499487
1723267907
1136400229
832075683
1666868276
1197203484
285466937
1145952138
366242804
1863450820
1026313241
1983697328
390030596
1767548601
864379347
2064052707
2035175975
103531003
686735171
1926829884
337442998
137614285
1313011945
1816437863
1678285636
1101658303
107304294
349839203
682495869
1718365566
1701304431
1590834878
1799386502
1758381146
666661128
1460132266
1050200012
134547121
2052234100
58975393
2090382713
1605264643
768578421
779610876
1428048283
1318317543
1637361191
1372478445
1013612243
879063719
1168672059
1891612102
1223960031
1054987777
1762248891
1775091784
385766460
247104058
2145625543
2049464807
1883298246
307054543
1256650249
1640323202
1001452539
360738606
1494091907
491496104
349539007
1181057195
995596545
1214713416
1462964044
1477871145
153585947
79468166
355769795
1787532509
1578688300
612440891
684105962
597305015
1782046014
528622115
769351592
37025020
1293455754
714665489
1159721938
2012584184
1802488869
1596360265
656990432
1468707202
1310692441
806467319
209654951
2135274296
504754169
1375400002
420193192
453132227
1545069754
1998310459
1202162132
1616955625
1820584442
1705218746
1313338578
1558130337
1437218448
1069294345
1509762845
278434699
1037593170
525746962
1916965914
1241366028
1740066551
587070940
479493445
119123157
1632389656
684411608
1011318986
1518178856
1193410448
2098940192
1025812106
1741316069
1969199288
1282112334
1611854057
1851936157
502631817
1288806401
910270374
1989593231
1575692696
473251708
2094571363
851748926
661270114
142105926
1906335288
1429842306
1705756167
366491082
268963005
1262610906
710120066
2138393500
1140295985
820352882
1985362043
1239562380
408237961
1342169997
1326436917
1451073725
547865106
972871314
1773936032
1256092857
519305385
902173555
1154550115
50092632
1829933264
1987062976
596846571
1290520099
1483320184
2071314632
1170388645
1587415195
1960213154
1488838991
1847951244
1213517130
1910632411
472087073
1747780294
819617531
1768117577
2134351662
2060907575
598117833
503571524
905356000
599321307
2000492034
1022102112
2090597711
1953602446
2046462201
1513000138
478001706
280284496
286058351
1777327436
2110743961
717395442
1174866959
1804817192
1242978066
738047658
1089497177
1661734443
446734663
1892013100
938135716
185453442
1987047711
1610112642
195498530
2120344860
1263350948
1281786200
853691845
1282083469
214681689
2032755543
1391920919
1589507529
1716539861
960643282
1354164589
2128733139
521881562
1068599622
1538338760
2144852972
1092031828
1651907305
687056455
1177032517
1802339665
1650790526
1953855888
611151338
1466822062
642380858
1488199654
1267324858
1807866792
1947045103
1747067744
335578582
1123438173
928382979
733604936
504312534
740662331
1745834557
746549820
75462191
950594713
2589450
398857574
1214298636
184608989
265810155
320452499
278911613
390885925
290360145
1954015350
1385375091
1368557795
1371257192
414538341
81136030
310489132
1591388653
1396369182
492013499
8494673
12085283
1698530470
1628918898
1526326616
732413039
995989567
1481112381
1076652824
1810414086
1899227421
22175645
1578255408
515705664
1621095834
1921710531
419132764
2079203922
2125670818
2137994807
1569718082
1660915355
1405729694
1831717612
868422684
481534741
1249263839
166862831
604226044
1107138175
916916606
796321878
1374956294
1277944789
438697480
1926359752
252819118
827229702
1919111026
1023982916
81915850
1441021415
960480520
1346728706
1143357225
1931425874
80682051
668801383
423713104
1807019425
286618734
492440346
1446568896
295872075
1392190130
318466074
699034344
1637690078
1125471057
1573517348
159868021
1697815243
465547318
724766118
698670033
276752358
1560714210
545299087
417916746
390686421
1723470166
1371170084
136752717
648752115
304374727
532664162
593166513
1768468136
219486332
1264807957
1751267627
2129170914
459131606
749423701
1581377828
33191398
714908193
2129275782
1027977615
1772260953
845038802
1428927677
59118528
404621823
1162618519
751489080
1494815660
1249783003
1308622778
250397250
655455869
875837152
1852863695
1489956504
804976573
210427742
1700738401
1227217821
369700947
97266976
815317637
2123167878
1442167419
524552980
740828849
1355296198
1918234072
323205459
1688445165
690637319
1581465906
1023463344
1871323460
1745148760
891188348
1340882027
1842093036
2130486025
652859055
750719190
225185830
267759608
476203825
692498576
20307912
124861711
1905667608
1176298537
1660389846
1907055091
596537417
170481740
1387309342
975960219
1709676881
1980335954
2022707919
286099829
1948711485
1132827137
1166146002
1954078117
1750809466
315340659
1696675095
1145899741
1379123480
966903565
387753094
1583434336
1341139090
398253241
1797298855
1719901927
1824837935
382772434
1697067423
957487296
433576208
1175985361
1374137898
1316793268
204816043
1970000208
323112606
1077343057
2025751322
39292415
1928697265
238454968
910302757
1161794162
1949598262
278302751
1368991027
1010334270
407635846
378665971
78872307
1673151559
2107759738
1762523121
1761718598
361234399
1045864946
593217587
1479399021
1294548428
481377897
1003437300
576377969
2010410567
257716020
717525922
1828017696
1439246033
1122838229
1969838419
1454395077
1670057367
642016280
194551749
1992045026
740850060
1011700875
1948335420
633489087
1606577117
200995977
1825442001
805862513
2019328874
997800743
823606218
1728112826
1614452979
164357253
996737017
1123846101
1673415954
1710975798
474430737
1522871380
845333404
794831935
1869692228
1715273945
2092456435
1274803722
337041009
1455682515
2096119870
1990231469
2018475901
592618439
149709800
1471809272
806132548
1504203838
1898913102
1023961044
390185809
1499481259
1216220884
776446362
1243655653
510827096
1663899559
713312222
973599603
365317236
1868828278
1674233351
282304786
1163466760
24697268
1455856496
463717679
752501716
2027537602
1734476205
1713370857
827918288
1175290387
2054642896
594441407
1600931255
1503213975
295173442
1984300346
841139459
337173786
1396472768
962148879
2122966756
1201653663
467871674
1058853171
1307934562
1586621583
1435219885
2093010827
945619084
2056756921
2106558840
1253681301
83243162
1671390438
771667227
1559162026
1357122720
185468350
1376886675
1902556598
182201859
1189068991
1585977814
1418582711
302193373
1670742288
246325853
1982635241
1745148875
1011944219
1935977636
1982153195
1787147051
1589524874
1185417051
1983012376
1375132478
763215426
1651424951
425725382
1633661944
1557309207
711836764
1647860629
283333786
1140582300
1397597885
2070592077
458006623
40814047
1915106933
2071854762
1760382459
1503666504
1700478432
381598886
1245526525
692915173
1421287487
395816588
431552893
419674111
207170874
240739399
1683847330
1659518878
401586391
1098461984
1045247611
55717859
1286056127
1772302969
258103180
84279399
30364759
1161773909
571630328
1890004125
689501739
1210853002
2070986734
198816984
1645485988
775704833
1252144050
985696957
2113458792
43301411
421487244
1053624850
411629467
560867321
527366400
560362222
568159207
1246805000
1157029067
2089465100
1245977934
1606125190
949075377
381437582
1100193363
669174630
1696566418
335506528
310614921
1370180369
1592673081
1075335995
1204221781
1908068948
2084218517
1795798177
249360969
393744448
428674421
2056375731
1236702100
464000433
515950885
2005223359
1830766105
883341586
185738533
1743876314
1412465145
1687184754
1374004397
1040029715
1865715967
1921961409
550284144
484658786
1062756100
1158477907
1301234288
1185668697
1225316036
546804156
372762078
399821305
1112877979
1860517554
1019097988
816628457
1034252305
402769857
1221804753
1440159524
1390247728
1143703713
415017985
1449066750
471757841
1177259379
264240770
1983461263
874410603
228040862
335971122
1738052495
1214223108
1332086127
1886268669
949419330
1743324815
996102417
2113026760
197563759
1596884361
1944040406
368967679
427765824
615172511
2095427310
1037570116
1143299785
1502686397
758794433
1064803977
1399358079
85138852
1659455028
544275675
2097384848
1041440711
1867392223
1655933043
515497359
1240308633
1454840470
1211666872
742013238
862098511
14711177
291299814
1551929973
314900039
1160150200
700631113
1844369020
1352161050
1418181763
899276689
2133987889
688888397
249367595
738839994
648327478
1678078041
1516755962
1806993554
1597613563
1354630567
320252578
699740554
1116896147
1888149128
810760897
2132641513
1680296123
1437109432
1601341537
1358261542
1556404633
1301948017
1596230570
876620071
171030141
428980570
85760370
1203498914
1087284404
107642292
366025249
377493650
1292398179
388285021
1545744315
401656767
2025366433
187253486
1640582843
1256631266
358516038
1894116506
1039704575
477100374
543050995
1271139495
441674055
2013129072
965599927
1957356161
1906779895
585863672
1820310117
1624105909
97679908
1347305672
1072928799
1278492610
1591725857
1782745640
1956808547
1806200118
887697598
957521577
28699352
1764059174
42772758
963320694
1866416558
734769185
803307954
1780016508
2085156303
249222181
880390049
1734905118
2046821576
250053275
1576905180
312917457
620891943
1426708376
1559443179
200859172
168514094
1149368480
918630543
1660245580
1689311798
2112473192
1051435178
187877957
1436677667
80179747
1515508992
550253990
382286612
199544571
574653078
995424917
1450991575
1697110372
1691508362
1259161147
30473061
1605151150
1688192489
988952794
591291534
874890209
1707621024
781984921
776199768
2085322156
906903265
366662692
1129915721
1826682254
395002334
1950337070
2071410252
1694239614
1630678178
55930449
1405610643
433584352
2055173609
2062229542
610123966
2032211234
686667487
889552149
1943779258
1562528097
163877398
1273469692
1894970322
1108230118
1311857129
634149667
751270844
85656623
468082949
1021524760
2028977581
1432831554
1963671417
10206995
445405928
2079328346
358388914
241588837
1256290953
1919902479
553080622
1528456714
799566858
174504890
293538206
1407122908
1807443913
944717187
1500527697
27850210
1240666105
703392853
599547805
148865626
998262588
590228532
1372585511
453492574
1197839279
908283296
457575842
862470616
2108613530
2075877370
1268904085
1465096703
6494024
708379965
574147481
554565928
2011714744
156238020
725236011
195347195
1264293029
985413055
2042084152
1025627470
1396177345
2105463637
615296517
1942936527
1410214074
1278192585
1913935179
1862263111
1631575079
752659247
1006891756
1882504171
600845928
418449427
1908229166
1184891924
1057664646
1542455249
1663663682
865345565
788857343
1965517776
1504516260
262048343
1131578543
789947823
640495424
1462073044
38138912
94077453
53717786
840599513
1670610842
1545938964
1756967821
1348590237
481868994
1009708946
2103370138
306272649
2014814559
1748994512
2123167460
1641183091
1831844234
1154181568
1847731242
840953098
803259369
1515063848
602685309
439562067
85638561
251787151
84268509
1948000009
203787779
949704731
1803600913
2130036077
1957711536
233067438
1702891097
2114788824
400569985
1974640241
1542865686
1534285877
845180291
307613437
720449333
2115834292
1365424390
1717213469
363031267
927330496
738866211
1119454374
2027490721
604272406
2051101363
1739982902
15177959
1767238498
226168492
378026736
1670488342
879280044
2138940008
1209611117
784343281
505840574
849901756
1704650185
1685514679
1799321860
809986818
912188880
1339968976
1204747568
2094057247
1551842934
725770831
1009670085
1722188553
152969706
1592265679
330839584
1159587391
511286851
57566189
825328751
1990406119
468025007
1538417475
178494158
380526838
1755948759
503748993
645596423
1232525311
62234284
687104342
1409479520
840425550
682134291
637951426
1243924314
977361160
360557857
2105162692
1596140922
1047312048
877672431
639412420
1155860654
1589450865
912029887
496030123
1800023172
1006648743
1410650120
1886846152
1657332138
1517136966
1254687661
232158721
1053813610
392591088
625580660
1554575756
69621992
1685451535
1856861026
421084581
2079571854
835415931
1134645944
1260120421
915789745
180416890
1468587973
600277684
1292857488
589647291
780508770
646942698
1442627597
291893071
1224972498
1242454931
311095250
1026919180
1826540626
1729168386
18935235
835799178
1586873621
1466090327
1272139496
269513665
352600800
316418807
728103315
1325947142
792043583
136343609
1274283105
1811481285
399016322
151108898
1125129538
779756150
929114557
1929485014
984866574
1002541089
1797037976
419470602
523409375
1384467184
805183220
1028608376
907142223
1462081672
1432859966
255738587
177253411
1702440534
2042412731
633483815
1527130986
1467072054
1647209797
24925107
1751521797
1210799195
2063788997
741486929
1888617562
346065263
1136362910
1745554485
1187118541
1377409745
1139554754
632139630
1001854685
945799740
2103972234
1778915317
1283171190
181875572
1011253314
540722011
1618338047
393279529
91899339
57345807
1630104114
2077539660
142480374
801103611
1215386658
268938336
1689031060
1421666601
402595777
1765641576
1656145288
694164102
906986478
185973328
660606374
992325521
1648690755
148651430
450923519
1008136735
1462146913
1938292320
683161191
1174192703
225010808
349521470
1428660847
1031810414
1020682430
1882141395
1168789312
775720701
1721485430
317773149
1111153063
1492741201
760390087
525021207
817027024
1187465514
1946175731
1651360303
1958706643
1662380406
855922452
344804631
1492577692
345253052
39789844
2060204502
738877719
819958518
1646014572
47033788
719039206
1783109675
36376686
1665317843
1053076048
472721202
698537377
404999733
451303071
1006711691
458909449
370341370
1231174607
1140545620
699006330
1280762810
140707105
209876026
825250264
543282497
2119654308
1249943731
1219882926
1583571055
1215989262
285057793
208145459
254569132
1192917638
482455200
1599034835
1409332972
1050573232
959309190
985067382
119048656
501891726
1293635494
1080849040
37025492
673041835
513361197
1592014235
571464236
1453629186
667521400
966101343
273043612
826945334
94738436
324138566
1686839783
682357187
2032550394
590421093
1542828179
1401727829
452538858
1145033207
1287786135
1884283643
558222188
1156089652
313298792
1895703088
859446713
869763059
1237278425
1870842411
1536547263
160253604
12953594
1496918541
938911174
196525800
418438198
1709959658
1895803702
268272743
1100434018
1505141657
1031901487
2004741054
1423938322
1179877639
1924755580
2019991163
1287309036
1803534624
142912769
1425279440
1701741625
1512739380
951782339
1215910916
1363647039
599187447
1936663935
507687857
2130971096
1521120516
1137639903
1091372602
1582284324
528515328
1277179160
1797421506
1102289715
1201102856
537300023
2084644522
623075572
1166192204
259226094
2093412706
215282404
45668781
1198536725
744074394
1636778452
302021399
294950610
1843000893
1164110169
830357732
633537289
2061578348
285006065
503741355
1286376497
1643850433
750101805
1723766909
761394199
293881591
1092627165
700459018
389654942
1615611720
1491142236
974913148
139162089
2110404689
1991767409
747658786
1881476313
1179551111
1459575445
822176475
453761385
941165448
697749041
569023757
786060767
1093169904
2104980036
2081777836
1758321699
1990407183
398678054
2009958307
838164530
1690182428
1491294679
723666917
2116986977
139863027
44810730
1005364416
163080373
84287680
888737377
547182031
158636004
866603863
556966295
1119116445
62164158
659234687
317273648
1508744573
1264848677
467169575
1427024201
694936361
114109917
2077335183
1380532093
1761045006
732672669
1853001908
723329095
947112590
3022350
1578079763
719223037
2143519867
2005526040
1434022708
1559805398
771386678
103478931
654700067
110987006
1334908040
1374504253
1166243313
509627836
269538122
1956285516
226925870
14812397
1465833591
832910296
1312570555
2114201420
38108215
817960281
1790298474
897010613
60360020
270854471
245343892
139544133
48012809
432037639
1707915733
972996902
722937208
2097961347
1660213467
221798690
1639153119
2074480910
927275163
394638150
1374033909
1634800547
56966407
684204887
441330114
937455252
533034002
193485465
50473789
114347955
2044196204
784693328
1950343377
750748951
1800294212
1464231066
677526583
1447169076
799323173
1735633223
299831769
1399213709
1515918674
1776055552
808146704
504011711
1912408412
1324653923
1029732995
1221773809
1164454295
315874349
1891018996
1655342722
2075663303
1879225343
1440528298
1229568910
1240686882
1459108136
123020746
1928608163
1943094451
660433610
337493486
2098043386
901959285
696414271
1943129849
1284706342
1936213788
1224062338
1885061049
747795792
1907113936
1578414656
829672678
1766886164
1625706335
135337918
505189593
1352619057
195455477
110459562
971546919
566105642
1554749734
1749150099
61083897
1205886006
1519564009
1436425228
1948938831
2077452318
251011751
312225280
313450784
1749236851
1409771615
1610512554
1672894643
993414869
491384636
1821396487
1566317909
2001261981
1270556833
1264392705
2093090598
294143210
144159041
2142474094
2011814428
1380024138
1410025523
1433111995
1484384537
706604727
785406675
2102657625
499777415
1945953849
1824022530
631315148
485639036
75689636
2054697125
1654901884
2076347225
353273361
1129702244
90630783
781775569
1606887490
157616963
64039879
946217447
145376294
309337739
207565448
625321934
1423735522
1969648993
885407026
883725071
1593601250
157937524
29211611
906333664
240017742
1902678348
935246649
2114247640
857051914
1907115806
1878077909
801894241
1112660327
1000120557
2096075773
1615891050
2037172563
1985653162
2128755314
392567415
2000903493
1816891576
1672871207
5759215
1815064875
1196552835
1769944433
1675615492
1854732536
1633858269
427349976
1816508679
2082617635
560582374
186646290
342159319
597647094
1878769356
2075547285
1340290757
1262507671
538735059
1568424814
991598480
1851465047
1841901064
1748083594
48771149
1504456917
311721178
1883877832
820009657
2025853076
581241119
1160178259
360200180
948017783
982101181
453105671
691403532
1069367460
1956106724
721071878
1751374227
2046852047
1944939518
196766433
1010808161
1233439142
125868776
1897623386
3488064
1373181060
721211247
1475740577
1541375431
1506550747
518528087
764951656
725967583
969440695
1969542391
1115112592
1910534018
838562190
1254660624
1823665792
107825521
1723931791
335514367
1710704771
1608194928
701022692
328371992
1311414351
52624617
1275389930
2038700901
2023279534
710363963
672415414
920029155
129190777
1275343419
1056639563
1438981467
1454694604
457459358
1878124468
253815328
154360151
114264990
955147562
520199951
1472063102
1255520823
89034984
2084785583
939948349
323763232
1059038395
874372149
581722533
1855354080
1966450740
1166292822
1387526814
2100833510
1835263857
1553875644
1393855693
860164694
205575248
952566325
2047463546
114668669
209722004
103232985
1671289843
1339988643
607781832
886315367
2023180744
1008800885
1107205181
1107193757
185040752
1984735273
401899222
720142786
1290459783
1513089069
400281489
733368980
97923367
1807106529
336785781
8828697
1427016641
1275446640
1919155613
1560139509
1452729901
1213334953
1399117104
986412049
1511692080
1127006603
1587168579
1827296209
1195340574
2050778804
1911613492
2130563092
1823131160
1259579904
1843144522
1710205528
732131725
480163855
534782999
928511857
237951890
184963375
577828572
1239474195
1362071087
1931486573
1705204540
3984922
2118828316
421768127
835956202
1669669132
1299850432
2126339507
526069851
1849425818
1952235864
1361078787
1631292189
1921008552
2005978364
1552836235
998624184
729264487
985511521
1455840703
548045101
1059085828
302274840
234909272
188407008
1268327824
1026029061
830786897
1972632901
506097642
1557111963
2009276311
2043356055
1232740687
1302449132
1109178878
1692053603
843771325
665758472
1403485469
477401415
1636201173
753047325
1962671303
1895934535
1604485755
1465811613
1180376542
196290104
821718495
1728927941
333316893
139893331
452468812
313791139
1622217303
1696114295
1525768784
2117424093
1066516344
1352790847
1767845607
1699379158
1486492315
506730452
2041471963
521176967
11480952
2066257518
510404459
1832874647
1513410438
941264043
1583174817
1033030438
1071287423
1643247544
549163287
410497812
573883062
1604966718
1666206751
3593068
1824272715
218978994
2121640448
377328963
646918632
517896900
1931188495
414637424
1922219821
1143478902
1840443966
292385293
1840162929
1970084801
815677311
34455498
1384908535
503367317
63441209
1785130130
237540877
1121532983
157805316
264312437
1371009672
1132285434
794051270
637715603
828006480
1169927583
1141145749
1535794212
1488050821
882548602
1827237795
1081769249
556396494
1281460107
2096059152
270177514
1334854246
2117651173
193678156
148540776
1545628586
1153680800
1683362172
1918568943
1957344178
1179075601
1151456858
675689284
1679292596
1962135999
1106653396
897831177
1878147504
226085899
33209012
455350130
1153277811
174987282
103126477
90613075
233557835
856769002
726773354
32130623
2042189375
1048283161
742469574
1016320380
938590624
1935099838
897884463
662789530
1015723671
821165883
1895087986
1766270507
1039594932
2093817106
1611739175
212524125
80565644
1295161822
724252145
1300881640
129462879
1069760900
1109705501
1138087118
1919057214
1298051707
781535790
566231248
484761715
1066680854
108265370
797213194
930373412
1003731407
247788798
1544218382
1843051360
1760397359
2124974751
1795744385
1280442327
2040421756
421973124
1585956742
322695072
1418577534
1296571188
1217219791
1916243024
1506829556
200228276
776386713
620165981
441736073
1854754069
48965011
956488550
918077582
1393516344
180544790
804706105
489917198
412929
999496313
1683278001
1785518157
1253747621
864875372
1940554605
318611505
893715161
1412610507
529181847
1185141668
1915357760
1059261106
954562841
201177491
533566261
1071522740
1512815288
284420966
978461537
168790423
864941357
545494857
214880875
1463926217
1681357579
1559235299
369959995
626963202
960279103
1918408620
1065114362
1644183294
49289123
1009016730
1147687978
1569499687
726996530
701729844
1045833656
935238140
1567960358
2065728388
101221387
1355908270
45730680
1705221664
1295519321
1418959012
461107056
1274915940
892067949
1422866958
1925350824
1661103160
1023617248
549420119
1502343992
630349798
87095666
2041389863
1285376575
1778043498
1337493252
638479707
1198043583
1544244572
224121582
1202905776
1233163712
1859012668
1307932967
1613231717
1155383100
189541881
313634474
1676221108
862281936
991701588
749729976
200141141
406157998
390228825
50257679
1230322337
1629339701
745818748
2114535560
703978190
1694164378
151951693
325688037
1737543110
1267501472
1231725616
1876316579
16966470
676030684
597460277
631604583
1788682500
1441511739
1838518205
374635541
1714258332
960104533
1155592482
929294878
373101662
1836176602
327461266
754978380
1729272391
1499597083
1413651353
759010281
692802854
824304487
1008355225
2114625916
75029718
1339498158
1582259409
829366407
826670170
1135942426
1732336870
2052482267
1607837520
311109998
479624040
848261671
444175892
1494970395
1951694353
372038952
1511962990
1527426338
1602712204
802015719
1477666358
799679046
29659998
2096319246
146032627
2106175847
681136183
101760842
55876211
2138835682
738624661
163364004
697372373
713455600
839390555
266806847
1143296090
578107039
2124894919
881945837
941659127
2016978662
1350602524
1806828968
375869920
1892672887
1031111241
1722397475
453904345
2147042656
205181929
274984433
1172732105
501613835
561478073
274133281
254234543
2005652331
2000204286
119051844
891299570
57906701
2143802793
301193021
2144527565
961984737
1161237323
583316587
9490517
1752650488
1693051465
982118962
719743028
1716501080
1539000507
1445298372
1983604201
65962151
625550127
1230350639
1134727934
1283341421
1178279270
228341102
547329104
1691248037
1089736552
1164170952
1000140630
1108336871
598741671
1695112951
1889482149
1766962006
1396197614
1749314962
1400143254
475570980
313292833
1998626848
1263632608
1969552279
300168085
110886270
1501823733
1228835075
1307600627
1557527651
1928968566
836389123
747075924
1075208446
1027266144
800188283
508245819
1519705249
2054654195
1451408936
516403137
2034871149
361901463
2087705337
2133779544
1959485748
1875831068
2103953335
974280250
964663388
1544270069
1772652746
1880642296
438733943
987314491
948531372
128522120
355497395
680030645
1521080444
1338513614
961614358
65702715
1324223311
1106136449
1187278889
1200570251
2076234004
388158300
1226903740
1525838584
1572523385
279693816
107023339
423574557
1905090269
1038210192
815164040
1120230122
1522857665
1036406557
426085443
1799121719
544776999
543294236
2123296131
1795380795
653395421
2076138771
2084734139
969937115
832311664
1216268657
798894645
679486627
196572266
681614680
379126128
1542237767
447706576
809193954
1185647717
983668260
50607721
1255840835
1365656789
1905522448
1000913057
2127495409
1399346470
239690180
2131662769
1128269920
685782195
1652427914
893614078
1255548513
2144910055
1528129205
552118533
1856149301
1816631255
934438524
667228450
15626594
98863569
1665655810
877909208
927102415
1214929769
1391401533
1957066229
1841703941
269311485
1081877462
1180707566
961707409
1268240028
1884530515
42290127
1096225478
1875199816
482038384
228021874
1210061875
80216805
1187764607
1345876681
1336858730
876302811
1648965181
1787143607
1243325047
1573497213
1316628426
1924126905
1505689735
2132702750
946942384
1997650903
42343081
908362253
400565039
1968556978
530365289
570018981
967302387
2775394
2000636042
967181927
1326177811
1225532953
801047585
335485855
4454854
236205127
1398904938
623316838
452908704
623567014
1123609545
1998317206
644449203
1766712168
835943383
1286861631
196146132
2121855680
793478414
527076602
514246625
1521382913
1412066943
308227906
803688512
1241966481
1499663168
1699412561
1865202967
229910896
1546863888
1679044547
636335161
745941834
786878811
1539955324
2001316488
1992963078
931758865
548146215
369118567
744125540
1524410044
187424400
1765463777
1523816569
16517747
1386641815
598740387
1810152104
856358108
44328007
2134375239
295566815
737845783
702618771
1752199696
1311192988
292234969
476647791
2068344227
1644247695
986044634
522355475
1347250281
268106044
1052587392
675874053
1671331487
931524602
417306422
997273102
596071092
1579740440
1801281724
1752739639
963178676
2143209771
20662257
87456456
1051761436
1191842087
1979908742
1716538194
799366681
1527851176
1847926486
927822142
99560110
847759518
1154181497
271517602
117616294
1416685878
1215391681
2133458979
27308061
1537804262
226371126
1800245288
539937059
906199384
2049033462
1727982642
986058981
1299558155
200440995
1505194331
1573219356
268711565
184591430
880851009
99253013
331449088
2127184470
1661954929
1424406635
108649824
1625740935
1773816171
747180719
1014731182
897584857
1501279042
554617493
180376764
1580667763
638751662
1225250451
60986823
2077236903
1900961263
862600672
2020597325
1904762978
1715104862
1456652397
1676707801
1689291962
1305063278
988631564
215117050
438282278
2047847357
41950278
53667088
1922262497
173909658
1722474415
1022527492
419465179
1539099141
1170750418
839150057
538664986
791230133
927156283
992208558
2070406558
1562851226
1137309080
1359737918
1113746625
1116510593
1966332354
2134317662
50286356
1593597506
545461891
1228877331
1245632724
1852793334
2082280677
1017684254
1192108367
1242462777
291275636
820853923
1700349216
119053858
1769328428
427060810
650941562
683457093
341712341
278444441
1366191534
252979010
560296025
1867966994
614844076
1613236353
2027197739
63564464
832900223
1129403071
440315375
207477845
693332174
452435418
1992147622
1810861863
335594928
1333535019
1365327291
703574574
1981327110
1690162395
2040051151
1766433230
342905034
682074044
1671485827
2010401443
43267222
19118493
1702088120
929085378
1817930771
1342447238
1906850696
502997449
408831947
1309726095
146689147
1039590849
954724176
324225415
1961491947
1782985457
663638105
1303178488
467236757
1935658412
1708765947
1804226730
586255975
438298810
1579901001
1177023570
1483467659
52653611
1153166458
1880995515
92769551
1496931000
2020967110
1488735923
972121697
1034215432
1484639315
370644303
1446728792
883906226
974332323
961408549
739140044
1536004372
636482008
1662544035
893466752
1251230212
278953282
2041488694
2134339491
1065775668
1408058294
847622879
1857433035
1806931925
2039527645
1994676215
1905248311
1640653619
2034129355
636997048
1487868601
1450429170
1443030374
2147297593
1658241198
804450718
2108536668
547668971
421818436
1912737690
933610442
1314909529
1868215446
1525374072
1338000183
1172166955
1030633902
1074395405
1729098246
723736829
1812594784
1096338897
1419362260
531444595
1929334210
954185176
1065536006
489420224
609587622
808333881
656275093
976491459
112111942
931206810
2044140999
200677781
1255453296
686920834
1761640086
342274634
1923052052
1026427690
2065893168
117877451
1144479697
188112031
336733877
242998341
1809870852
1902921905
1744154795
535968706
47002378
268456779
241611703
719849289
679213192
1402877589
1717029134
1306601314
1369754352
412263814
866975958
1272916550
1745616235
278895543
449857571
1159926311
1490970143
560400864
1802045440
1037624394
1468876306
124332402
630197747
383044836
317242357
186846939
583019673
102887499
2104075953
1388701838
457154871
764699316
752176814
871274070
973197975
1962118857
828255925
1757890014
407284395
75712018
1196618075
1108462337
374981723
2129440999
1071224701
1034482848
114246721
1914017348
1936100236
2095299490
1540651601
1851240820
2070263822
698721994
923569979
21345704
535998968
1351336707
99767369
1908376544
1029786186
298863023
1323676846
1883787180
1663985800
1419249919
1452098512
123087855
686561425
712639378
67151728
692094461
373986880
1429638281
38960973
1618115308
1685335387
13840296
2088598910
1213233501
1951507823
586858491
735146585
1801964790
1164948325
1241139100
1681305358
285304539
1767411173
807434903
220456645
1875103286
547480684
1528639199
1025527939
1803078967
1933320934
1600300529
1814056667
2090676818
25167877
1656529513
1841450814
1836115624
1024628913
185459291
297284347
1766711299
1623635489
1632743054
1005688845
682902046
750633351
692531137
1188446349
1813752762
1999846372
357242670
831638667
350822910
560310127
203756315
2083711813
415460503
39601793
1874682328
1793392243
1131929379
1633987360
1388634463
981598931
2100086359
1139454446
2111129014
812548507
1124321923
1515456698
1451886336
2124259138
128922303
562087942
1542534972
650760875
622797644
1708351935
1543498853
968303141
2141041376
6210613
366417003
1612267680
787510272
388628981
1955811456
732717330
1319995808
785232574
834683273
1342050179
2122655426
221315430
1148181093
880071490
1604115610
856620118
961708289
453314116
796950427
1119999960
1291093545
504863212
1761994502
238497339
1248210246
875397647
2115538603
1521203380
1929475545
1001863504
1624861067
815923497
1588378637
1876536335
1285490341
756505492
1753228569
1026486052
575678704
331842765
1563477974
551693356
1543155007
1122281028
1359982796
1517287892
1778004766
1593493846
332011213
128112141
251109869
936098242
1362888285
613681181
1297197098
423642234
1442627643
1020019152
1781705885
1071425013
1571421182
577673319
1602049315
515479360
2127699480
987848446
1092301254
1602909036
2081878474
5578582
345052893
1717020352
1138193628
1093469183
1272176882
1788515253
791619147
1460911993
504639710
1413650859
2008471289
554100048
1996101298
2092310046
359516897
819668690
357101120
713122203
1061869875
1761910645
1972761670
811893854
1986889698
829311452
1461244406
686964606
1168073651
1315271874
562536700
1224414751
138750058
1764535662
1949231341
1867045127
375364465
469743041
1905817802
1385491188
1913538117
525626459
1389984393
1192095953
1841767520
2035514845
1309633570
105083240
134843185
1591556669
1842141171
36169063
485116714
1698435864
1725581115
1390315130
1189346158
1135274661
1633835070
1537410013
1348630048
1825897523
746998136
1172316630
885511193
287791544
327485235
1625458928
1014017961
816378983
317394087
840372973
2116572282
810752807
1076051878
1443315436
1761076876
1338529259
1782784022
1445489327
2102355680
497939922
2103455301
954910235
1965230152
2114090151
70372261
1279292026
719483686
387290884
877432984
1579602577
1980406938
864634016
2111971710
533307935
1997250603
859583460
1182921783
1809966738
1863770034
181902461
1873306642
1342915250
517394674
1277349668
552778207
643646036
824187953
2072156278
2108639503
1643437268
1782422320
1334591604
1596077972
1361262222
1774366168
207553477
1764082254
675210600
1521572504
924964850
1540418127
1053941506
2054529543
2123689346
1708965656
1250510006
604911459
1236315775
1319496794
1052101987
360554274
1619241366
1236633817
1996491577
1924258247
1278368680
581661839
2003370359
306742160
1070450918
1259311978
665624265
1322686914
1242374447
1855727796
1714584803
1750444212
1095174124
2133292773
532026688
302639182
814511868
594322887
1939975472
131670177
1228059369
2042906255
1214655253
483475633
1579096956
272205545
457756224
1070424133
959179507
671737889
763116121
1232416996
1786288201
375796228
248003673
828421133
226039603
1483383541
961026977
751233508
1494479654
17778459
1408076551
1623848420
1321580144
1590501679
25519413
2122000725
1981723569
933434400
663575484
1177994707
661372947
1484111083
1473690415
343301778
1707088299
825914386
2029740504
1317650582
1207366399
237426615
605012037
1396958684
1972138540
1461755002
326408564
501497453
120722877
1601398105
1002232967
327047155
1665578079
754465075
1866693993
1908749161
1094825446
738596231
1830914526
752242969
1637181018
1150829371
335582839
822375309
351992185
463723121
2055450950
1724183861
743893747
1495919362
745318472
519569139
181196191
2042338411
1548901257
1161382512
1216023235
1930655590
2147376844
1187305071
355789883
308404246
1534927829
253286043
1291792038
1119595486
1352138134
1826045124
244904458
1269648993
1749921400
1286956532
1237343269
226057420
1903372219
1826841849
780227917
951196315
1474835398
1807988116
1179726975
31922180
2047372950
1744163452
677789002
435382376
947096129
1215078815
309606422
422686393
231635762
897032529
535024482
2078358757
271365151
692944241
1657097413
982239598
1659563688
804113208
47159616
1808656477
1636385336
2016172036
1542483211
1515803374
2137275749
128878308
108628770
637704613
1145795168
837379383
963860491
207434568
1013420958
629876974
795140257
501067625
495032060
1463270630
676177805
152657403
1698196773
2017326454
1183895535
836305937
1645915977
1075463791
730268174
1786469143
1861254687
1136630415
738976022
674040063
2049808210
872714656
997385073
1351150145
152998567
1148033243
238078474
107617802
363946337
1562224015
2066144145
764807355
1351702930
1005934939
1413606121
195602026
1600760957
52912423
2020936480
1784305741
1731768225
1133066553
98514571
2117286220
547055460
427934791
1372096704
835099828
16808811
232715989
813997335
83493199
2095274174
1049451571
1836284000
1270846623
1061712318
1242128128
1630032726
719266859
1832426004
1503586178
1153594717
30968367
850898270
1845398843
1845682096
1231567449
1761895821
1190531700
1273716015
15652096
1865568682
643224676
1346577874
1137789945
1827768799
646792757
1093104622
1558531461
460259439
1956970883
1295413152
652219202
2143318898
1075086565
981016954
988041326
2099020956
834710748
1701315879
229386414
1132484778
540948743
1586117087
1929857019
205997961
695456122
911775941
765375479
230029184
1051356664
235093738
1229334766
315829341
1714629031
590090967
1129796852
247065334
127652503
1970739771
1283061527
1538559593
557427975
226088089
883089356
1197622635
1454606430
1615822354
1122777092
288141081
1892154506
148897270
334241704
1425225779
819875232
993128102
1006089047
729066170
97675392
919695007
2081051376
1104182780
962275389
1611877664
686472288
972204928
690628906
1970205729
1803067572
760728076
1723268908
1107503652
1601872771
275462089
830627122
878564630
1792174112
1360809065
125510663
621011580
1452866
1096441677
833723054
25193796
748112597
670874545
460571289
1288347173
1850351733
68559588
1312495253
2052523741
862642243
315459888
2033436434
657427546
652134437
620899567
296257903
1615238927
164487878
1828204304
2122108979
928613471
202903557
1125691186
1956875646
894356472
1856002810
2065695125
309606476
2076910433
963834694
1401320606
1930618669
1890960525
1204209503
1294461678
667722806
1460341773
717993485
1919750673
1997246809
1172651712
1008588618
405902927
2016888268
1542775738
1657088471
601342884
1476725711
701478155
361525407
1176492672
143197758
852063436
1798397146
143257356
687002445
1675060265
630722724
1555918364
1098778533
284589161
1371453667
144790336
1117443062
1773139533
2018790163
963796767
1691309569
179015939
522790800
1255271568
1434100753
1966839272
1780786174
1982750827
765314691
786280307
504690057
364915525
270539141
1530198834
1388526528
253759132
1973861222
1657015621
1047459195
158830411
1182714293
541391427
171432534
1704569333
1568106416
627215238
987546564
1237940694
1678207208
2095942809
85656657
585882159
1317679670
917398805
166825698
1789986948
1328823641
921901479
378951318
2107373993
1673884428
54794422
1159506645
835295511
82504272
205082635
1611276978
1365137914
1902697118
1766627826
122964693
1590349097
1810070736
1405053695
1469419519
350515488
782070622
630612682
425467355
714672860
206977711
2094808506
1856268021
1081217812
941583083
1480349424
581519663
1645367406
1452652106
1613834759
2083123062
1594110793
3568035
1589466038
121078341
6755367
250653141
871162785
941503213
653406005
1089653513
690140115
1058515388
906730745
1927244058
1319642294
1663462243
1501991144
1420682757
1603076521
549069304
1452342303
185167540
927962668
1841055372
706071812
1881149161
1436391225
1433472007
1841381626
1548068573
20120638
115763748
939132050
1765147620
682481473
859278039
1233559649
935266342
239104875
612737327
1771827178
817427415
204085811
409150634
134707460
254652759
1171033337
207182811
81990321
2073965118
505108495
946643477
1148517701
469565974
329202686
1675309021
1151514830
99238889
1901393423
751639905
1779561127
385434090
1866586667
750617903
1105023099
1787822344
1868354201
464580965
849038595
1905100430
2131009809
783146627
1232480992
1032998728
719741568
22250503
1745056246
871992289
950120963
63152847
1774599268
1651333085
1401861388
986063510
62542939
488080761
1076315770
1341534270
835834607
355027979
363587710
941679633
1649411165
1072173830
1457244659
201896289
1749656678
1256398739
1485879434
1807412019
898956039
945055911
1530916881
376734405
928685251
83097150
442483563
1259560078
2011479663
565178244
826570680
1363689106
1626893076
323825541
410941978
136214536
1467415316
30929422
1931205663
1001085255
910812770
252779608
1117205089
61439929
1281347286
443635844
1240370036
860076111
1781524219
287294206
785634648
473035715
519299189
728816410
1727679967
994323766
1945625991
1912485458
1392434668
958706139
1860705241
721260453
942252868
1318490999
1970783691
1297157022
1297476262
1790221339
970199027
33387844
1944840672
1001123090
925714976
1704624847
1083226504
1995478936
1798124557
374649589
1732724072
253818939
913512137
448137010
20742913
634505931
2032882151
405492509
1758011849
1788768572
1614152368
100846642
1363120802
1622165151
501641736
1237939165
1098390468
172800697
662848283
960618608
131634683
420079683
161307439
96112350
1962590301
865772627
857689713
476241384
1094611605
18780161
1016014115
1172491384
1282657200
1564751439
1798572731
941326738
443088803
1478041125
2123799191
1945988266
1098656018
1841003049
419397367
1108246975
1022250040
1290706527
245118108
1134710613
40880334
1878280517
943441690
142373664
1414154242
1551121589
131779553
39709550
1289156654
260355490
1746761399
370167096
124569899
970452131
1199427036
1407732769
310962249
1070734128
886544223
1958732959
744865541
476575450
1005152607
581001361
1457127365
115085024
435499827
960120729
851632368
503696607
992070371
336242492
248822743
1930367807
1444977315
357406504
704477992
698083451
500956402
522262490
70540157
1799389279
2012199103
1076663703
510021916
1048625049
1564638873
1463485295
146562579
433773203
1988063681
1187630779
1029681408
340445477
1152583011
272555298
1590862630
51568055
516441113
840982180
651844924
1469654275
847617407
907059087
831587632
395407055
1529376237
378479111
134760350
1793544141
1051724958
453095794
1598296476
1346509513
1918788752
1133483894
1247208454
777388270
99675223
851529400
697035377
1589690214
222878218
1020200742
919636221
1645510074
1636605007
1618166884
588227413
1076344374
2096804069
1272677395
1399040266
648673177
156462428
317518795
808501713
382315018
1078984430
997717239
330256110
1456141667
73031890
1567293692
412309481
220732373
543467796
1145768927
910099758
129573116
1941374221
758941250
1247498716
546686437
734902216
25648415
1341070756
490630337
2094016988
1684425929
634929789
759052976
1426403217
1650971020
396663934
394852980
796675611
32222778
1349841500
1340235424
848388026
1025840335
112966352
76036185
1584541106
1222273362
541426761
1372066716
1257361843
464185508
674182534
1468818434
1779882025
25766184
56869617
2121583220
1301922250
48809251
1709289618
355506540
1098195460
1381441050
507650579
1209515790
1403272811
946487031
1453166863
1306980472
672586239
1798902305
859454360
771724459
1462540966
1333017165
475986636
231737909
1085063272
1127134786
817087326
396089797
1452209103
918679767
557807921
2140401498
1516261184
1159038582
242380612
1926155186
1074122797
1760498616
1319774017
701510679
1898508592
1701925688
712861774
1303218923
445381027
273214747
1094727815
987398838
1781229246
1012927817
1696908059
476282767
403461128
879265034
1628193844
1964239372
1845779869
455453317
592753558
1839018910
1738638643
1629080598
1517410259
1080688118
1118835725
470708687
1547161138
1203324811
1584511212
1276540027
1460911953
1959730380
573704138
917245512
1685795999
1968193251
942116476
730741456
162380469
1334050628
581703200
1249611764
2028605842
841870246
1970530120
121490863
327017976
451644222
411530731
370522431
669344421
1808020042
1785992380
1404892391
352631234
1174993876
1882488561
1760715595
751387154
1610173796
363316591
199118204
1778558203
135439299
1931918308
1047229478
803903956
293304252
1224670733
100892998
892046540
2092439575
1843087995
1691405857
1544373796
1008285005
1351828843
591919237
371600764
339932901
759730329
1083142605
1446326309
9575788
570470678
1094583785
172147793
1567188403
137023771
1031491359
196498714
723074844
834557126
136339246
1152295433
1219376540
931349420
1888390342
562475530
1687698506
1612831203
941254911
1514701942
1769693285
1645851747
157557331
1079020153
1414072425
1841820501
946332101
724131628
1409992210
171809133
413438618
767457413
1237549525
644811131
1418393067
254639831
1136855821
1585630366
114175637
2047779281
525853488
608596241
390870381
975545558
597782383
1252767663
194095449
1848333766
1781276688
597963315
1459130415
1856363817
1095262408
20047364
125437328
1430324517
1550899825
1163428098
820460455
1496601442
1728310385
1432955283
442267562
252438509
442693787
1176725636
2138998281
1285740216
678676262
1386118802
1850761695
1461871135
568249194
567794337
1831104553
2042734582
831584623
906874865
1118214881
1678362799
964852333
861692478
1143231282
1761095020
108734200
1173099017
254942252
376291570
744904717
728529513
877594928
1932906519
1762900132
1985073168
386819746
196653101
1723128717
279359114
1451054521
1765319252
126845159
1930363960
1007013125
1719481043
1492472476
894477864
478922848
1945160168
346376791
1107380109
1604072952
689142411
1333591212
1847207363
239097448
1223632251
1303816923
217645209
1669566597
1679384414
658021267
1903588776
942194063
221945687
418816294
515914641
1778230466
1163733326
1069335322
1805385517
322019886
1264718335
1280917239
455915580
1337842073
224150240
2007857279
1567811831
1132978990
1273424446
72889635
374259277
141428214
847841871
1708924205
800705020
1406003357
100993187
1963224213
1878559200
372909756
290165992
489315098
1315541948
1557042089
946962411
1321189311
1596117164
1832012978
974085438
1930793305
740764731
2099557539
1210191113
1448267538
545348806
1718435806
560752322
1582850579
1418330329
544027141
267449842
167999469
769083056
1992479802
234323479
2072393859
1585456499
1701278551
445792126
949322005
1937167912
824590474
1635847662
2102075247
122595853
809278774
1605783497
58677583
1406304916
1718840870
57138138
1289376414
715463947
1964875363
305201614
1644931937
602671005
543770876
1019374432
820522982
2051652941
1224227902
1569154040
1112889883
1838155391
799947900
1339771328
744964167
979442185
1464759408
377721711
1384809537
1312699715
565067124
493108708
849610022
18804868
1076209449
108683857
1034868406
523299338
1043418129
343993541
2043783041
1142399097
448263165
1262639473
1024349450
1889881280
1807381118
228709594
375968225
1812757569
877633779
1491053854
1775387847
1018062743
2074046616
1268936442
412357060
70377357
1992929239
431898735
854920182
733656781
516713269
1329838138
1449949764
544613442
761038409
1068653625
344723126
1704952774
1077602979
1017354676
1991559813
63378887
1660310
1677836032
274602776
1488367603
648110880
87872886
1844208496
246693248
1351128370
1797372782
1267844452
1258991397
458123904
1199831025
1204251948
2035420167
58656085
944960834
648353623
693165133
1736180024
101588406
539551454
1519046608
127942255
1325893163
772649175
1821642332
1751678309
790185828
643061601
2026019583
1742212528
775877697
896527526
1640220075
631923321
720099789
1211816532
917133604
48506743
679552742
1375378541
1935849825
2032673093
767871746
1144987884
1032460346
1489746249
842391350
512974478
211747500
1764015399
2043410477
2058191923
1531428638
690677376
679220756
877202098
1760348887
1802248088
1000457601
1046540578
1108781469
681028468
1280922287
1987871204
1915010108
311300052
920690861
1064082621
1299463785
2147325521
1031842977
1054607951
2132034011
682113391
1363419957
849194229
1583783546
1342890784
1659322185
2023077216
518506053
1271859521
1755198878
1186495542
1329817695
1746878115
743478680
1467439253
254942243
494235430
1146066539
1836951834
1241049693
1922209244
1063161264
439721151
1444169853
1954157783
1073663974
271495378
1433568209
23362374
1406575633
1051398602
1422081379
947191571
963382027
2140483139
351537294
997239501
372813467
1068587451
1326675207
614544955
376458794
1090666319
2109078695
1110596664
1371470490
98573004
686302428
674429094
1726490305
1032048643
482622048
2100088914
1771441778
553893155
74223594
1376986512
823029563
1517647274
989500834
1500665006
585861745
2054958114
536009679
1323750543
1761706154
1073320121
1842853425
37129313
1323852676
9118837
916440249
1771895079
278013858
533006095
1241405916
2027634771
869529138
14721825
1851655900
802864443
1436304394
1770260244
1807394022
978761719
1441719489
1400018869
376748024
36537667
956200973
311120947
1772882939
182284809
974745924
392085941
603634435
1478128633
1309446821
1707360813
566702792
730228218
1756962985
1667304088
1333580152
1774123113
796027892
1491050739
2091494015
1391494241
870208387
1439939969
1310522943
750066089
622163907
947000023
510021042
1634241526
712818867
149755619
2068356122
1115495344
162116063
1147504846
2010583760
290036742
748784475
560629086
3903165
200553298
799741298
775561684
1707923466
1897015010
2047610187
221669692
158659838
705860869
1517733686
1455417841
159884380
1246214324
165800640
1871255241
1445555416
1869147978
1147291190
1191364781
980485339
2006878676
56958106
1199310379
1236635901
664198309
703319933
1517255374
654007893
846487839
211216755
596619641
1756255277
1285527593
1630374968
663275362
56058757
1686061704
1617596115
1158460098
1138819959
727380080
188505253
51244808
1589595076
904627646
1093777544
1208073882
581888559
1161878559
2116164157
356955593
808235974
1352442097
2119490053
1431000768
2046676490
628724511
721877618
841049601
1393844030
1357320035
635880931
747855311
861428252
1419596536
1712135653
1642147443
1663910327
694032031
2129363458
2062805388
2057889448
1933583779
495640364
352851035
989357941
2028122742
234102292
320581520
2119847534
623284330
785641716
1792550330
1265787227
1459262680
33859611
366874229
182209546
1149260724
1279100895
2014319988
2112994983
256842813
1071747006
459873984
108242608
1242721284
1630231850
993212511
938066071
584431410
1827039165
1134539540
1976113586
1002807802
455872220
486677796
1212392605
1178351032
1672305516
42731179
456548828
810016409
846724302
673067798
35585061
1091307344
674139320
977969584
717176134
1596504185
2015070054
184137324
1898052497
1404091526
1687833405
234852023
1307505181
719722995
358850981
760753237
1907920708
760209570
593375870
1936465430
946532596
944501523
1918151595
748166470
221402110
2131062542
355719744
1619894847
1817564255
759248402
1255863031
1770704413
1847882596
640763540
272313397
1377335701
2000312249
1717841373
70406446
55026791
1207491808
1517201245
595082867
758089174
1837057018
1564093777
1412315922
1920612582
146775502
1263149468
896330668
108974387
1629806145
966195520
1674580174
683487105
110970100
826666726
792704042
1706499436
619695560
502124780
935306816
1797545399
1206954509
539768884
2093687226
801594315
518405246
527741233
1386842046
1401724944
1502787814
577537662
542756747
1055550299
23948536
1413540263
1138439430
978780060
1140139782
310560652
1062467350
261413443
73457968
1890577797
1496043064
780144515
2073184829
2022850019
70344271
454123859
181823990
604566384
1457723104
2124129143
1663800898
194428707
650677172
141968310
503442991
153898045
552759346
880067551
230765840
184817955
836151710
517950994
1788759721
1725428017
727873565
1165504843
22268304
1839774142
1779671623
599519437
1645518310
1400332954
518720005
