249922765
934599035
1293943560
1559128846
959436590
423375668
1096064280
1265690734
370573187
1808863930
1688067799
1631230233
933179512
953224380
1453468595
2128283
1738545089
119316618
760133209
1172421802
690855053
1886979166
808826236
874600558
480662010
793520271
962151981
2138459461
2029833034
1122518566
1963202761
2091980519
1506616615
318763973
505312490
1553360816
2020788270
483842433
618349545
1521393335
865676298
471095162
1913858617
649006068
313969660
1047146109
352749892
612697254
1684196566
228723733
147224614
1975023962
456839444
1156983925
958942637
858309905
1674570247
1744150250
1010084863
1222118414
411166771
2054515215
1509322371
299481636
1442924393
919423501
1671252071
1559083341
2065989676
154939720
449863079
475777312
620104010
1760663045
341259510
123535457
592341654
301728294
1785200087
841283819
1651328048
150885243
956919906
1769291323
2017553217
1843048884
1019026789
1206561158
1782413450
1269724334
210704544
1381707503
855065519
1964318136
357969998
567421653
590997391
1315003529
2018596917
360664548
516249247
1651650073
651971989
243800886
161397641
1086223627
1871791155
450549796
28468111
1923648535
1408941034
488149689
1110601476
915350559
2013378863
737144321
194235894
2074075007
215757933
1706376152
31666363
2078065726
70839964
628590568
295687667
1008842969
993158009
608461772
205771748
1732173911
981116762
577212941
1982439783
6155682
511679410
1314539173
527412578
1804947587
390350802
692563282
922089303
710127188
1975122709
1556221740
235575384
1062761998
1965857618
600823978
1988195319
943938205
1478833540
2022892362
926106551
1463048363
1482183642
331438493
1015856261
1225279736
292842219
1426123704
1959755426
1408440822
1309266044
2069104558
1382695399
1210460980
1205650479
383977619
1433640787
1240185559
848386139
306634821
1742398002
548078496
2097343724
1349286620
27248737
1485352528
754376596
781855191
2100724102
1542377197
778713923
462610966
1511534729
1552304028
1682205463
1315766613
1899163808
1531812096
310180147
346239125
1306262351
83011332
892828781
51963873
1628998798
2002877955
884873422
10087800
1599254768
1999055552
1721885292
1768528638
2072521722
1137312752
1402650592
15186993
822962648
2116455708
1752042669
1066158163
1574522961
1721986096
316634262
1182535959
254094336
2044633601
2022355438
808142072
1658133280
897255056
487403756
1307472886
542503181
1310188562
2092594199
234897394
638849972
871280128
1408120524
2130509756
1914074519
933579248
1091549232
721422968
711239073
1932159608
231382728
4853661
1924144807
1705326117
2096291316
1586377193
1603574702
2076326184
703176071
1195344943
1233338341
1865917623
1047122820
1198825187
1817370261
1258232546
1302792046
1422693383
1729641878
214835206
286640232
656583354
897665953
757452016
1904146266
1631979312
287112576
1972446040
1978676926
520575580
544758735
255629254
1934838362
317416518
1069465449
245348204
144207803
1481922797
1288152613
1990493253
888697892
1219549935
534957436
2005465697
2062085031
1389774453
1859181861
216704485
1523973727
200846846
93962729
16154931
2088540547
2095233598
1759644068
970958499
122376529
1717799575
1490281305
27248726
2139720758
1800224232
1353401405
1855735658
1379501888
1780740591
810503750
1717542621
2085466698
721550112
876239651
946237001
1331565640
882076148
480278975
2099545735
2067289702
1616183936
968377642
1582826591
1636278356
831598932
258884489
1478386408
1830621627
874526221
172333670
1587496272
1244696469
1442313418
287397625
542891086
1917915131
208992714
1900778386
591115995
217726662
1742175098
631758148
701704251
788665273
672183322
874940557
1064267106
463549982
611738903
428851565
1347349037
2070664294
1510236527
1677574157
700509321
720732027
701349014
1666897182
16582995
1487045197
1497744159
1344267714
1046369611
690451974
121928367
1362175540
1319612685
1434914235
1198274063
905801833
1776780855
141344126
1312733507
581416765
746569399
1236540698
814178304
1361152020
841873957
1415827100
527472571
579511909
1673254374
1877773120
178655070
1943173410
1483856336
517219210
886760005
1064500044
1143456309
347119715
594974254
227286472
1053407760
1141232607
751087315
1345027499
558256324
1712056981
1975408223
380885013
1992608245
627938449
745184690
275230645
1046597456
344223947
1099416238
1283011617
573230683
1887701805
681503147
1334905551
2020464876
221048316
40777473
1312602117
250186044
146035119
1753281083
2035758683
1781774476
839181399
743911567
1614278214
595803717
1466689568
841711198
1684402955
711609691
1541324038
883820257
1755847134
1639827415
1718873643
1448687193
1227705661
908549037
622963353
395268892
2097887848
348628348
1769251835
1636085840
1511073237
2011012483
1329003834
620158738
62619439
909758247
745795810
253305649
61819263
242660214
1283831183
536877035
1746654909
1629343565
2110640224
1127574916
1542569283
1023647060
1993809042
253332309
1494116105
2006190190
1537660601
794595867
2538308
876227674
180938533
1672793691
1981900029
1110598768
79944197
2058556057
771278797
1130422603
1274898580
2015399462
1153134784
172885164
602933478
1148276007
1308690563
2076159037
2052756567
853613313
722709239
547422008
1522749379
924411256
710638202
1728915701
762983272
1755397555
862679698
639574651
92849923
246763127
248107779
450864894
1023906446
1720719204
1730786569
253831409
503370261
1306750438
1402929638
100020467
196211656
790344052
487840614
625788206
86076416
202541646
2065934633
413242529
1019608392
1845007401
1193625916
1921739452
1819936183
2061292695
1498928391
1240512439
369266495
927277317
1870254352
286750588
514000548
1322511711
1383929014
7420015
1312047504
840820077
1307501199
294578751
424177569
52285139
1339196715
270598043
690781599
392331662
1974390216
1869260632
571399088
1168825913
630667079
1011123112
812630806
1391052990
1352954268
288667845
524691879
777165899
1828787244
1719331089
1881593295
604995777
733989378
1837288055
1269395659
1400878675
1984397569
178815657
1297017093
1901185469
1533271162
1236098845
2016030638
645106325
1734908553
346793337
1903365806
274929913
816984853
1525235195
935944937
650417887
603430419
1793892849
1918475946
107543272
16780228
1005090366
63541319
1341162860
4729551
2040682962
1385540306
725587845
1449803638
1720865701
816850102
1602813996
794573957
52794456
1353331862
439059303
2115977799
53161427
541763197
1634995346
109965572
345743102
860598058
396030139
1424481485
1728697162
2059899300
542469986
1127977679
737311209
382912151
180608571
955764231
1172808099
881322558
1732776072
960258451
1082537132
471943332
1024833229
315247392
428369741
1819071646
1221851795
776792984
950169926
61121563
781735160
1678227216
5430172
371922620
338519347
576139847
1577574261
960444840
1979373310
168074678
2081788667
1984864800
772560857
1843249975
823170019
1307472813
634630205
358038389
1009638817
1765931357
621185543
901459013
648142479
1330218222
125400978
172667545
299343712
1204541081
2144697103
25799367
156419637
459916187
2080745454
378993279
1848294356
282198245
1394183098
1399788105
1218318015
867021621
1864937943
1772079268
1482380295
2073691246
458116049
1209541621
657214462
1390152282
91389697
1582383487
1509872486
2012818108
1459091160
1485211232
491665049
81161536
1107501650
887128549
1076532178
2087134887
1265164420
1156244298
578533898
288373919
1892039402
172183587
2094246254
725657565
2133131459
967422666
487648352
266150809
527694381
1244259925
1766255545
716924945
1316910820
1450889607
1957018115
1032997324
1250385358
1053706400
1562213543
2046970631
502859311
1402808881
140539498
1116279236
120760493
1651869621
1471503154
1726220082
341669403
199133891
1063088838
1525694939
25031417
1565494296
1240741123
169336459
264217599
2007037639
1223042563
1452519635
1353020061
101467699
46244382
1726983602
357711414
486968166
1413624111
1152042173
569652785
1778365630
1652530511
163717149
991985308
218153182
62666635
1254213902
1741428331
358262161
2099416941
713740284
1835003719
156877063
411722700
535821054
1280384431
544014422
1974170021
189441989
381624167
2009539770
782055697
484149827
1387085573
1968702629
522128846
1128424460
813354356
130590652
826251824
2041528180
569503537
2006845816
211775372
237452218
1851414526
1676210405
1462161885
769206367
395051352
837320488
1388493865
1078927913
723541933
775741085
309275109
463527101
1607577530
1943954574
1315721125
1984152620
116614781
2033892622
2030648153
1037158935
483271462
1546944571
1424512030
1564173992
1345146801
1274155936
428157294
1949671227
1750819197
356564021
77158322
1105715062
1483237117
1507758633
1664404351
505195248
958235208
1308174317
938679769
1904555445
574235322
2107896561
1421633409
1332942309
520663664
49779457
1539314908
1147342430
41217131
60051132
786327610
374018987
1976492408
213773170
1368023705
770037924
1221666153
1534155770
188141703
688550605
1269476248
867899827
1447126755
334752275
1004110284
2057137350
1481741549
1771375558
985056507
925295783
717251627
915885199
301550564
1081490969
360964377
1376093211
1550251594
597713599
321967937
227624543
881857340
1295291917
1901352890
686603995
783127137
344939022
215336111
1702127610
1731325850
2061237322
465168953
22601129
384562075
1021752690
157910802
387538527
142056095
65897292
2032309706
368620963
296712160
1101288736
645633121
1423758693
1481875511
2073860136
360301767
30452151
1638146540
494203940
2091205902
970742764
682633717
530917001
243095723
1248138571
377167524
2095362401
1620591771
1700317105
1040437028
1231501549
463922763
883467216
2147293730
803487546
229816236
759520041
1756895655
1204612431
1857441825
35187363
1091579305
2126717297
1672859849
959811995
446247544
1461239485
425351846
932457912
781567547
1385147641
1684351307
211648155
948848354
78620077
1800428051
942139130
1103325887
1748113290
1897613135
943809558
120433370
842181697
1953152841
1773580230
1486293486
1645648775
1804790115
562807141
1507864676
1980860419
964707731
1198539523
1321801926
1517963624
2032586613
389754391
940171015
1448747386
783859323
917408193
352906733
1215457942
218687085
1609738593
1944381454
361946678
1523173867
908158003
1763703820
1087702465
1274120023
1530160126
1043114093
1209096681
417116258
1360927758
1049944384
503557251
850329031
764902184
446702538
529307912
879627916
103149738
1337098379
2092474354
1035285524
2132281832
599721544
1741024742
644779671
766674779
696118024
652254620
969946418
226344699
501248653
956002567
1600100365
252718790
711199193
587107338
764881734
748701664
1405548232
2070668295
1575883384
1682470408
1430815126
2021054901
1824974796
250950659
707593011
353471851
2142776292
1107233928
885496257
337575505
315838950
734061874
604757660
650685457
1550782434
921518531
2035646194
936002301
1059547351
1130477667
742391750
1421654943
138323704
1291302848
1414761548
1298287713
2025109259
1912101183
1095067793
1742041137
2058950073
1283982111
1457713983
2041935466
2000387290
604905902
229459679
1288309309
810031238
823343978
276929951
495493427
90060097
455115406
438051987
1567177947
1179128329
1759185743
601070760
496555770
1032673543
962147982
785515301
483395224
594777222
1962851368
1616407477
1691859812
1452233857
1918839071
1949117641
1040916719
457624096
2029599964
1441835755
1663768774
1349743204
1225198063
1720478642
1098624823
377932369
1582728188
103672938
594586517
2074719922
1791159421
799896175
134902952
1318206329
1140920619
474188589
1553297661
1293873332
760523846
1157491411
364306798
1860021339
507478938
1698506250
1547035847
988820720
1720839848
2041188001
1621041555
1181111185
217985714
1449700632
1600918998
55131383
1196912046
883654136
1655352143
461470348
2146260430
1022527228
619570626
1397606439
1697099931
566509689
125104587
1829127319
1505756623
570282601
1039617000
1494639963
2025179123
609260223
132861894
1344420780
826859522
354182055
1450119157
1678271904
65149839
183527676
1380868334
1533234844
1959979760
587879671
605526239
1943410209
1859323814
591832818
1711865249
709737049
1207788463
135825419
1299765800
709317680
1389106655
1181230671
1351558947
607740292
823591252
1700930073
831227833
80346879
2011938164
1424279658
2032590366
314217101
846849589
31322902
673578258
58425359
1770971037
1881239934
2069316901
228764804
158201631
830608083
560804258
1933193596
1157826341
1677958441
686934550
1951609181
1405416550
708425020
1719621161
729827298
1904086758
1626620026
250368063
2042374900
24102360
896982447
1940772218
568327458
1675491315
849996182
876664860
1789823697
644899758
908266732
1262232029
684077182
1336011841
1945635302
2043584957
1708945227
1110220125
2021132290
1498384925
2131441529
105069713
868780060
319533383
1538632157
1675926411
431846364
812288621
1769025686
1976523555
1570043502
2022838524
1626784013
1439432809
1455801444
1176410857
1089569429
822116959
1467658996
72437131
436535898
1328294459
312192621
799187314
990477225
989541529
780335800
1839411143
855076363
690225382
1735034723
39284702
798839694
1371875378
1120700296
639558706
1670303873
1732738183
929671051
1127028993
540425620
1116515112
573102136
1566152042
2069553857
353734270
1781152528
1544395667
404673940
1050679174
291461782
2055250716
778163313
234817906
277070717
1443099044
49341379
1296225947
1866026166
288219902
1857265716
2030493614
2125968641
1396812423
248841907
1155900166
1644540875
2050968901
23862245
214700903
396506392
806969581
1280720262
1259090897
2053484108
1862260890
668404056
235929427
1656770181
2135143738
1220938250
1514423246
1621345217
1152132124
2125918923
493243466
1449119486
1291601583
624110506
1462931478
469719484
1632426373
4795870
110541940
55043793
1682248527
1269368352
354904928
1926839155
1614235161
331979927
268290052
1783950461
996107375
677268414
1959836784
151515029
1002463574
1171269643
1576578352
1556705325
1947839379
1361317731
1696302605
1566718144
1965245694
714770383
1298345977
519144369
1628775105
1326272301
202101736
365204355
1104035281
1916355371
1392157144
1796070506
1012662450
742032609
998130140
254938389
2099160180
2032435745
562014741
2077618591
2108174802
482493114
1424367780
1487168536
768904852
1827777434
1231841060
1164553377
398510070
1329553623
1933224116
2116782704
347062444
1428276357
389949456
1079337273
920181017
1033457331
837341468
1271118336
1951648606
1912364767
1188937856
1360998271
847694330
1443012323
1498838220
2071289968
346725219
1617906290
1074453503
328728382
195048305
820356653
1013901955
403827461
294005947
757646381
2072851504
1632511703
940866243
851974901
1781659491
1201495411
1364001416
22930310
1468922204
1639393465
1678237520
1303842281
992154497
1743325993
2059212297
1619010332
1554364774
177983280
316360025
627915380
218604182
37215669
1643903635
2026907695
1171275950
1999275901
1702709462
618849729
147701040
1540055655
1336664499
248190820
996386649
8974089
1036242394
664587421
743761875
1676620677
1088258920
979335751
213932721
1639211080
2019949679
853183389
1133917011
314038710
1885979854
1188665205
449465645
2143840484
1472084424
710624670
1634508231
1296223934
1949027160
151371701
1749901843
353400794
1599967317
1752851355
1274377267
181299438
1322531864
18684844
1981034847
1825422269
178568823
2093772654
39145971
1634355099
1412737113
1530614442
1977357374
2000973767
1993569177
997555555
1166455440
2135924545
29488876
1361421106
1740960788
181484385
982869765
293862216
1713022816
1953610175
1032830472
633887433
677088076
937818278
1714400976
1528583867
1245040566
2089271932
1046493984
1211315968
1378549381
1651709550
1850812510
537386669
759859569
1613702603
1963449162
1527656188
252488873
324185563
2113256381
308683905
2096047023
347469323
1896999363
776034834
195736059
1247630793
1519777435
1182144139
561298397
340457925
345929138
1259000493
1028268281
784602889
1423793124
1817156820
1412735218
457094522
1151375284
1921772943
1902993374
41547482
582011013
263360052
1479752920
522070674
266071724
772681970
62991032
114889797
54228787
2097721560
1297117512
1447709473
401732022
1155948770
1569547394
429349579
698673362
1887487832
275398450
1690541022
1699724323
1120164305
808335603
886964783
851346676
423354498
587282042
1756158441
303664606
1897874654
663634105
1322007568
1058295034
1029433728
1325186432
770243985
1076291137
1458310438
1352328588
40897678
899447868
1722568257
2024623181
1357123428
430786813
691811951
1872111612
1314350266
823961039
786644512
1340789075
767981079
1584521844
1707795532
968433456
1304556676
90125051
700475197
421996747
46184106
222790450
793851096
1456709668
1062947638
117467237
416880394
1771483792
983676557
1385960482
2070663051
2006909319
1984995788
2112832140
437678706
983668550
207812545
1253824373
300935948
1610178969
1539290308
655120784
566778575
1355086226
1456159200
1988980524
1966372329
1839006767
1318927124
477115744
1294561006
1859903930
860533469
133766660
2136472585
1367258732
137135380
511552078
879716106
579054645
288260028
1871725068
1213702027
578590072
1569421271
179476485
722106314
1854735588
1188250506
1799667543
2115777169
1156619520
1049345938
1152601495
1247169032
2101527644
1889408656
1339730736
1581894368
1410980254
1814140927
1588904931
473999370
1903425975
1491957272
19951348
1816002469
259394858
763867372
1967960895
1297256330
1272203042
1370331158
1653391320
572079199
30793075
1306425635
511659366
1755415752
91104273
396365231
290507719
505646114
782382244
1953794602
97667132
828364785
364423804
1462679600
1928965421
1739561709
1476327449
2041440741
1943760177
1867758480
1555628916
591192331
1116308168
1829993428
1313165515
1841162917
1687641312
1530725379
1984836551
362859893
1944408782
287265814
93308473
1531309293
710294238
85602312
818047788
721666381
1966093179
957950827
1115507747
1503374900
615124323
292661617
1348204367
2084087548
438979499
1044739356
589481982
790130661
1444451496
846258086
312727958
2111383003
1423046132
673054413
39200451
2079867620
1312918400
950811127
1078647084
2043675374
688553362
677042241
1654063473
1871289869
315294757
311236715
810559993
1067765848
1532165702
113954167
540596690
1821928269
556105302
182881349
1374000337
1366754978
1095759539
432900413
1219326270
964808468
988070384
592826072
2028749474
1037758847
1520523471
455762711
1728726678
1673301269
1514824141
1877115396
669578071
378953402
37038435
171544864
285171082
1128670615
1134953318
1250056321
1999187517
2069004038
1229052965
1313942547
371972118
335247038
2050239197
1427979465
966637020
1199987268
1381698232
386442822
646675128
757250447
1410474001
245652654
1487289361
1736265598
1283568458
1307403811
1154947593
1069869284
1944347946
917134937
860810369
1038507059
1130395215
591793094
369446568
1108745974
1370921920
170722099
2088578183
806872286
463580515
1666177117
815980561
949887932
1027342024
2019998307
58760582
799495818
798752175
44338613
285438578
1390372502
1468996853
1873947721
2040316808
1093968441
864689273
282906679
359398013
2026161770
583110117
1051404616
896953165
1667625293
1036017836
1523346125
573782388
1630660886
1832287293
1418608255
42336282
2051186689
1814047222
505423587
609560885
357755555
2057495985
1526824321
112484120
1735445421
1459720640
950775988
730250753
924054114
1181607672
1744120229
1185271570
1426115163
1993622831
1671428644
473321096
1002878760
1115632474
1027482524
1368690953
186467764
87769667
1969841398
306877432
1343521334
972709505
1389510267
1534821422
1877258300
283969931
1675926419
1309833140
1734177606
1191890912
1062949381
1346207018
1440766316
1555004187
1585649360
1986697772
1456387100
1567166681
1464018495
180161104
1154289518
774657006
407592014
1383798177
1132223234
802337678
1008924058
222981538
78978943
257329438
448165201
1596629083
843095438
656998815
1660862520
97697753
1947572450
83529649
193096951
762339314
870108040
2077991633
607869489
582090939
26290642
344726289
2015962750
1971602804
388849258
355636145
389530250
1370602746
791717137
848018830
559885470
153421051
304031618
343117099
1385622148
1038461366
1879160868
17146354
66836516
447090760
575516821
202764541
2001122310
1740698978
810665389
546804605
1069766656
102565876
554214180
43736530
544270543
644324603
966158067
535080515
1209514673
565357774
2139530892
1842066056
1709951109
1505863574
2084461162
1644654429
618249888
1215050002
237363398
1511705225
1337624812
1356983168
785170989
1710952564
782066464
1094367012
1752954514
2005155750
2053330894
1523536310
1916441450
836731616
762911632
2042094771
561575266
1733706277
1053459211
744861754
514562890
1322728249
461294307
1244347063
1347335477
1157663481
1466840091
381536678
67526713
557337041
1179608477
65330496
1340446888
1724345343
276888629
139807847
795454940
1839479813
1656904508
213595396
191500904
671413070
1382058791
790895607
1437763287
863886473
1487966596
1566243869
2104674862
773364653
2062216511
515445171
382830947
1214767409
1476060366
1916084026
403228827
1298648787
1031707222
505105689
1547149625
188892327
109032824
658033907
1672394344
337594250
780266772
1359308354
495334390
645130523
825122051
1568728483
848446623
451986561
422386094
1520960701
1777018650
2073882636
1355224608
1098001761
233691287
1410485865
1687573391
134856179
1965108199
1440980494
1446363220
2120946711
1219684745
133814564
1436685594
1448565277
693814583
913844645
1052084101
702746851
92347372
2144023041
1020755613
1859115504
303673441
1361266115
194833082
2140929357
318828984
718394450
938969568
744656620
1497523400
1311901243
249030574
1957777096
944803259
577099215
1115616860
2008023968
926857625
1831601382
1218951832
1214062224
1521485203
82667216
185004542
1836611121
143994156
1012944097
129083100
1488362649
2074532000
732866312
1971793962
1487896833
1060062087
2007902534
1420416706
575417003
459028155
1449418903
268141907
1780368766
1022396657
342487620
820395556
1129105873
887292611
661343866
1157125405
1086944547
524974590
1799362453
2124843724
584775977
913454686
262995808
525731711
1000983436
567984795
1412330425
1333417363
1780369108
1329518458
630869002
228859681
1336484518
749476736
598970343
296823953
225418178
746399261
133801624
797189801
498045983
2010241913
623395147
1941356323
327002849
466307516
727627190
540438518
2106746587
1663554827
1557212240
1118033290
1245173
296478744
1922573054
1098451077
1554197946
1372571821
876855830
1405153678
1007840882
1834757728
149266939
245329141
299636573
33854652
628287278
572848631
2011728290
231033839
291656997
918820299
502717121
151088754
662524638
2043517383
1059339634
1672872773
1225598335
844147597
1865593408
964086144
1422648377
1171854096
554129134
1003866197
1381214153
797218893
1150958578
1958688468
1199420553
107684332
590240089
1587828044
181939256
2107162975
1091999965
866903257
1067401969
246297291
1990772120
1666791861
2043652018
1266521160
1327574565
903540157
693973897
1099887979
1274622507
379903717
34690977
94755052
862247668
1443745267
1414617351
552704974
1964114733
1933019660
984302531
397483106
1673877693
1921483987
1580915418
806499045
1272599225
1073725984
91605407
430670055
2038641410
1299663683
1421211523
252750109
596614043
1778545854
906062570
1864556711
1506423273
1666689355
730536187
1494018197
152432906
839269057
907676848
1642754479
1585839141
1806782529
1085480769
1886152370
141215457
124907759
676625822
2142988846
1479312
656304836
1730612511
1154323195
139265366
920708870
1533960102
1944786934
937253721
753182903
499914545
1465057527
2061756466
496900698
1537223670
1005910460
953381228
182182358
1976358232
917754434
429720780
794498997
1761655097
1955675319
52011157
1721482907
1920345688
910274294
1004494534
1968380818
228850197
89134522
1422537612
1410979131
2095736807
1529614685
43049305
1913766566
1357868185
1276615836
1437424888
1866386175
1685708811
924327913
1866415927
1161646791
1400424234
977908780
939709321
1116810650
1785806032
19911840
1873308784
1904690400
1252455641
842087367
1773579032
1775759578
629490574
856124590
282952043
163478650
1327914024
1035102570
1356370922
2096671740
1524210428
1105566228
948627056
1980463359
1342770405
1335931089
1309289942
95862951
811305722
312391514
899815523
942351012
1129841468
2004928977
1916954654
1014118791
548281038
1497207871
1449711666
545822554
384136774
436132951
147752226
837312513
1083701326
906422073
662011499
450203957
1529944494
258682223
784731505
1897495318
247041010
1623219464
1238335511
1732804388
1021996837
496916092
1417005909
1492748038
796428432
279567997
395427774
1866028754
1607479984
266992508
893152735
547259781
1913291691
1041570650
1169850222
1682741530
318479038
185187431
1844123229
148812478
1182294314
864935318
161003411
1154485979
876508233
252564612
365734553
451547823
653442497
91398052
78212897
27980451
539001896
145398056
1956454319
1560510450
1952570857
1245535947
822375654
618952715
246610224
174744650
1059007037
638619054
482210143
1572408316
1443850088
1941704709
1059519107
476476052
1825549268
176611694
1820774223
1098306543
490752686
1416734132
2053884712
560427981
938499861
1742318421
680414248
844951181
1824613231
700271541
141094575
126493549
1767331106
1664754679
332616075
479047862
642642567
976440688
130916304
511562897
1448168803
663883828
1614815755
1258857649
34441122
1925994432
875595705
764487100
832476810
232733021
694529043
1024751292
1480545670
510319771
99538673
2121182750
2044123705
1482344158
721660685
602720879
921646564
1773430238
1094644275
1090750012
386536648
177789316
318423741
655423899
1340144310
1131481341
677679954
1496165248
491509458
962774975
1121030651
1921141864
286482199
785462723
1732716114
1290808831
1864832999
1006177830
1405888285
1208854015
392896858
90622760
1165394686
63737873
456549970
617797952
1033498835
573831309
2065086205
1082627487
169948288
1881282647
611358426
1914931157
980778078
742966600
246998867
1964211799
347890852
591839174
1386606841
1805342641
1150307680
250636358
1053125849
851484605
1817611510
1598574031
641215124
2141255155
62151948
2086704378
1815899083
1587657682
1381366512
1706998822
2014674273
659792117
1354292213
2094143410
1053515399
477530225
1169159760
1853773456
284489749
468042819
1371663861
240803802
444018106
795552586
768027209
31253684
1764016303
428153699
1148058159
1645355510
1367685873
1543693265
1961753277
2131518241
1229962207
1777918223
456117498
1393220159
1228065896
1806318315
2084611036
714336974
1401612864
716921420
1355207132
573633795
674841523
752206220
1187337767
1107257542
1464382064
646019194
425731419
326898369
1448886765
1966212154
1705194322
1304323727
1271641558
290964777
1968728387
1242909138
1129729288
117132192
1728054852
765873602
697214381
893974576
277773922
1454158250
738343928
714133399
1138421953
235189982
2005614846
954937424
914378345
1047981088
100776899
444253948
1453289138
2074726047
534252367
2052681328
1691988087
803657188
2067997626
1313335938
259093808
1806553314
197435323
1527823982
1119913821
745509611
1332673822
431777185
1950668015
559303949
1560260605
1254660759
1543259741
577363112
1849458496
1128336163
1907558326
2051400194
1427873791
1027343778
858528751
1242958852
873370380
786284050
1384057055
230478481
2108558322
558024882
885327017
1806526617
1198480382
947935177
975069731
1370327176
159206897
646997271
2027793092
454662436
1654279524
383201990
2068150793
502025769
1178947320
99610023
2081777998
199074693
884955673
1114226743
1365587700
56155031
2068161472
622436447
234613690
1509405649
623290231
1587843959
1528675711
314116923
413939034
1406067062
278968475
782596581
1640138977
930410083
1276243029
91292483
350327262
1841642153
79667378
1991889667
1181548490
125452871
1012567195
670283548
1072500903
1782458909
1367867422
1769363761
1394902078
1252510621
515121986
662711558
566642144
314631179
1994991991
415552163
1344399794
376404228
1500684697
1599944372
1112235702
818957815
1040078223
307339832
1576110572
420175912
677209841
1972396494
1492218349
2012682347
1954448484
1226244844
841191597
1979862130
339199761
819448867
1223406714
1869595897
731137640
1326728318
230268302
1084919475
89294946
1804380733
358469738
969554890
1922241071
1860243537
1881136608
1453947536
404825480
1188934793
1971668564
93328122
2094139863
1299202237
680721538
1692955372
1089546553
875517345
1488646361
2091278622
1699967451
1555132546
153670877
1333440907
671588122
127064349
781204655
2053719019
487685161
626249686
1305678333
836637461
1497206335
2119926890
1286415443
1802072884
1202471240
2141425805
353533948
526140380
1331186437
1465573899
1678199263
423032724
1352145915
2141666766
491284617
519034943
1244667537
1017230488
564160494
835302035
2055545248
285369423
535342694
1684549660
592657826
113270530
310002426
1314108759
1243792468
240495281
2097934898
1808363860
660587406
1526392740
2121929789
669811031
907932686
591156598
227632801
438271518
755002322
768528593
809532012
339094925
331148483
627371331
1063190032
1203452865
972675145
751662752
2120066186
1125955418
1616478665
818812684
265831665
679092074
740258681
1996044786
2073426433
1190596388
1429648857
195959725
1044054695
89306991
635187179
623477736
1120272187
471358161
1722766094
1685854522
1878911205
1497485351
1878637999
484253974
1747281249
1896094993
1972749443
1642593267
1865239257
1770679533
1977965110
152178276
149868565
1184248130
1171052481
2072831300
32158178
552386741
320400458
526617425
433780677
1460737173
798313997
766984982
521967539
1910747226
1089558785
211036664
927284771
331556197
1339454790
911268227
212045031
274571457
1949884205
2026642414
299674446
99472726
836457077
811333503
317707741
1307817520
1643949806
1548484401
706155509
931267534
982889846
129428612
349164299
707783321
1311731055
453664049
2117210704
634201692
157169673
508600161
1614718952
1603383838
690861770
490344401
1372274708
541238769
94169929
2032523295
2031074426
783652342
1852130331
851212115
1220932445
49339478
654244762
939329687
855809340
406664089
758506433
1789533621
805610618
1947219482
524674570
1002047978
1126431471
308635006
1480963486
1339681872
59678749
1067975910
1815590812
1439126504
73015674
605323250
610716465
1745494873
1225143013
559989346
1310356023
1713997066
1846865359
1180138116
971304674
315993542
197243793
1128165548
44136664
1565588776
1340578653
1292784073
199365795
374656126
1442159945
1950974302
1598043829
1326656139
1382390842
329147369
2105015896
1636406382
721497994
1123760712
1761171967
1646985878
934232365
832836894
1992147791
2025858800
937585114
1148646313
1715147585
1980913140
939111494
969506785
436605997
1404529524
2101096418
1212335235
959484325
1777561443
83241449
841478014
1819476474
631664805
2034922945
1732408432
1931713300
1529936438
21025433
1419991348
1598504835
905914950
1596942331
233926417
10769866
1713724483
1353938314
1202702803
40717029
1411540450
1150241096
1192575491
882723811
1527410030
816985214
1249886087
629214133
236704850
705164887
398383469
314812465
983806889
60099292
1490097912
1404860246
1932673143
1705140548
246865310
1964597454
1847047441
170903829
1501656330
444582109
1867949513
576386860
1970666252
893374610
1102051078
1352143467
1519925340
556930831
1254490413
261068340
1550944433
130561731
2109613004
1789602502
1868748757
43663529
734174178
2140792831
1068264195
1135334678
989783293
1395028986
988065842
1892448718
1063840236
942461162
574327527
1613037122
485657060
589831927
1607254076
991152346
131130807
1478695845
503601475
295863846
2041540124
1238520400
2017333105
718405182
1961049196
1372945147
55300438
1463072166
1684742017
810941719
1966321644
565439051
1759943088
829416367
1853274111
498927283
2039413108
2000487535
213280278
67398497
1744788441
491387592
1134421581
1147473968
425782969
16922314
176579725
2082778541
1709926685
1301553811
1344194804
1342410151
656671216
17130602
211685694
1314332873
215258074
1643734544
549199963
1755445004
866837736
662798636
1445064837
1364156712
1377371867
1648054601
1750174130
1798043407
624506323
975396289
1329300616
407672280
969692599
1583151263
1191400919
1428269057
1024597211
1390512527
352899503
279955192
952652303
242681502
1835501180
203990582
1397030698
1885232588
2052520622
1329198910
84708576
1443392587
598996522
436012196
719424787
1432337229
1461529164
531072186
2082229037
2085932454
1214121030
2058254893
1362970467
2024292668
2146245871
1917322159
229315641
55857497
919591937
1610878458
1124459174
1021027027
496926648
1125946124
424278450
1900895454
404466728
1920340630
989459038
785987059
1260177143
180456258
981869121
2033474257
153615939
221727727
1915652027
2108071573
1011574550
326912405
1561224740
984974929
1755053101
972905085
39827860
1022807367
1890152876
2062769792
727892330
1397721737
1868445189
2034070375
1453835203
1038474915
95397847
328964590
1501883094
1584780778
1248800540
1211081249
522048890
1720620861
781397117
203890992
1941013977
619508969
739821272
1444038617
1155651186
1599519561
1918353309
2031210693
1968679087
2018702587
120197274
1704542145
796108519
1651782890
319289166
640941186
191174520
900922986
2059361535
1116058986
279508231
975000255
2103145829
1765373064
1415654560
787391342
332901830
1900197606
1120480955
393279882
1223735014
1005804006
1725188389
1078339255
2012510697
1133228999
1690870643
1920304752
1868011639
300611139
715468056
219789035
1231695311
2074567161
211601837
1699691432
1008099167
668041758
1120426145
1908208562
1285130655
1685647519
2124005583
977588887
1898633224
795650993
791610093
1952542369
908651916
190131971
15663408
1605274099
1271422585
1615131292
2028323921
375205692
2070507567
757721134
1842750244
170466880
1097657653
1532617821
2013282957
283475682
1228617780
1314922135
313027636
611863791
837486703
976072288
743278396
331646284
1650163449
822947793
1522790194
1278243799
1376618060
698503887
496748499
1944912869
1899460767
977719147
401388836
442654414
272402483
59250180
1883197820
398695991
2030925556
1656114824
479589322
1247134824
639031046
1804708950
1708893956
1829730733
605894721
726717764
1138874391
347634554
1676259856
709196482
976824130
1209491318
465152236
9191511
1263875792
1084225734
933361437
1998236713
438816639
26728047
81608970
1551617119
685070283
473306241
766084001
1345712479
991954992
1986347976
1076445052
1421390419
157683583
1002385719
1525244572
608824516
1579161290
1224581471
328492448
1038867477
1527884728
1495109599
1695397525
1571519360
112900811
979715906
17092872
477132981
1167306289
126658559
409090647
713292778
1444755330
1464090941
1037884636
782745314
17372301
467814636
1929661834
744267421
1170982689
1177233790
364655586
1847774907
1505710960
1630692051
448328539
282781462
103843346
1794851364
2069268896
2003445321
1411308128
1752145858
21255752
1365359035
1400749879
1682490494
1143587094
245476175
608112784
620960619
1582343055
275464390
1710036292
882319409
436980860
769254694
1603638427
1302905515
938118931
1181942029
489547413
733321090
525427237
1053212802
546407219
1525241182
1046158169
1963081448
437187742
1134221882
6094863
45734060
1304311959
409564960
910133685
2070134401
1312603885
970943878
492711262
235011428
1616680209
487350512
1039274073
1772716462
1877163625
1419181365
1034639688
1630792968
57820038
2043538486
995312692
286078726
625152141
415317085
1065656888
256758437
131687502
1605131798
611212669
140225569
317358900
84918762
176652654
1676839696
500301223
1917970963
1100164875
970962917
1067607082
1602198054
1023729231
521136250
52130146
156162575
274648977
1423909195
1614438664
1740658595
2050417913
1699271783
107573580
913091423
1187765471
1264199414
1509149536
1884937570
875114527
1553319146
1490053493
1079800473
177039773
1269350953
2029670049
252498921
875979226
694858184
2086872673
568652305
1884178029
2080592639
1073375328
326382632
721034342
35498594
1662031924
1867579030
410859734
2098613084
631070965
29147301
1298331489
1884138708
1390977454
2103342838
1317529012
1667958753
1908634079
1035729782
1232919983
1624829385
1064153368
847623347
58478457
2013315669
1031325581
1020496918
253465405
137454716
717016810
1807783071
602324744
1146899079
226915273
2082559251
1018485499
220171015
1734540642
124255193
657052585
2107560523
893312748
1485595834
338846282
89667127
76911756
2115349457
1129731235
1769352407
1153288673
1333133910
351899733
1053769236
519792965
1858738092
1600706221
888635983
966525648
965991824
723789812
1883751033
418015555
1560693370
1953023502
722569728
1989431618
1190778340
945191765
653150204
1178433828
1209071051
875083963
143467992
1567686575
421380835
659937608
118374561
1074045141
1674157056
645197374
925095289
1645138386
1043272783
1908037045
779882213
768066135
1459565306
7394406
366694179
258392798
1874032748
1014817349
666410368
1842262533
1862010821
1665314955
1474938959
546744815
950229571
979207265
1785679806
1454067536
1452576672
330350056
1266808300
2136445853
341676457
1637304599
8168320
331110133
1808353948
1835082718
172368591
1670870095
2016963047
1161862152
2038377679
204651981
1457816083
212782206
376663585
1210487351
1737606634
1804440295
1730740222
1554691063
1065087572
2130043774
572588331
2005344937
170713964
1866562320
1727306317
1861624877
129093113
753367564
81296289
377278214
1296857313
507520728
1252841567
234622465
541029710
402334937
843350281
162611876
1532926670
758251027
1383716633
1232092851
2127813195
771632705
575071454
1974401719
885564843
1504857425
1150818810
1570231754
1947407780
1162212076
1634356179
1821095497
1462919729
2019831074
1537715293
1863512220
2049631247
1194412578
1519928394
1619644414
708369258
1189779162
1251480435
322856835
1779822305
1608510735
601410353
1414085605
1786399011
1209358112
1456084353
986422580
873110478
1030767407
485567402
2006095204
192830325
2069922533
563449017
1719453776
308031141
1796865263
1303430769
1411933986
713763551
1323128665
861196678
1547690564
1610788168
540262390
830386674
972827759
1359464339
1015680260
1975878102
1999181380
229178911
1242419976
1556125821
1490810850
795600711
245644488
2044614819
346635140
984027167
1015305157
1536789318
1340942183
956496543
40043516
1930334755
1341516741
376440304
600963971
759346819
811463576
955803142
2074843616
686797484
2068163745
1118037760
1811096430
1888097778
1969871174
1008473563
1074983667
1944818179
1563269621
738349924
1795190163
1280286644
204284615
1973070470
1919968215
542321035
1077759474
1609501625
759865311
1711048527
651363837
1918534025
1634050079
1032267594
1889712127
1291226250
1460082363
1952463818
775178993
1097815316
357933143
1786803245
141579461
1960523814
1189068170
1620603858
118681575
1048727060
212197891
1300922955
1652019680
897458458
1779121250
1504736387
447534939
1550688002
1830678793
202536133
1818446024
1700191240
1718910355
61103724
1070857007
1127880555
1806381954
962012027
2014989311
109001435
391249760
247829241
1613257653
658470812
915520205
1040657011
1142002931
775902186
1988295690
1173042144
1711946708
1580907863
453003644
1114878301
693659129
220773625
575054473
1055345312
1269982812
801613835
1553890219
1617207451
720373070
370682966
1472263055
769785642
2091891304
493909557
1485054773
378595447
1605303049
1534037433
1640963776
1151112737
158669417
1573730601
799984303
793379108
1936602702
275234921
1058341985
1527053416
487876414
835530262
1172907635
1888537645
1357612477
1218073879
203220002
1486200134
293009178
345531725
855871498
1472258635
1321713841
1864339781
1996092298
1149671391
1060562332
1647776607
1306640628
1260236643
958322978
1823684228
966434218
819823252
264756918
301344977
1192113966
1232320149
2131009096
1587586284
159471280
654987823
1894905146
934124274
1462943340
434990651
324007354
1425970676
2087366121
1860718288
1592951774
174626453
1588723861
576137899
613364998
493145055
2142030767
1329948486
265510053
918194765
464316923
661559783
863592140
659662372
1463169052
1491720413
318133610
1675966410
1904241855
1150294923
548762210
88908221
1407240496
300853823
1707148099
1999469999
1501537
714268729
258338208
929506356
1159888840
254360267
363289095
364307981
2106811015
1139461113
1308771354
1921366789
1332402524
475230757
474748515
464736440
927857066
575170803
1474953176
830275139
1779026264
1530933291
995877365
683964162
903885271
662397886
994574954
405228660
2093310819
1443167468
370588512
192724632
556714789
1094627504
702361017
1926849118
702940911
455584564
1407747857
1053026252
2114889095
891374169
1934718692
2069121587
191900223
1347623972
1918235048
555071724
1719382247
1538116824
763149743
75385445
148061991
801645335
1570930819
1072438931
1470663531
1899190768
79281192
2123974413
82239063
347999842
1617884260
593679309
251177730
41392694
1481455557
855079739
1117889176
417541728
660630469
1192571159
1070486986
585280278
2122223339
289454625
1470577893
86376011
70819437
1758863590
1311600731
687216139
1560824639
634374032
1645460514
1504022754
1344348407
1711930215
268926733
1497703354
2141723117
980982031
883351371
1165809575
112336776
1408922245
1560743874
1955252539
72002154
796297628
1112762348
169512457
438712545
1541972058
2054198115
567535850
703544776
798457196
1675554743
1283576242
1270627648
715697585
982255715
1076681847
958255212
558658042
2079771574
1972516724
41509156
1961305103
799442556
1514376164
1037500429
2108097566
2062697182
1560967162
110641966
1133553332
1471767769
501948635
1178445150
1667141763
1249720267
15956707
1245979408
298822337
1493222766
981777082
1642545874
1079397104
1708252988
1415647797
1167505951
92777665
2043414793
32510116
1871196715
1993036690
1246053226
1438205287
768005188
1535287019
2093376334
110797405
422988641
763163324
675363634
324227343
1978360000
1551473334
709060124
2015276804
1626138343
787909293
412150469
1714138264
2145009627
689830438
294892273
1632714032
1152384633
610243087
1267720766
1750826910
1288235448
1060780271
1524001481
54961961
457045087
1892661355
610479486
1267373453
527320993
699138959
16257026
284972420
1753885744
884771153
62910429
313892583
395740721
1991518842
1521140789
1215668882
766717266
1426635669
1523451578
173902875
1328970650
1148865002
1058837265
1697062393
1657661106
1183695833
883708335
1367770215
1680696932
733462419
1184884046
824664051
701629521
1411516142
1254523069
1326732253
234535568
1946966172
709201777
1497327736
638996469
974931271
170600960
1626537180
2140907289
1863691778
1407144922
268868814
329185587
1836362530
729348220
1061457507
959379736
2064623499
417055269
75286701
580848102
1851186034
979298808
630214327
1058439168
233092515
831062480
842351479
652720633
519773357
949645082
301982314
1455284539
2033616463
420209798
1196653554
1133367261
386682043
357963103
400349670
1619663694
1593702388
43428948
7199932
233085005
2007454619
906011831
1971595515
129191145
1673386546
1245413879
184924019
2074090420
833698077
322094575
1832213192
170412384
165714328
1347297235
1572335712
1515087888
1264387349
454649136
1739262841
1076370385
2082183364
1954873171
1895000270
1258459911
1571845526
236784930
760876267
1717010016
706230194
97713933
20239854
1385792842
622011094
1919458551
1651072379
1275853453
2073003635
1450336387
1280017726
796463279
1765067880
236222354
866234273
177432231
213393064
186799579
1306856148
2074910789
938299326
731891433
1705715167
209743905
1768172754
151521492
1607841181
1183539333
234579563
432575187
744753145
540468472
1108816618
1471615874
390972396
1498417718
811547869
440986261
970763726
1325878225
2146368476
1993880555
536531183
906163810
1232021890
302251836
1059056720
1236658847
1720856697
1595748986
1346076296
164199802
79679880
1498854946
683811434
1694462210
281641429
1655596375
2069430380
407971059
1783690443
458222237
1422574837
1433634824
1844478748
382001303
1328668622
175564936
157931368
1322316448
984430558
1722786632
282217380
450034455
2004217104
1730523061
1380227521
72363140
317132094
1185622162
1273742902
113205240
1702574651
2079395228
911282845
1427804150
89735295
1712127307
850534680
1497034208
390162034
2046872244
1874262925
727562063
946476792
1936813495
1390537952
680099255
1297491320
1324861633
1461429972
173429430
1390061087
1082359338
92302076
1174126482
916366466
477839577
46506323
899361620
1755326612
600556312
753643639
199276926
303441709
339094170
2058373896
357144877
1164757104
1653297600
408379909
1477240625
688708094
292916827
954315997
1401851159
583228130
177803437
174806898
1147372984
1375882611
232085439
47528798
2111650226
469170547
1534123217
1105926276
1046379378
839247383
774889823
2002711644
204960555
24379888
797535829
216913452
957212918
976534529
973681570
749225794
1970805506
1425264595
1382602610
86606998
1232225582
1441110336
1842972598
202018960
1161730440
1777081025
842959840
1879136188
976187295
1513573454
519328456
1675569793
278034114
1422108099
1948157764
1118394761
475524620
999806506
1795256924
2078732931
1508509060
1295715461
1938361807
259733802
1762833547
264496618
316774000
1638447793
1572658338
123791866
1264619711
1347039983
1002233589
616856891
1876129779
122053047
560716768
1171824808
382561824
376677297
1190253432
497557417
1012987596
616803036
2122813003
527475286
368536392
707271448
955727489
711962646
1305652613
666325738
814111437
1214186046
970995667
1282753167
676464965
37374750
1541839707
1360704758
1904904796
1158953790
1883382586
240719847
931337427
513174290
1515724606
94458781
273909088
2144020508
1070578719
387614167
2117473287
1026721409
1513118878
199612254
356770035
1580407135
467998370
932493048
1765765591
1366983658
1941949065
279554912
2121838175
1076323447
496743023
1774751007
1751931378
1108146615
2055598142
801699177
971354904
258779949
365967468
1627663021
2094675430
1344943830
791934731
1188034266
1504391183
250010203
925020333
999265512
147469951
333985502
305891668
209633357
906893471
157643909
1630393256
298869333
1349066360
450069770
865601241
1121020351
792888277
1122348802
1228294722
710644330
2133224606
1604884283
1487010441
1768271506
1329778307
286353579
1776119813
1049416497
2039870210
1716033583
1791033362
1602982148
969021361
778979348
1976842439
1650798385
1258628596
521278438
1352780312
890995622
2129745547
473917949
1947858018
111620879
661635242
1447835504
1360138870
31417276
2127751407
2089405821
1496755285
1192143655
1259750886
312817089
1818871799
557495200
294422291
345887958
553723146
308321268
2033991929
1139640517
68282995
1588493443
299209720
327445309
496891538
118935509
1624463080
1200971047
899423943
1529829334
1225036155
832588607
507729247
1534796534
1680868402
1027559074
1861972081
948759563
1773346511
1941741685
1808853408
295198406
2039514450
1251090450
1433008677
443329117
853713904
522325320
1609509871
2061862135
153429507
1402323178
1662479779
111224185
823624580
1744858650
800777349
1808754555
1217168037
1501205344
356728726
1885486449
722861707
1024013561
541420295
709190215
952935945
1276648435
919946417
100491059
514429930
1972473986
2094606462
2058261946
517597348
154158748
121786803
1798874164
1947970960
494941169
197152258
611799619
93486147
2061213378
26089292
1409216316
956828259
1707317194
1538100713
972115015
838960967
1042153392
703791225
807626613
443506762
1091740708
1634779674
1537536395
231392731
1930418307
1872188499
1067647974
263272001
1759146225
422340959
1762943941
1219068112
808506350
1138569536
876977250
1214281262
2090881034
1295876057
531502590
2119493188
184823448
622630470
1818933026
42666921
1316927689
613535947
473780573
1197594649
773958369
452591394
1798943481
1423873781
1900817308
1550620513
647880015
1013346338
1074200055
1790272695
19710278
1108680144
2051628533
1080161986
899845505
1411742028
18389237
2020744942
1954496886
719015685
1621719576
1852295289
965046336
799504221
161214673
983984504
2083165981
1770140446
682213013
1293774459
1451796406
77177938
2147033955
2122484005
1743452725
259496728
806990573
852678952
1496420709
1686650831
907181799
1970818492
1778396429
560300465
2124558350
1773600907
374378542
985383232
1060879947
1311784559
1514944884
1024716255
1070343016
1731032621
1425230666
13541036
1054418203
1145887849
1522415583
708729601
337762390
621476447
248688876
625415259
798980738
2062598403
1271519782
1762486407
2015763117
2086330373
1758375888
1641376560
572649469
524985794
323413030
307650946
1513229550
1835627521
1622414414
1845593854
625674259
1223369962
461947137
1777648805
677575919
1552372666
980040931
1521158771
1568994462
1998778450
377212019
691145493
234634396
1031561453
1802099105
1738394896
1901923849
424801744
716103049
170603867
132094974
672285330
1980187272
1870652176
1331262747
1542121667
568965650
407665493
495885855
649909615
855301838
857099961
878923803
1626913781
529571847
650169790
1624400946
856663895
320568669
1728879854
479380750
119997372
540844671
1278100406
1600702970
1575867080
1090078599
1838061894
752739760
1113101681
1593174243
588079629
1445993183
269930807
2126290145
1635882600
1631942054
1664275360
748735095
323690351
575148482
87061443
2044746153
2043328235
396278873
211066746
1098887196
1630848674
131273154
3240526
1656044424
524496813
1477660756
820928230
279562519
1169664207
425917976
42672954
1562288895
1520341348
1897741068
140142327
630742522
1312529278
1246033437
1026689024
1977366651
1321201411
567810655
310819951
383854343
38760974
1770412275
48315409
181927117
815087060
1906801307
997938386
1769286932
1362232949
1882001454
1414235714
750491328
495234829
692369577
1745956102
11765114
1438188984
1305960875
1679202102
1270559503
166165765
1757089421
562196794
1426225496
1868770498
1201295946
154460373
69311040
1109832240
1556163957
159017665
1051555376
1393159484
891172815
11144862
1933095579
749885822
922057467
1096112284
694171728
144879070
585205132
1010988587
132307329
67724690
989459408
1564646547
1244446517
652287105
706787176
389220279
1781251784
773975276
1212694058
1176762040
1278629103
740104308
1921113340
723786619
2141046634
955835109
705839145
60383940
493416661
1038497371
1191392704
454960793
276494872
1418734524
1733323199
961787000
808486570
1603996237
1512160882
1311880502
231193896
1025964087
1693065099
1136969084
1119569216
1898660210
947901363
588925147
1500484507
1373938981
1517108359
1336930636
739144364
168209553
680212185
213147733
615481648
511346824
927275866
310221021
1471130917
1616094068
72573432
534799429
1695709855
1873324105
230193378
611713082
374062838
1805462424
93538614
574108801
1229928185
445964312
1084444756
1447565644
946319982
1921382571
81743601
1787622293
1820352869
1793871383
636064083
286599929
491682561
1459762421
1500875142
995755612
1791317382
312075223
520123501
277993975
369058898
1334329446
1838193409
171176659
459533413
1950221851
1750894322
1693796439
1977473628
1971875639
1572798110
47371417
399648378
1648511025
576409358
777011644
1864829097
1175793536
1476506831
243008916
1497823851
1517884073
113958155
1814092449
1493526733
2027026975
2022914869
865568619
829830417
552588716
1965554424
1938007771
1089172139
335040442
1149443672
685556239
528441933
1848312559
1553584899
1089140063
2123235069
1845730244
1174062547
930900551
675990574
798158
1109360893
823043037
520116442
1036324201
1838552875
1970807777
215850160
1270045998
1416342685
795446003
1428263523
159990230
510056842
829549896
1005730223
795227730
992421275
846895133
207979318
1253687716
2124291484
2083630857
290144705
116981707
1428732827
1783843038
1636770089
738706982
1701622337
1834190694
1520877582
976857787
1898448578
772680383
1055615548
1257863659
684513848
805804738
26041446
383031384
1017239508
368858986
1709885727
1472060949
1800841159
609061429
599295031
917848452
1663711589
1903395267
965959473
397339021
1620881888
1198526641
838840192
221054972
576027862
1387260801
1749267248
852713607
725487901
594379771
504345540
1350367004
1653860556
1851474335
537873309
1334387534
427847123
1167225567
2003300931
911371938
178755663
1643757379
216945532
738952316
1289950675
970191892
1795282695
1747134875
1868115230
710868577
660301813
229696218
998534956
734514598
1972917245
117094164
2028559267
230420264
119923502
1771654825
1419426182
1128760211
296538869
836363928
1528559338
942569971
117509616
287690168
598716744
146015457
1727862578
112903380
1342330836
578315633
942292926
1886312664
2081360411
1311663935
1122775680
1572932294
1632655205
2023305055
664241384
11166834
251055561
625586456
1043349192
1853046446
55853254
919144093
1746417712
481159694
1034807414
1797931416
1303702003
17483751
844833267
47546537
1806150101
1244700580
891460774
750828672
1574641057
1687400608
2025291808
824373517
120303739
109455114
592062824
1188147954
1353307209
1883944179
1788107788
1794380753
40393096
944278462
1767232234
722860379
263470967
1418993148
1612866089
2105899342
2083296467
2129297391
1538450265
958099029
8467235
1187650293
1840822488
1498030589
1587406579
1866649319
554874162
1958686350
876042870
446181712
752821783
604738608
326756206
2009547072
1006755613
1449995359
1875526552
1326064674
2109632190
570714114
1276644817
2072155687
1408296753
1210776203
1680530400
345478049
2126132389
1623834341
1257847859
833173444
1811266196
107785248
1372593338
168594240
814359980
986295468
721055886
1917409603
1668797947
196669018
408549640
1715736197
